Epoch,Train Loss,Train Accuracy,Val Loss,Val Accuracy
0,2.348009777069092,60.133333333333326,2.0898526430130007,63.948293172690754
1,1.8590688943862914,67.26666666666667,2.587855100631714,59.16917670682731
2,1.7300466775894165,67.46666666666667,3.328353261947632,55.87600401606424
3,1.4606996774673462,67.4,3.788201427459717,55.625
4,1.2127399682998656,68.6,4.007518196105957,55.78564257028113
5,0.9590166449546814,70.4,4.1055622577667235,55.79819277108434
6,0.6948135733604431,76.26666666666667,4.1144694805145265,55.79819277108434
7,0.4030546426773071,83.26666666666668,4.009402179718018,55.79819277108434
8,0.189834389090538,93.66666666666667,3.877330493927002,55.79819277108434
9,0.10647074282169341,98.26666666666668,3.851197862625122,55.79819277108434
10,0.0720783032476902,99.33333333333334,3.8578423976898195,55.79819277108434
11,0.051780018210411075,99.66666666666667,3.7853213787078857,55.79819277108434
12,0.04915784075856209,99.66666666666666,3.717901611328125,55.79819277108434
13,0.04823165610432625,99.93333333333334,3.6411615371704102,55.79819277108434
14,0.04555528238415718,100.0,3.57041392326355,55.79819277108434
15,0.04402368515729904,100.0,3.4902954578399656,55.79819277108434
16,0.042856355756521226,99.93333333333334,3.410324716567993,55.79819277108434
17,0.03871389254927635,100.0,3.3350893020629884,55.79819277108434
18,0.039389634132385255,100.0,3.2499899864196777,55.79819277108434
19,0.03790460154414177,100.0,3.1714343070983886,55.79819277108434
20,0.03612766712903977,100.0,3.094012498855591,55.79819277108434
21,0.03477010279893875,100.0,3.0027000427246096,55.79819277108434
22,0.03389209471642971,100.0,2.915570592880249,55.79819277108434
23,0.03346954509615898,100.0,2.8261680603027344,55.79819277108434
24,0.03313245363533497,100.0,2.744598722457886,55.79819277108434
25,0.03483595848083496,100.0,2.6651494026184084,55.79819277108434
26,0.03428552895784378,100.0,2.5873640060424803,55.79819277108434
27,0.03409258872270584,100.0,2.5179213523864745,55.79819277108434
28,0.03377338573336601,100.0,2.449776315689087,55.7956827309237
29,0.033721665292978285,100.0,2.3870252132415772,55.7956827309237
30,0.033211900293827055,100.0,2.3297995567321776,55.7956827309237
31,0.03345666751265526,100.0,2.274997091293335,55.7956827309237
32,0.033379151672124865,100.0,2.2227502822875977,55.79317269076306
33,0.03392423316836357,100.0,2.177489161491394,55.79317269076306
34,0.03476311042904854,100.0,2.1311477184295655,55.795682730923694
35,0.03374262899160385,100.0,2.093839740753174,55.795682730923694
36,0.03319561630487442,100.0,2.0556917428970336,55.795682730923694
37,0.03395619988441467,100.0,2.022172951698303,55.795682730923694
38,0.03370414972305298,100.0,1.9947317600250245,55.795682730923694
39,0.03400234207510948,100.0,1.9647090911865235,55.795682730923694
40,0.03405541852116585,100.0,1.9404708862304687,55.795682730923694
41,0.033482494205236434,100.0,1.918294334411621,55.795682730923694
42,0.034429142624139784,100.0,1.8982215404510498,55.79819277108434
43,0.03356062173843384,100.0,1.8781348705291747,55.79819277108434
44,0.03450975827872753,100.0,1.859993839263916,55.803212851405625
45,0.03340236023068428,100.0,1.8441514253616333,55.803212851405625
46,0.03364309817552567,100.0,1.8309458255767823,55.80572289156627
47,0.0340129479765892,100.0,1.8193958044052123,55.79819277108434
48,0.032902346551418306,100.0,1.8081432342529298,55.79819277108434
49,0.03380519524216652,100.0,1.797525405883789,55.79819277108434
50,0.03354306146502495,100.0,1.7876551389694213,55.79819277108434
51,2.348009777069092,60.133333333333326,2.0919111251831053,63.948293172690754
52,1.8254481077194213,67.23333333333332,3.3472986698150633,55.83835341365462
53,1.3123884916305542,66.29999999999998,4.093710041046142,55.51455823293173
54,0.8966870427131652,71.96666666666667,4.273320055007934,55.79819277108434
55,0.4237847924232483,81.6,4.209208917617798,55.79819277108434
56,0.12015069574117661,95.6,4.064421510696411,55.79819277108434
57,0.04135830253362656,99.56666666666665,3.915163993835449,55.79819277108434
58,0.02275606170296669,99.93333333333332,3.7839595317840575,55.79819277108434
59,0.014368493668735027,99.96666666666667,3.6750370025634767,55.79819277108434
60,0.010071351192891598,100.0,3.594096565246582,55.79819277108434
61,0.00724256169050932,100.0,3.5302396774291993,55.79819277108434
62,0.006092042289674282,100.0,3.3635282039642336,55.79819277108434
63,0.0058116034604609014,100.0,3.2201223373413086,55.79819277108434
64,0.005839394032955169,100.0,3.0933101654052733,55.79819277108434
65,0.005699801817536354,100.0,2.986070394515991,55.79819277108434
66,0.0058390629477798935,100.0,2.89528865814209,55.79819277108434
67,0.00549159748479724,100.0,2.8188061237335207,55.79819277108434
68,0.005539445206522942,100.0,2.7525153160095215,55.79819277108434
69,0.0055877180770039555,100.0,2.6954726696014406,55.79819277108434
70,0.005495599750429392,100.0,2.652679109573364,55.79819277108434
71,0.005488869547843933,100.0,2.616862392425537,55.79819277108434
72,0.005558571964502335,100.0,2.582191753387451,55.79819277108434
73,0.005384893622249365,100.0,2.554183006286621,55.79819277108434
74,0.0055805609561502935,100.0,2.5297164916992188,55.79819277108434
75,0.0055850442498922345,100.0,2.5117119789123534,55.79819277108434
76,0.005572278331965208,100.0,2.4977529525756834,55.79819277108434
77,0.005390026513487101,100.0,2.4875988006591796,55.79819277108434
78,0.005328088533133268,100.0,2.474382209777832,55.79819277108434
79,0.005518622137606144,100.0,2.4692152976989745,55.79819277108434
80,0.005325445532798767,100.0,2.461046028137207,55.79819277108434
81,0.005502131301909685,100.0,2.4563196182250975,55.79819277108434
82,0.005337350256741047,100.0,2.4536381721496583,55.79819277108434
83,0.005548832193017006,100.0,2.44887638092041,55.79819277108434
84,0.005551785044372082,100.0,2.448646879196167,55.79819277108434
85,0.005450894590467215,100.0,2.4482929706573486,55.79819277108434
86,0.005502555146813392,100.0,2.4457891941070558,55.79819277108434
87,0.005645403359085322,100.0,2.4427212715148925,55.79819277108434
88,0.0052997887134552,100.0,2.443613052368164,55.79819277108434
89,0.005405070818960666,100.0,2.442237663269043,55.79819277108434
90,0.00555783873423934,100.0,2.441844844818115,55.79819277108434
91,0.005340058915317058,100.0,2.4374746322631835,55.79819277108434
92,0.005393126048147678,100.0,2.4380980014801024,55.79819277108434
93,0.005410361662507057,100.0,2.438948631286621,55.79819277108434
94,0.0054126961156725885,100.0,2.438449001312256,55.79819277108434
95,0.005443087685853243,100.0,2.4360387325286865,55.79819277108434
96,0.005260434653609991,100.0,2.433242988586426,55.79819277108434
97,0.005515638273209333,100.0,2.432366132736206,55.79819277108434
98,0.005504809971898794,100.0,2.432926797866821,55.79819277108434
99,0.00562489265576005,100.0,2.4343097686767576,55.79819277108434
100,0.005444855801761151,100.0,2.435578441619873,55.79819277108434
101,0.005443266965448857,100.0,2.4303727626800535,55.79819277108434
