Epoch,Repetition 1,Repetition 2,Repetition 3,Repetition 4,Repetition 5
0,2.481065034866333,2.393953561782837,2.4517316818237305,2.389176845550537,2.0241217613220215
1,1.8610154390335083,1.7546193599700928,1.9023997783660889,1.8906620740890503,1.8866478204727173
2,1.7978757619857788,1.6764748096466064,1.7336946725845337,1.7187689542770386,1.723419189453125
3,1.511827826499939,1.3991669416427612,1.389453411102295,1.5168240070343018,1.486226201057434
4,1.2817336320877075,1.1741355657577515,1.0464808940887451,1.3059360980987549,1.2554136514663696
5,1.0443872213363647,0.9223230481147766,0.8044936656951904,1.0297504663467407,0.9941288232803345
6,0.6991053223609924,0.686468243598938,0.605523407459259,0.7699801325798035,0.7129907608032227
7,0.3847976326942444,0.44300395250320435,0.3939177989959717,0.42247167229652405,0.3710821568965912
8,0.16186173260211945,0.22625425457954407,0.2108844518661499,0.20958270132541656,0.14058880507946014
9,0.09854880720376968,0.13160763680934906,0.09537525475025177,0.11451280117034912,0.09230921417474747
10,0.06441573053598404,0.09492814540863037,0.05964617058634758,0.07317588478326797,0.06822558492422104
11,0.044752828776836395,0.07048863917589188,0.04305935278534889,0.052514661103487015,0.04808460921049118
12,0.041059091687202454,0.06620392203330994,0.04220040142536163,0.05031999945640564,0.04600578919053078
13,0.04222831875085831,0.06321580708026886,0.04025988653302193,0.049704477190971375,0.04574979096651077
14,0.03850996866822243,0.060659103095531464,0.039735451340675354,0.04692550003528595,0.04194638878107071
15,0.03690243884921074,0.052507657557725906,0.04058976471424103,0.04582260176539421,0.044295962899923325
16,0.039636701345443726,0.04828719422221184,0.040873609483242035,0.045448143035173416,0.04003613069653511
17,0.03472822159528732,0.04204249009490013,0.039407242089509964,0.03985192999243736,0.03753957897424698
18,0.03630171716213226,0.043757032603025436,0.03603529557585716,0.03982999175786972,0.04102413356304169
19,0.03469226509332657,0.04125553369522095,0.038546860218048096,0.03748081624507904,0.037547532469034195
20,0.033403296023607254,0.040404558181762695,0.035196609795093536,0.03582148253917694,0.035812389105558395
21,0.03335091471672058,0.0368427038192749,0.03239553049206734,0.03610607981681824,0.0351552851498127
22,0.032335277646780014,0.03714250773191452,0.030777012929320335,0.03573479503393173,0.03347088024020195
23,0.03210335597395897,0.035851188004016876,0.032393600791692734,0.03326426073908806,0.03373531997203827
24,0.030275361612439156,0.0343184657394886,0.034397006034851074,0.033435482531785965,0.033235952258110046
25,0.033170413225889206,0.03600866347551346,0.035823311656713486,0.03539763763546944,0.03377976641058922
26,0.03045334294438362,0.035947468131780624,0.03832636773586273,0.033225879073143005,0.03347458690404892
27,0.032020360231399536,0.03612346947193146,0.03225530683994293,0.03578557074069977,0.03427823632955551
28,0.03243241831660271,0.034711942076683044,0.03271469101309776,0.034572940319776535,0.03443493694067001
29,0.0316319465637207,0.034784745424985886,0.03442681208252907,0.03389250487089157,0.033872317522764206
30,0.032288920134305954,0.03396870195865631,0.03250860795378685,0.034190382808446884,0.033102888613939285
31,0.0311041958630085,0.034599706530570984,0.03303365409374237,0.0354996882379055,0.033046092838048935
32,0.030489560216665268,0.03425118327140808,0.035014864057302475,0.033523280173540115,0.033616870641708374
33,0.03277071565389633,0.03370631858706474,0.03351648151874542,0.036000270396471024,0.033627379685640335
34,0.03191189467906952,0.03840357065200806,0.03467606380581856,0.03343828767538071,0.03538573533296585
35,0.03125263378024101,0.03413715958595276,0.03353402391076088,0.03482724726200104,0.03496208041906357
36,0.03263303264975548,0.03474930673837662,0.032138556241989136,0.03277468681335449,0.03368249908089638
37,0.03221913054585457,0.03493247926235199,0.0349825918674469,0.03375861421227455,0.033888183534145355
38,0.03149866312742233,0.03622608259320259,0.03320901468396187,0.03462730348110199,0.03295968472957611
39,0.03211905062198639,0.03656293824315071,0.033063169568777084,0.034301307052373886,0.03396524488925934
40,0.032075513154268265,0.035290442407131195,0.03458339348435402,0.03482658043503761,0.03350116312503815
41,0.031646884977817535,0.033647727221250534,0.03398509696125984,0.03355344012379646,0.0345793217420578
42,0.03165823221206665,0.03363807871937752,0.03665130212903023,0.036823537200689316,0.03337456285953522
43,0.0324818380177021,0.03417869284749031,0.03139062225818634,0.034791551530361176,0.03496040403842926
44,0.03116312064230442,0.035702601075172424,0.034903597086668015,0.03461939096450806,0.03616008162498474
45,0.031921859830617905,0.03359679505228996,0.033435966819524765,0.03402995690703392,0.03402722254395485
46,0.031537532806396484,0.03486699238419533,0.033217791467905045,0.034604761749506,0.03398841246962547
47,0.032409101724624634,0.03552651405334473,0.0345192588865757,0.033333174884319305,0.03427669033408165
48,0.031792037189006805,0.03392203152179718,0.03155514970421791,0.03386553376913071,0.03337698057293892
49,0.03131699934601784,0.03375089168548584,0.03393121808767319,0.03575441241264343,0.0342724546790123
50,0.030795682221651077,0.03442388400435448,0.03264680132269859,0.03598328307271004,0.033865656703710556
51,2.481065034866333,2.393953561782837,2.4517316818237305,2.389176845550537,2.0241217613220215
52,1.8845405578613281,1.6922410726547241,1.8736412525177002,1.8408164978027344,1.8360011577606201
53,1.3428410291671753,1.2399482727050781,1.2845017910003662,1.3286710977554321,1.3659802675247192
54,0.9478929042816162,0.8500884175300598,0.7896672487258911,0.9155255556106567,0.9802610874176025
55,0.44796445965766907,0.4383162558078766,0.39175570011138916,0.4739983081817627,0.36688923835754395
56,0.12606561183929443,0.1394965499639511,0.10245321691036224,0.15043213963508606,0.08230596035718918
57,0.03855106607079506,0.04504972696304321,0.034224312752485275,0.040488459169864655,0.04847794771194458
58,0.020130058750510216,0.025510968640446663,0.021739110350608826,0.019750379025936127,0.02664979174733162
59,0.014297292567789555,0.015546176582574844,0.014688767492771149,0.01171191968023777,0.015598312020301819
60,0.00991794653236866,0.009648211300373077,0.012181844562292099,0.008130225352942944,0.010478528216481209
61,0.0073249307461082935,0.006867416203022003,0.009181891568005085,0.005781584419310093,0.007056985516101122
62,0.006042714696377516,0.005737084895372391,0.007834142073988914,0.005237650591880083,0.005608619190752506
63,0.005998298060148954,0.005930649116635323,0.007106055039912462,0.004568625241518021,0.0054543898440897465
64,0.005890005733817816,0.005316597409546375,0.007429795805364847,0.004685482010245323,0.005875089205801487
65,0.005500893108546734,0.0055290088057518005,0.007219503168016672,0.0047457958571612835,0.00550380814820528
66,0.0062194583006203175,0.005374852102249861,0.007288780994713306,0.004795575514435768,0.005516647826880217
67,0.005684475414454937,0.005488436669111252,0.0070342812687158585,0.004281771834939718,0.004969022236764431
68,0.005638064816594124,0.0052727749571204185,0.007160757668316364,0.00442596897482872,0.005199659615755081
69,0.00578342704102397,0.005219855811446905,0.0072169313207268715,0.004287414252758026,0.005430961959064007
70,0.0059738727286458015,0.004884801805019379,0.006946214474737644,0.0043108053505420685,0.005362304393202066
71,0.005771827884018421,0.0051237186416983604,0.00684311892837286,0.004317834973335266,0.005387847311794758
72,0.005524271633476019,0.005248479079455137,0.007215130142867565,0.004612120799720287,0.005192858166992664
73,0.005189166404306889,0.0054129306226968765,0.006918555591255426,0.004361847415566444,0.005041968077421188
74,0.005857211071997881,0.00534476526081562,0.007133818231523037,0.004461378790438175,0.005105631425976753
75,0.005339988972991705,0.005414239130914211,0.007221095263957977,0.004476666916161776,0.005473230965435505
76,0.0053798481822013855,0.005549772642552853,0.007132282480597496,0.004533636383712292,0.005265851970762014
77,0.005142706446349621,0.004995164927095175,0.00683502247557044,0.004594358615577221,0.005382880102843046
78,0.00534099992364645,0.005068372935056686,0.006902843713760376,0.004128242377191782,0.005199983716011047
79,0.0054998863488435745,0.005227881483733654,0.007048618048429489,0.004560464061796665,0.005256260745227337
80,0.005353613290935755,0.005182337947189808,0.006606723181903362,0.004278256557881832,0.005206296686083078
81,0.005866572260856628,0.005209917202591896,0.006701533682644367,0.004356745630502701,0.005375887732952833
82,0.005474916659295559,0.005107100587338209,0.006611881777644157,0.004231409169733524,0.005261443089693785
83,0.005606498569250107,0.005474278703331947,0.007018674165010452,0.004554149694740772,0.005090559832751751
84,0.0054755499586462975,0.005190335214138031,0.007236510515213013,0.004346903413534164,0.005509626120328903
85,0.0055347103625535965,0.005136162508279085,0.006730135530233383,0.0046043386682868,0.005249125882983208
86,0.005409066565334797,0.005302096717059612,0.0069185709580779076,0.004483960568904877,0.00539908092468977
87,0.00535452738404274,0.005444103851914406,0.007208357565104961,0.004673351999372244,0.005546675994992256
88,0.005294164177030325,0.005011461209505796,0.007073964923620224,0.004158472642302513,0.0049608806148171425
89,0.0052979206666350365,0.005206810310482979,0.007031344808638096,0.004239359404891729,0.005249918904155493
90,0.005692685954272747,0.00536800641566515,0.006888857111334801,0.004396271426230669,0.005443372763693333
91,0.005555655341595411,0.00493406830355525,0.006827055476605892,0.004218424204736948,0.005165091250091791
92,0.005607781931757927,0.0051426636055111885,0.0068025654181838036,0.004339201841503382,0.005073417443782091
93,0.005418490618467331,0.005188420414924622,0.007135748863220215,0.004327011294662952,0.004982137121260166
94,0.005337423179298639,0.00525101600214839,0.00663925614207983,0.004394230432808399,0.005441554822027683
95,0.005678325891494751,0.005183937028050423,0.006971798837184906,0.004199696239084005,0.005181680433452129
96,0.00526470085605979,0.005072351545095444,0.006582232192158699,0.0041831424459815025,0.00519974622875452
97,0.005305387079715729,0.0051420871168375015,0.006971696857362986,0.004899812862277031,0.00525920744985342
98,0.005753563717007637,0.005304017104208469,0.006684960797429085,0.0042353421449661255,0.005546166095882654
99,0.005996357183903456,0.005190211348235607,0.007241449784487486,0.004281776957213879,0.005414668004959822
100,0.005629867315292358,0.005175949074327946,0.006837750319391489,0.004380655009299517,0.005200057290494442
101,0.0053453706204891205,0.0051687597297132015,0.0073460740968585014,0.004417853429913521,0.0049382769502699375
