Epoch,Repetition 1,Repetition 2,Repetition 3,Repetition 4,Repetition 5
0,59.733333333333334,58.733333333333334,59.06666666666667,60.13333333333333,63.0
1,68.66666666666667,66.33333333333333,65.33333333333333,68.66666666666667,67.33333333333333
2,68.33333333333333,65.66666666666667,67.66666666666667,68.66666666666667,67.0
3,68.0,64.0,71.0,68.0,66.0
4,67.66666666666667,69.33333333333333,71.0,66.33333333333333,68.66666666666667
5,69.0,73.66666666666667,69.66666666666667,69.33333333333333,70.33333333333333
6,73.0,79.0,79.0,74.0,76.33333333333333
7,82.0,84.66666666666667,85.66666666666667,81.0,83.0
8,96.0,92.66666666666667,92.0,91.0,96.66666666666667
9,99.0,97.0,99.0,97.66666666666667,98.66666666666667
10,99.66666666666667,97.66666666666667,100.0,99.66666666666667,99.66666666666667
11,100.0,98.66666666666667,100.0,99.66666666666667,100.0
12,100.0,98.33333333333333,100.0,100.0,100.0
13,100.0,99.66666666666667,100.0,100.0,100.0
14,100.0,100.0,100.0,100.0,100.0
15,100.0,100.0,100.0,100.0,100.0
16,100.0,99.66666666666667,100.0,100.0,100.0
17,100.0,100.0,100.0,100.0,100.0
18,100.0,100.0,100.0,100.0,100.0
19,100.0,100.0,100.0,100.0,100.0
20,100.0,100.0,100.0,100.0,100.0
21,100.0,100.0,100.0,100.0,100.0
22,100.0,100.0,100.0,100.0,100.0
23,100.0,100.0,100.0,100.0,100.0
24,100.0,100.0,100.0,100.0,100.0
25,100.0,100.0,100.0,100.0,100.0
26,100.0,100.0,100.0,100.0,100.0
27,100.0,100.0,100.0,100.0,100.0
28,100.0,100.0,100.0,100.0,100.0
29,100.0,100.0,100.0,100.0,100.0
30,100.0,100.0,100.0,100.0,100.0
31,100.0,100.0,100.0,100.0,100.0
32,100.0,100.0,100.0,100.0,100.0
33,100.0,100.0,100.0,100.0,100.0
34,100.0,100.0,100.0,100.0,100.0
35,100.0,100.0,100.0,100.0,100.0
36,100.0,100.0,100.0,100.0,100.0
37,100.0,100.0,100.0,100.0,100.0
38,100.0,100.0,100.0,100.0,100.0
39,100.0,100.0,100.0,100.0,100.0
40,100.0,100.0,100.0,100.0,100.0
41,100.0,100.0,100.0,100.0,100.0
42,100.0,100.0,100.0,100.0,100.0
43,100.0,100.0,100.0,100.0,100.0
44,100.0,100.0,100.0,100.0,100.0
45,100.0,100.0,100.0,100.0,100.0
46,100.0,100.0,100.0,100.0,100.0
47,100.0,100.0,100.0,100.0,100.0
48,100.0,100.0,100.0,100.0,100.0
49,100.0,100.0,100.0,100.0,100.0
50,100.0,100.0,100.0,100.0,100.0
51,59.733333333333334,58.733333333333334,59.06666666666667,60.13333333333333,63.0
52,66.83333333333333,66.0,67.66666666666667,67.83333333333333,67.83333333333333
53,66.33333333333333,66.5,67.83333333333333,65.83333333333333,65.0
54,70.16666666666667,73.33333333333333,73.33333333333333,71.0,72.0
55,78.5,81.0,84.66666666666667,80.0,83.83333333333333
56,95.0,94.83333333333333,96.5,93.16666666666667,98.5
57,99.83333333333333,99.33333333333333,100.0,99.83333333333333,98.83333333333333
58,100.0,99.83333333333333,100.0,100.0,99.83333333333333
59,100.0,100.0,100.0,100.0,99.83333333333333
60,100.0,100.0,100.0,100.0,100.0
61,100.0,100.0,100.0,100.0,100.0
62,100.0,100.0,100.0,100.0,100.0
63,100.0,100.0,100.0,100.0,100.0
64,100.0,100.0,100.0,100.0,100.0
65,100.0,100.0,100.0,100.0,100.0
66,100.0,100.0,100.0,100.0,100.0
67,100.0,100.0,100.0,100.0,100.0
68,100.0,100.0,100.0,100.0,100.0
69,100.0,100.0,100.0,100.0,100.0
70,100.0,100.0,100.0,100.0,100.0
71,100.0,100.0,100.0,100.0,100.0
72,100.0,100.0,100.0,100.0,100.0
73,100.0,100.0,100.0,100.0,100.0
74,100.0,100.0,100.0,100.0,100.0
75,100.0,100.0,100.0,100.0,100.0
76,100.0,100.0,100.0,100.0,100.0
77,100.0,100.0,100.0,100.0,100.0
78,100.0,100.0,100.0,100.0,100.0
79,100.0,100.0,100.0,100.0,100.0
80,100.0,100.0,100.0,100.0,100.0
81,100.0,100.0,100.0,100.0,100.0
82,100.0,100.0,100.0,100.0,100.0
83,100.0,100.0,100.0,100.0,100.0
84,100.0,100.0,100.0,100.0,100.0
85,100.0,100.0,100.0,100.0,100.0
86,100.0,100.0,100.0,100.0,100.0
87,100.0,100.0,100.0,100.0,100.0
88,100.0,100.0,100.0,100.0,100.0
89,100.0,100.0,100.0,100.0,100.0
90,100.0,100.0,100.0,100.0,100.0
91,100.0,100.0,100.0,100.0,100.0
92,100.0,100.0,100.0,100.0,100.0
93,100.0,100.0,100.0,100.0,100.0
94,100.0,100.0,100.0,100.0,100.0
95,100.0,100.0,100.0,100.0,100.0
96,100.0,100.0,100.0,100.0,100.0
97,100.0,100.0,100.0,100.0,100.0
98,100.0,100.0,100.0,100.0,100.0
99,100.0,100.0,100.0,100.0,100.0
100,100.0,100.0,100.0,100.0,100.0
101,100.0,100.0,100.0,100.0,100.0
