Epoch,Train Loss,Train Accuracy,Val Loss,Val Accuracy
0,0.16563269048057758,1.514962412441678,0.1544562083454799,1.3338826694727464
1,0.053944019038455596,1.3063945294843657,0.20711049966785686,1.8288807841139485
2,0.03912837393637092,1.0666666666666655,0.2807208395097933,0.5082691876712714
3,0.05527737231173814,2.33238075793812,0.3200469734085996,0.31534736495059174
4,0.09423276196793641,1.5691469727919765,0.35243415213049534,0.02632552329744334
5,0.08803186358985658,1.6918103387266046,0.3446324679494926,0.0
6,0.05299286580886243,2.48014336503177,0.3007845165189507,0.0
7,0.02612281978568152,1.7048949136725917,0.2782723436070763,0.0
8,0.032763103140062734,2.250925735484552,0.31485193903471065,0.0
9,0.014717023849448126,0.7999999999999997,0.2896092875947326,0.0
10,0.012259170881903238,0.8432740427115671,0.24596336772336505,0.0
11,0.009895854112488547,0.5163977794943204,0.23206872796845787,0.0
12,0.009119765647732673,0.6666666666666685,0.225844667558598,0.0
13,0.008154051832836597,0.13333333333333144,0.21673153282035082,0.0
14,0.008081260894957113,0.0,0.2131935574417884,0.0
15,0.005249609174270538,0.0,0.2066650205397089,0.0
16,0.003419429614370066,0.13333333333333144,0.20335944578769802,0.0
17,0.002454384230461129,0.0,0.19485294242645876,0.0
18,0.0029232342018892738,0.0,0.18962417807645793,0.0
19,0.002110328896768459,0.0,0.1882053133537903,0.0
20,0.0023140445972898564,0.0,0.17776822190680613,0.0
21,0.0016662270840732435,0.0,0.17991049571465825,0.0
22,0.002291967050158974,0.0,0.17986844846050132,0.0
23,0.0013273379190234475,0.0,0.173609981249187,0.0
24,0.0015014147186314915,0.0,0.17213048563912822,0.0
25,0.0011450038826776537,0.0,0.1664232094120443,0.0
26,0.0026667041224075322,0.0,0.16482333969614454,0.0
27,0.0017143433379381986,0.0,0.162085401960588,0.0
28,0.0009876085934884165,0.0,0.15739451928706658,0.005020080321284581
29,0.0010996524891995704,0.0,0.15381946309474304,0.005020080321284581
30,0.0007600753683794596,0.0,0.15217188295420553,0.005020080321284581
31,0.00150745525032619,0.0,0.14662090364545632,0.005020080321284581
32,0.0015403256947838684,0.0,0.145674718394296,0.006148317627467132
33,0.0010901746090773378,0.0,0.142280374658635,0.006148317627467132
34,0.002169459660934431,0.0,0.14025787710227755,0.009391710308166478
35,0.001346306443470698,0.0,0.13609015861440005,0.009391710308166478
36,0.0009232623444209504,0.0,0.13372829442959097,0.009391710308166478
37,0.0010067450655774938,0.0,0.13453481122107303,0.009391710308166478
38,0.0016047377492597222,0.0,0.1314112777928043,0.009391710308166478
39,0.0014883709677814398,0.0,0.1274888302968789,0.009391710308166478
40,0.0011511695412988819,0.0,0.12824750481075947,0.009391710308166478
41,0.0009856405718738246,0.0,0.12651621959787895,0.009391710308166478
42,0.0020043444487637947,0.0,0.1235358635855056,0.013748056162276735
43,0.0013949381775745667,0.0,0.12500170642174768,0.013748056162276735
44,0.0017614512701853075,0.0,0.12245597704836016,0.023277154858172115
45,0.0007765495780662026,0.0,0.12109892452272215,0.023277154858172115
46,0.0011963483727132835,0.0,0.12130648586146794,0.028175130924502217
47,0.0010631281479038272,0.0,0.1197090878353188,0.02100050267404829
48,0.0010237666467443906,0.0,0.1190935331724536,0.02100050267404829
49,0.0014302257451516086,0.0,0.11947501550882662,0.02100050267404829
50,0.0017427548581525278,0.0,0.11868570335801966,0.02100050267404829
51,0.16563269048057758,1.514962412441678,0.15581482846042313,1.3338826694727464
52,0.06914646099255407,0.7195677714974297,0.2058628979907845,0.2716647438232732
53,0.044921736694246955,0.9273618495495692,0.3738786641101138,0.3324832206512748
54,0.06868219412547877,1.2578641509408772,0.42425417615746813,0.0
55,0.038936316536780334,2.320440571194282,0.36854021549598653,0.0
56,0.024785636588991435,1.7938165396098273,0.32717995284467355,0.0
57,0.0049768860950678935,0.4294699575575051,0.29039236102633403,0.0
58,0.0028183277242698236,0.08164965809277493,0.26303889595272345,0.0
59,0.0014187614668364444,0.06666666666666855,0.23421338121790478,0.0
60,0.0013107650648266367,0.0,0.20656836738505077,0.0
61,0.0011024892085928846,0.0,0.1794231528522852,0.0
62,0.0009085177695092062,0.0,0.15876014421040507,0.0
63,0.0008242849087346796,0.0,0.13853000418106762,0.0
64,0.0009097299327728584,0.0,0.1222400436769786,0.0
65,0.0008156921003524649,0.0,0.1076188435932866,0.0
66,0.0008549493883156583,0.0,0.09572386301634916,0.0
67,0.0009114656479078116,0.0,0.09033460501783566,0.0
68,0.0009016403400929965,0.0,0.08094098126634061,0.0
69,0.0009532389998736824,0.0,0.0771115451113741,0.0
70,0.0009085821561588932,0.0,0.07317269765928083,0.0
71,0.0008281206984254915,0.0,0.06986930484353564,0.0
72,0.0008798903906033272,0.0,0.06800651166158533,0.0
73,0.0008432598321652893,0.0,0.06529360557767519,0.0
74,0.000896980472330823,0.0,0.06596605230655989,0.0
75,0.0008951973997437527,0.0,0.06509420647180078,0.0
76,0.000853677108027953,0.0,0.06440332320974664,0.0
77,0.000766581332071609,0.0,0.0625537432992071,0.0
78,0.0008948200284860251,0.0,0.05957604979090789,0.0
79,0.0008261560437569631,0.0,0.06487705785872319,0.0
80,0.0007448149856996094,0.0,0.06256861470544144,0.0
81,0.0007726083274567638,0.0,0.06351866032534864,0.0
82,0.0007648839923920521,0.0,0.0617356900219638,0.0
83,0.0008208198200538042,0.0,0.061702470696890395,0.0
84,0.0009410924289759381,0.0,0.06526710395457401,0.0
85,0.0007070935284502666,0.0,0.0611390689807549,0.0
86,0.0007876885556444311,0.0,0.06156220255926731,0.0
87,0.0008393553613219513,0.0,0.060496632392948495,0.0
88,0.0009641915456228688,0.0,0.062638462166355,0.0
89,0.0009031622989723269,0.0,0.06050608667515963,0.0
90,0.0007985200149701164,0.0,0.0609483315058559,0.0
91,0.0008615273735639571,0.0,0.05999283299108862,0.0
92,0.0008134245811879507,0.0,0.05957232585110441,0.0
93,0.0009363022233149194,0.0,0.059032268848809924,0.0
94,0.0007175459768606045,0.0,0.06113647449986487,0.0
95,0.0009026416678334373,0.0,0.06355764687879267,0.0
96,0.0007676957437206177,0.0,0.06297547489669737,0.0
97,0.0007414648117337312,0.0,0.061483972553122344,0.0
98,0.0007884429040874078,0.0,0.06175966276310405,0.0
99,0.0009786056272783946,0.0,0.06407799323264715,0.0
100,0.0008048782346711786,0.0,0.06261422493783822,0.0
101,0.0010012093417922736,0.0,0.061923963718312686,0.0
