Epoch,Train Loss,Train Accuracy,Val Loss,Val Accuracy
0,2.1503187894821165,62.839036755386566,2.11184675693512,63.85720321081537
1,1.3627851963043214,70.53333333333333,1.4321712493896483,70.96324461343472
2,1.140034031867981,75.46666666666667,1.6962372183799743,72.49260667511619
3,0.8446385860443115,78.86666666666667,2.807877850532532,68.2382762991128
4,0.6649336576461792,80.6,3.5827730894088745,62.33629066328687
5,0.5837216854095459,81.13333333333333,3.6803303003311156,59.4169835234474
6,0.5247634291648865,82.53333333333333,2.804169225692749,60.659062103929024
7,0.4643863618373871,83.86666666666667,1.9814345479011535,63.95859738065061
8,0.4179538130760193,86.2,1.5779529452323913,67.52006759611322
9,0.36913315057754514,87.33333333333333,1.4533386945724487,67.65103506548374
10,0.332143634557724,88.46666666666667,1.314857017993927,66.72158850866074
11,0.29513733088970184,89.2,1.2079299926757812,67.52429235318968
12,0.2864742338657379,89.06666666666668,1.1270764827728272,68.0946345585129
13,0.2810097634792328,89.73333333333335,1.0459296703338623,68.78326996197718
14,0.2806396484375,89.86666666666666,0.9704023659229278,69.37051119560624
15,0.27430068254470824,89.86666666666666,0.9069945991039277,69.9873257287706
16,0.26508004665374757,90.26666666666668,0.8424745678901673,70.69708491761723
17,0.25761211216449736,90.26666666666667,0.7855106472969056,71.48711449091677
18,0.2510506272315979,90.53333333333333,0.744246655702591,72.2771440642163
19,0.24672009646892548,90.80000000000001,0.7003884375095367,73.27841149133926
20,0.23892267048358917,91.26666666666668,0.668832665681839,74.19518377693282
21,0.23932471871376038,90.8,0.6054003715515137,75.71609632446135
22,0.2334279954433441,91.60000000000001,0.5697872102260589,77.09759188846641
23,0.23803893625736236,91.26666666666668,0.5350388348102569,78.39459231094212
24,0.23505852222442628,92.0,0.5077904105186463,79.54372623574145
25,0.2338109016418457,91.86666666666666,0.48739112019538877,80.61681453316433
26,0.23080882132053376,92.13333333333334,0.4610069513320923,81.67722855935786
27,0.2319207966327667,91.93333333333332,0.4374731361865997,82.47148288973384
28,0.2339615046977997,91.33333333333334,0.42313084602355955,83.18124207858048
29,0.22830239534378052,92.0,0.40696907639503477,83.83607942543304
30,0.2306945204734802,91.93333333333332,0.41108975410461424,84.33460076045628
31,0.22918145060539247,91.46666666666667,0.3926110744476318,84.77820025348544
32,0.23151836693286895,91.4,0.380618280172348,85.25982256020278
33,0.22967057526111603,91.6,0.377577006816864,85.66117448246726
34,0.2293393462896347,91.8,0.3737854540348053,86.03295310519646
35,0.23194755613803864,91.73333333333332,0.36840385794639585,86.28643852978453
36,0.22936123311519624,91.86666666666666,0.3623953878879547,86.46810308407267
37,0.2266506463289261,91.66666666666666,0.3604372560977936,86.59062103929026
38,0.2265111744403839,92.33333333333334,0.3566460907459259,86.73426277989016
39,0.22902629375457764,92.2,0.3559074759483337,86.85255597803126
40,0.23144313395023347,91.66666666666666,0.3520350277423859,86.97929869032531
41,0.22736278772354127,91.53333333333333,0.3507872760295868,87.10604140261935
42,0.22828500866889953,91.73333333333333,0.3540158271789551,87.21588508660751
43,0.2344342440366745,91.66666666666666,0.34449951648712157,87.32572877059567
44,0.22730587422847748,92.06666666666666,0.3495754063129425,87.40177439797212
45,0.2351935923099518,91.73333333333332,0.3524588942527771,87.44402196873679
46,0.2326098531484604,91.13333333333334,0.34893980622291565,87.482044782425
47,0.2274796724319458,92.00000000000001,0.3496199488639832,87.49894381073088
48,0.22719494104385377,92.06666666666666,0.34630943536758424,87.53274186734264
49,0.23055399656295777,91.66666666666666,0.34917816519737244,87.56653992395438
50,0.22935129404067994,91.6,0.3442389190196991,87.59188846641318
51,2.1503188848495483,62.839036755386566,2.09659104347229,63.85720321081537
52,1.1784932494163514,72.0,1.7057851076126098,67.38065061258976
53,0.8270573258399964,78.36666666666666,3.041927170753479,59.66624419095903
54,0.6014233112335206,80.6,2.5588234663009644,60.17321504013519
55,0.49943508505821227,81.66666666666666,1.8235235333442688,64.4106463878327
56,0.393611466884613,85.63333333333333,1.390306866168976,67.11871567384875
57,0.35848577618598937,86.5,1.021963620185852,69.20574566962401
58,0.32215662598609923,88.23333333333333,0.987308144569397,67.55809040980144
59,0.30119559168815613,89.86666666666667,1.0978594541549682,63.62061681453317
60,0.2682463854551315,89.56666666666666,1.0500593781471252,61.80397127165188
61,0.2563166081905365,90.56666666666666,0.8043122053146362,65.37389100126742
62,0.22531492114067078,91.86666666666667,0.6500734269618988,70.66328686100549
63,0.20855170488357544,92.03333333333333,0.5193511784076691,76.24419095901986
64,0.20497627556324005,92.03333333333333,0.426953649520874,80.40135192226447
65,0.21491858065128328,92.19999999999999,0.3662384867668152,83.54034643008026
66,0.19898020029067992,92.8,0.3234134793281555,85.87663709336714
67,0.183002707362175,92.73333333333332,0.29061723351478574,87.61723700887198
68,0.19925276935100555,93.26666666666668,0.27421538829803466,88.66920152091254
69,0.1867288589477539,93.2,0.2619065999984741,89.33671313899451
70,0.17153365015983582,93.56666666666668,0.2584248334169388,89.75918884664131
71,0.1741539090871811,93.36666666666666,0.25192746222019197,89.99577524292354
72,0.17928004562854766,93.73333333333333,0.24926512241363524,90.19011406844108
73,0.1858234226703644,93.83333333333334,0.2447980284690857,90.32953105196451
74,0.1809794306755066,93.43333333333334,0.24668021202087403,90.3844528939586
75,0.18812831044197081,93.73333333333333,0.24578424394130707,90.46049852133501
76,0.1792755275964737,93.8,0.24488677680492402,90.48162230671736
77,0.17405880689620973,94.16666666666666,0.24363110959529877,90.57034220532319
78,0.17864893674850463,93.9,0.2456284612417221,90.59569074778202
79,0.18218587338924408,93.63333333333334,0.24242027699947358,90.59991550485847
80,0.1715274542570114,93.93333333333332,0.2420816034078598,90.62526404731729
81,0.1697302907705307,94.2,0.24194132387638093,90.66328686100549
82,0.16355856359004975,93.83333333333334,0.24047862887382507,90.63793831854667
83,0.1988059550523758,93.96666666666667,0.240656316280365,90.61681453316434
84,0.1786689966917038,94.1,0.24637610018253325,90.62103929024082
85,0.17385623455047608,93.93333333333334,0.2429896831512451,90.60836501901142
86,0.17069099545478822,93.8,0.23850722014904022,90.66751161808197
87,0.17209585905075073,94.13333333333333,0.24029362499713897,90.6506125897761
88,0.1796463042497635,93.36666666666667,0.2463690608739853,90.65906210392902
89,0.16814354956150054,94.06666666666666,0.24112207293510438,90.63371356147022
90,0.16672929525375366,94.46666666666667,0.2424965411424637,90.64638783269962
91,0.1697804808616638,94.23333333333333,0.24266835451126098,90.65483734685256
92,0.17324815690517426,94.03333333333333,0.2413249731063843,90.63793831854669
93,0.18112311661243438,93.93333333333332,0.24222528636455537,90.60414026193493
94,0.18195052146911622,93.89999999999999,0.24236840307712554,90.65906210392902
95,0.16572040915489197,94.06666666666666,0.24399473965168,90.60414026193493
96,0.1699331670999527,94.19999999999999,0.2428901821374893,90.60836501901142
97,0.18471019566059113,93.89999999999999,0.23978209793567656,90.6759611322349
98,0.17199167013168334,93.56666666666666,0.24275111258029938,90.6759611322349
99,0.17102553844451904,93.96666666666667,0.242774161696434,90.60414026193493
100,0.18143982589244842,93.8,0.2434966892004013,90.61258977608787
101,0.16915688514709473,93.83333333333334,0.24273116886615753,90.61681453316434
102,2.1503188371658326,62.839036755386566,2.127632761001587,63.85720321081537
103,1.1940110683441163,73.60000000000001,1.015428113937378,76.15547106041403
104,0.7881669878959656,78.95555555555555,2.026993680000305,67.30460498521335
105,0.6101629376411438,80.71111111111111,2.767267107963562,56.28643852978454
106,0.5081167161464691,82.42222222222222,2.3475845575332643,56.10899873257288
107,0.3976167142391205,85.33333333333334,1.5422599911689758,62.632023658639625
108,0.3459209680557251,87.5111111111111,1.094829511642456,65.31896915927334
109,0.302767813205719,88.97777777777779,0.967194813489914,65.3781157583439
110,0.26209346055984495,90.06666666666666,0.9668743848800659,63.71778622729194
111,0.2475013852119446,90.53333333333333,0.8846839666366577,65.11618081960287
112,0.23184002935886383,91.13333333333333,0.7310869872570038,68.58893113645965
113,0.2104514718055725,92.06666666666666,0.5761590421199798,73.6417405999155
114,0.20491613447666168,92.02222222222221,0.44917706251144407,78.47063793831855
115,0.2041619151830673,92.28888888888889,0.36597359776496885,82.78411491339247
116,0.1945546418428421,92.82222222222222,0.31144696176052095,85.9611322348965
117,0.19658707082271576,92.71111111111112,0.275763738155365,88.09885931558935
118,0.19043132960796355,92.91111111111111,0.25523358285427095,89.38318546683567
119,0.19077192842960358,92.88888888888889,0.24661157727241517,90.06337135614702
120,0.18580430150032043,92.86666666666666,0.2399038404226303,90.52809463455851
121,0.18177606165409088,93.35555555555557,0.2335650682449341,90.7266582171525
122,0.1849444478750229,93.17777777777778,0.228910893201828,90.91677228559357
123,0.18266238868236542,93.33333333333334,0.22868278324604036,91.01394169835234
124,0.18300384879112244,92.91111111111113,0.2239320158958435,91.0730882974229
125,0.18030083179473877,93.6888888888889,0.22453650832176208,91.14068441064639
126,0.1793009877204895,93.22222222222223,0.22376233637332915,91.18293198141107
127,0.18119275867938994,93.44444444444444,0.22914971113204957,91.22517955217575
128,0.17624807953834534,93.6888888888889,0.22248704433441163,91.22095479509929
129,0.18016684651374817,93.3111111111111,0.22265489101409913,91.2040557667934
130,0.18290030360221862,93.11111111111111,0.22252075076103212,91.19983100971695
131,0.18019041121006013,93.3111111111111,0.22312298715114592,91.21673003802282
132,0.17701630294322968,93.77777777777779,0.22331166565418242,91.19983100971695
133,0.17802072167396546,93.26666666666667,0.2255420446395874,91.19983100971695
134,0.17957790791988373,93.62222222222222,0.22425498962402343,91.17025771018166
135,0.1783192276954651,93.2,0.22447742223739625,91.16180819602873
136,0.17862474918365479,93.4,0.2213235855102539,91.16180819602873
137,0.18052327632904053,93.26666666666668,0.22491028904914856,91.15758343895226
138,0.17608691155910491,93.62222222222222,0.22256404161453247,91.16180819602872
139,0.1788529098033905,93.77777777777779,0.22296046316623688,91.14913392479933
140,0.18043850362300873,93.24444444444444,0.22476297616958618,91.14068441064639
141,0.1765899956226349,93.55555555555556,0.22456207871437073,91.14490916772284
142,0.17763090431690215,93.48888888888888,0.22699095606803893,91.13645965356991
143,0.1796057015657425,93.28888888888889,0.2258097231388092,91.14068441064639
144,0.1787831962108612,93.37777777777778,0.22288331985473633,91.14490916772284
145,0.1772243559360504,93.37777777777778,0.22253539860248567,91.14490916772286
146,0.17567265331745147,93.75555555555556,0.22231797277927398,91.1406844106464
147,0.18003907203674316,93.26666666666667,0.22521316707134248,91.14490916772286
148,0.179952871799469,93.15555555555557,0.2257680505514145,91.14068441064639
149,0.17972126007080078,93.37777777777777,0.22226067185401915,91.14490916772284
150,0.1741575390100479,93.66666666666666,0.22323237657546996,91.14913392479933
151,0.18022693395614625,93.42222222222222,0.22418805360794067,91.1533586818758
152,0.17636748850345613,93.33333333333334,0.22536815106868743,91.1660329531052
153,2.150318741798401,62.839036755386566,2.1018526554107666,63.85720321081537
154,1.0836913466453553,74.58333333333334,1.3268043756484986,73.37980566117449
155,0.6574202895164489,80.26666666666667,2.8455122470855714,55.47950992817913
156,0.4777315199375153,81.75,1.954709529876709,57.76087874947191
157,0.37689811587333677,86.25,1.0535645961761475,65.02323616392057
158,0.31054410338401794,88.41666666666666,0.8931879878044129,64.49514152936207
159,0.26806261837482454,88.95,0.8470919728279114,64.1318124207858
160,0.23391167521476747,90.53333333333333,0.6589898884296417,70.1858893113646
161,0.23604629039764405,90.85,0.4383265495300293,79.45500633713561
162,0.20569412410259247,91.75,0.3262584567070007,85.26827207435572
163,0.1925497144460678,92.56666666666666,0.2461820662021637,89.63667089142375
164,0.1768173962831497,93.51666666666668,0.22487566173076629,91.03929024081114
165,0.17047855257987976,93.4,0.21288141310214997,91.49133924799324
166,0.17759420871734619,93.55,0.20930247008800507,91.72792564427546
167,0.17065467536449433,93.31666666666665,0.20582863986492156,91.89691592733418
168,0.17216504514217376,93.96666666666667,0.20712061524391173,91.89691592733418
169,0.16325036883354188,93.9,0.20080459117889404,92.0152091254753
170,0.16640307307243346,94.2,0.20119021832942963,92.06168145331644
171,0.164619579911232,94.01666666666667,0.20266938507556914,92.09547950992818
172,0.1622286021709442,94.38333333333333,0.1993897080421448,92.13772708069287
173,0.1609671801328659,94.4,0.20075052082538605,92.15040135192228
174,0.15988334119319916,94.39999999999999,0.1982469767332077,92.20109843683989
175,0.15386521816253662,94.33333333333334,0.1949268490076065,92.24757076468103
176,0.15679812133312226,94.54999999999998,0.19568949043750763,92.24334600760457
177,0.1580996960401535,94.61666666666666,0.19517358839511872,92.26024503591044
178,0.15408428609371186,94.38333333333334,0.19537804424762725,92.29404309252217
179,0.157536181807518,94.66666666666666,0.19534319639205933,92.33206590621039
180,0.15712745487689972,94.51666666666668,0.19443384408950806,92.31939163498099
181,0.159530171751976,94.43333333333334,0.1948330968618393,92.36586396282215
182,0.15240298807621003,94.65,0.19498964250087739,92.3700887198986
183,0.160703045129776,94.26666666666667,0.19488046765327455,92.38276299112802
184,0.15609972476959227,94.31666666666665,0.1935542494058609,92.39543726235743
185,0.15551417768001558,94.36666666666666,0.19489996135234833,92.36163920574566
186,0.1624677449464798,94.25000000000001,0.19326043725013733,92.37853823405153
187,0.1551295042037964,94.44999999999999,0.1965337038040161,92.37853823405155
188,0.1603803813457489,94.5,0.19737660884857178,92.36163920574567
189,0.15710605978965758,94.4,0.19790682792663575,92.39543726235743
190,0.15114794671535492,94.33333333333334,0.19371120929718016,92.40388677651035
191,0.16013201773166658,94.51666666666667,0.1936397969722748,92.38276299112802
192,0.15686233937740326,94.45,0.1950255185365677,92.36586396282215
193,0.15940951108932494,94.68333333333334,0.19586768746376038,92.3574144486692
194,0.1548185646533966,94.46666666666667,0.19521388709545134,92.3574144486692
195,0.16485866904258728,94.56666666666666,0.19571181535720825,92.35741444866922
196,0.15415294766426085,94.4,0.19400504529476165,92.36586396282213
197,0.15575910806655885,94.45,0.19466894567012788,92.39121250528095
198,0.1567882627248764,94.46666666666667,0.19696847796440126,92.35741444866919
199,0.1619458466768265,94.41666666666666,0.19553907513618468,92.34896493451626
200,0.1553933709859848,94.26666666666668,0.19652871191501617,92.41233629066328
201,0.15423344671726227,94.46666666666667,0.19426142871379853,92.40811153358682
202,0.16239707171916962,94.51666666666668,0.1943590074777603,92.37431347697506
203,0.1525151550769806,94.38333333333334,0.19762877821922303,92.37853823405155
204,2.150318741798401,62.839036755386566,2.103197169303894,63.85720321081537
205,1.06630380153656,75.38666666666667,1.3570212364196776,71.92648922686945
206,0.622946274280548,80.53333333333333,2.9789608478546143,55.40768905787917
207,0.45014724135398865,83.38666666666667,1.917887794971466,58.87621461765948
208,0.33742403984069824,87.72,0.9940993070602417,67.1525137304605
209,0.2983858108520508,88.85333333333332,0.9336119592189789,66.39205745669624
210,0.25528307557106017,90.14666666666666,0.8692431807518005,64.64723278411492
211,0.23397569358348846,90.68,0.7199456572532654,67.4144486692015
212,0.21055699288845062,91.77333333333334,0.48950830698013303,77.02154626108998
213,0.1983234167098999,92.33333333333333,0.3792035520076752,82.75031685678074
214,0.18511709868907927,92.70666666666668,0.27159362435340884,88.5678073510773
215,0.17075783908367156,93.4,0.2308257758617401,90.68018588931137
216,0.16720706820487977,93.62666666666668,0.21176967322826384,91.82509505703422
217,0.16367602348327637,94.13333333333334,0.2030215620994568,92.08280523869878
218,0.16415289640426636,93.91999999999999,0.20063640773296357,92.3447401774398
219,0.16046054363250734,94.0,0.20030594170093535,92.39966201943386
220,0.15968224108219148,94.04,0.1959408164024353,92.5306294888044
221,0.1579382002353668,94.49333333333334,0.19744331538677215,92.5686523024926
222,0.15365058183670044,94.22666666666667,0.19489635825157164,92.59822560202788
223,0.15449733436107635,94.41333333333333,0.19563116729259492,92.6235741444867
224,0.15352163314819336,94.6,0.19200482666492463,92.58132657372201
225,0.15255403220653535,94.42666666666666,0.19114999175071717,92.68272074355725
226,0.15233866274356841,94.34666666666666,0.19377410411834717,92.72496831432193
227,0.15040196478366852,94.63999999999999,0.19280428886413575,92.7418673426278
228,0.1507139652967453,94.29333333333332,0.18857048749923705,92.7672158850866
229,0.15002042055130005,94.67999999999999,0.1897136777639389,92.77989015631601
230,0.15206103920936584,94.65333333333334,0.19102786779403685,92.77144064216309
231,0.15186108648777008,94.36,0.19252505898475647,92.79256442754541
232,0.15036458671092987,94.52000000000001,0.19008557200431825,92.78833967046896
233,0.15057168006896973,94.42666666666668,0.18852633237838745,92.80101394169836
234,0.15027973055839539,94.72,0.1907328575849533,92.80946345585129
235,0.1511189818382263,94.46666666666667,0.18792153596878053,92.81368821292776
236,0.14997759759426116,94.47999999999999,0.19052054584026337,92.80946345585129
237,0.14958854019641876,94.65333333333334,0.19046376645565033,92.78833967046896
238,0.15147362649440765,94.42666666666666,0.19208917617797852,92.78411491339247
239,0.14986890256404878,94.77333333333334,0.19107057750225068,92.77989015631601
240,0.14880598783493043,94.78666666666666,0.1894485354423523,92.77989015631601
241,0.14894182682037355,94.64,0.1912872910499573,92.79678918462187
242,0.14992341101169587,94.6,0.19377282559871672,92.78411491339247
243,0.149377304315567,94.72,0.18958156704902648,92.79678918462189
244,0.1485242396593094,94.57333333333331,0.189668932557106,92.79256442754543
245,0.15062959492206573,94.61333333333333,0.18920433819293975,92.78411491339247
246,0.14957967400550842,94.53333333333333,0.18908324241638183,92.7925644275454
247,0.14968417286872865,94.53333333333333,0.1915059745311737,92.7925644275454
248,0.15231995582580565,94.42666666666666,0.1903393507003784,92.77989015631601
249,0.15147607326507567,94.6,0.19163737297058106,92.78833967046894
250,0.14816688597202302,94.53333333333333,0.18799570500850676,92.80946345585127
251,0.1489514261484146,94.6,0.1887861371040344,92.81791297000423
252,0.15225188434123993,94.47999999999999,0.18955932855606078,92.81791297000423
253,0.15150319635868073,94.49333333333334,0.19123525619506837,92.81791297000423
254,0.14812858104705812,94.58666666666666,0.1876992404460907,92.8094634558513
