Epoch,Repetition 1,Repetition 2,Repetition 3,Repetition 4,Repetition 5
0,62.48415716096324,61.21673003802282,61.44909167722856,63.793831854668355,65.25137304604985
1,67.66666666666667,70.33333333333333,71.0,69.66666666666667,74.0
2,73.0,78.66666666666667,75.33333333333333,74.0,76.33333333333333
3,77.0,79.33333333333333,78.66666666666667,78.66666666666667,80.66666666666667
4,81.0,80.66666666666667,80.33333333333333,82.0,79.0
5,82.33333333333333,81.0,81.33333333333333,81.66666666666667,79.33333333333333
6,83.0,82.33333333333333,82.0,83.33333333333333,82.0
7,84.66666666666667,84.0,85.0,82.0,83.66666666666667
8,87.0,86.0,90.0,84.66666666666667,83.33333333333333
9,87.66666666666667,86.33333333333333,89.33333333333333,86.33333333333333,87.0
10,90.0,86.33333333333333,88.66666666666667,88.66666666666667,88.66666666666667
11,89.33333333333333,87.0,89.0,89.0,91.66666666666667
12,87.66666666666667,86.33333333333333,90.0,89.66666666666667,91.66666666666667
13,90.66666666666667,86.66666666666667,90.0,90.66666666666667,90.66666666666667
14,90.33333333333333,87.33333333333333,90.33333333333333,90.33333333333333,91.0
15,90.0,87.33333333333333,91.0,89.33333333333333,91.66666666666667
16,91.0,87.33333333333333,90.66666666666667,90.66666666666667,91.66666666666667
17,89.66666666666667,87.66666666666667,91.66666666666667,90.33333333333333,92.0
18,90.66666666666667,87.0,92.33333333333333,90.66666666666667,92.0
19,91.0,87.66666666666667,92.66666666666667,90.66666666666667,92.0
20,90.66666666666667,89.0,93.33333333333333,90.66666666666667,92.66666666666667
21,90.33333333333333,88.66666666666667,92.0,90.33333333333333,92.66666666666667
22,91.66666666666667,89.66666666666667,93.0,90.66666666666667,93.0
23,90.66666666666667,89.33333333333333,92.66666666666667,90.66666666666667,93.0
24,91.66666666666667,89.0,94.0,92.0,93.33333333333333
25,91.66666666666667,89.0,93.33333333333333,92.0,93.33333333333333
26,92.33333333333333,90.66666666666667,93.0,91.66666666666667,93.0
27,92.33333333333333,89.33333333333333,92.66666666666667,92.0,93.33333333333333
28,91.33333333333333,89.33333333333333,92.66666666666667,90.66666666666667,92.66666666666667
29,93.0,89.66666666666667,93.0,91.0,93.33333333333333
30,92.0,90.0,93.0,91.33333333333333,93.33333333333333
31,90.66666666666667,89.66666666666667,92.33333333333333,91.0,93.66666666666667
32,90.66666666666667,89.33333333333333,93.33333333333333,90.66666666666667,93.0
33,92.33333333333333,89.66666666666667,92.0,90.66666666666667,93.33333333333333
34,91.33333333333333,90.0,93.33333333333333,91.66666666666667,92.66666666666667
35,92.0,89.66666666666667,93.33333333333333,91.33333333333333,92.33333333333333
36,92.66666666666667,89.33333333333333,92.33333333333333,91.0,94.0
37,92.33333333333333,89.33333333333333,92.66666666666667,91.33333333333333,92.66666666666667
38,92.0,89.66666666666667,93.33333333333333,92.66666666666667,94.0
39,92.33333333333333,90.33333333333333,94.33333333333333,91.0,93.0
40,92.0,89.33333333333333,93.66666666666667,91.0,92.33333333333333
41,91.33333333333333,88.66666666666667,92.66666666666667,91.66666666666667,93.33333333333333
42,92.0,89.66666666666667,92.66666666666667,91.0,93.33333333333333
43,92.0,89.0,93.0,91.33333333333333,93.0
44,92.33333333333333,88.66666666666667,94.0,91.33333333333333,94.0
45,92.33333333333333,89.33333333333333,93.0,90.66666666666667,93.33333333333333
46,91.66666666666667,89.33333333333333,92.66666666666667,89.66666666666667,92.33333333333333
47,91.66666666666667,90.66666666666667,93.33333333333333,91.66666666666667,92.66666666666667
48,92.33333333333333,89.66666666666667,94.33333333333333,91.0,93.0
49,91.33333333333333,89.0,93.33333333333333,92.66666666666667,92.0
50,92.0,90.33333333333333,92.0,91.0,92.66666666666667
51,62.48415716096324,61.21673003802282,61.44909167722856,63.793831854668355,65.25137304604985
52,73.16666666666667,70.16666666666667,73.0,70.66666666666667,73.0
53,78.0,76.33333333333333,79.16666666666667,77.5,80.83333333333333
54,83.16666666666667,80.33333333333333,79.66666666666667,81.83333333333333,78.0
55,82.33333333333333,83.0,85.0,76.66666666666667,81.33333333333333
56,86.16666666666667,84.66666666666667,87.66666666666667,82.33333333333333,87.33333333333333
57,88.0,84.33333333333333,85.16666666666667,85.66666666666667,89.33333333333333
58,90.5,87.66666666666667,87.83333333333333,87.0,88.16666666666667
59,91.5,88.66666666666667,91.16666666666667,89.0,89.0
60,90.83333333333333,89.0,91.5,87.5,89.0
61,89.66666666666667,90.66666666666667,92.16666666666667,88.83333333333333,91.5
62,91.16666666666667,92.66666666666667,92.33333333333333,90.16666666666667,93.0
63,92.0,91.83333333333333,92.16666666666667,90.83333333333333,93.33333333333333
64,92.5,91.33333333333333,92.83333333333333,91.16666666666667,92.33333333333333
65,92.0,92.83333333333333,92.83333333333333,90.83333333333333,92.5
66,93.83333333333333,92.16666666666667,93.66666666666667,91.83333333333333,92.5
67,93.5,92.33333333333333,93.5,91.0,93.33333333333333
68,93.5,92.33333333333333,94.16666666666667,92.66666666666667,93.66666666666667
69,93.83333333333333,93.16666666666667,94.16666666666667,91.33333333333333,93.5
70,94.16666666666667,93.16666666666667,94.5,92.33333333333333,93.66666666666667
71,94.5,92.83333333333333,94.33333333333333,92.0,93.16666666666667
72,95.33333333333333,92.66666666666667,94.66666666666667,91.5,94.5
73,93.83333333333333,93.33333333333333,94.83333333333333,93.0,94.16666666666667
74,93.66666666666667,94.33333333333333,94.66666666666667,91.5,93.0
75,94.16666666666667,92.66666666666667,95.83333333333333,92.0,94.0
76,93.83333333333333,93.33333333333333,95.33333333333333,92.0,94.5
77,94.83333333333333,93.5,95.5,92.83333333333333,94.16666666666667
78,94.83333333333333,93.16666666666667,95.5,92.33333333333333,93.66666666666667
79,94.66666666666667,92.16666666666667,95.5,91.83333333333333,94.0
80,94.33333333333333,93.5,95.33333333333333,93.16666666666667,93.33333333333333
81,93.83333333333333,93.83333333333333,95.66666666666667,93.0,94.66666666666667
82,94.33333333333333,93.33333333333333,95.33333333333333,92.0,94.16666666666667
83,95.16666666666667,93.66666666666667,95.66666666666667,91.66666666666667,93.66666666666667
84,94.5,93.66666666666667,95.0,93.0,94.33333333333333
85,93.83333333333333,94.16666666666667,95.16666666666667,92.16666666666667,94.33333333333333
86,94.0,92.83333333333333,95.66666666666667,92.66666666666667,93.83333333333333
87,94.5,93.33333333333333,95.5,93.83333333333333,93.5
88,94.16666666666667,91.83333333333333,95.66666666666667,92.0,93.16666666666667
89,94.33333333333333,93.5,96.16666666666667,92.0,94.33333333333333
90,95.16666666666667,94.33333333333333,95.83333333333333,93.16666666666667,93.83333333333333
91,94.83333333333333,93.66666666666667,94.83333333333333,92.66666666666667,95.16666666666667
92,94.66666666666667,93.33333333333333,95.33333333333333,92.66666666666667,94.16666666666667
93,94.83333333333333,93.5,95.5,91.5,94.33333333333333
94,94.0,92.83333333333333,95.33333333333333,92.83333333333333,94.5
95,94.66666666666667,92.33333333333333,95.83333333333333,92.83333333333333,94.66666666666667
96,94.83333333333333,93.5,95.33333333333333,92.83333333333333,94.5
97,94.33333333333333,93.5,95.33333333333333,92.0,94.33333333333333
98,94.0,92.83333333333333,95.5,91.33333333333333,94.16666666666667
99,94.83333333333333,93.83333333333333,94.83333333333333,91.66666666666667,94.66666666666667
100,95.0,92.66666666666667,94.83333333333333,92.33333333333333,94.16666666666667
101,94.16666666666667,93.16666666666667,95.33333333333333,92.5,94.0
102,62.48415716096324,61.21673003802282,61.44909167722856,63.793831854668355,65.25137304604985
103,72.77777777777777,72.44444444444444,75.11111111111111,73.0,74.66666666666667
104,78.0,77.22222222222223,79.88888888888889,79.88888888888889,79.77777777777777
105,82.55555555555556,80.33333333333333,78.88888888888889,80.33333333333333,81.44444444444444
106,82.88888888888889,82.88888888888889,83.55555555555556,80.88888888888889,81.88888888888889
107,86.11111111111111,83.33333333333333,86.88888888888889,82.55555555555556,87.77777777777777
108,88.22222222222223,86.77777777777777,86.88888888888889,87.77777777777777,87.88888888888889
109,89.33333333333333,88.44444444444444,88.66666666666667,88.55555555555556,89.88888888888889
110,91.11111111111111,89.66666666666667,88.33333333333333,89.55555555555556,91.66666666666667
111,91.0,90.33333333333333,90.33333333333333,89.88888888888889,91.11111111111111
112,92.44444444444444,90.44444444444444,90.66666666666667,90.55555555555556,91.55555555555556
113,93.77777777777777,91.44444444444444,90.88888888888889,92.22222222222223,92.0
114,93.11111111111111,91.44444444444444,91.33333333333333,91.77777777777777,92.44444444444444
115,93.0,91.66666666666667,91.66666666666667,92.33333333333333,92.77777777777777
116,93.44444444444444,92.22222222222223,92.33333333333333,92.55555555555556,93.55555555555556
117,93.77777777777777,92.44444444444444,92.0,92.66666666666667,92.66666666666667
118,93.33333333333333,92.22222222222223,91.88888888888889,93.55555555555556,93.55555555555556
119,93.22222222222223,92.11111111111111,92.22222222222223,93.0,93.88888888888889
120,92.77777777777777,92.0,92.77777777777777,93.22222222222223,93.55555555555556
121,93.55555555555556,92.66666666666667,93.22222222222223,93.44444444444444,93.88888888888889
122,94.0,92.11111111111111,93.22222222222223,92.77777777777777,93.77777777777777
123,93.55555555555556,92.11111111111111,93.33333333333333,93.66666666666667,94.0
124,93.33333333333333,92.33333333333333,92.22222222222223,92.88888888888889,93.77777777777777
125,94.11111111111111,92.77777777777777,93.44444444444444,93.66666666666667,94.44444444444444
126,94.11111111111111,92.77777777777777,92.55555555555556,93.22222222222223,93.44444444444444
127,94.22222222222223,92.0,92.88888888888889,93.66666666666667,94.44444444444444
128,94.0,92.88888888888889,94.0,93.55555555555556,94.0
129,93.77777777777777,92.88888888888889,93.11111111111111,93.22222222222223,93.55555555555556
130,94.22222222222223,92.44444444444444,92.88888888888889,92.55555555555556,93.44444444444444
131,94.33333333333333,92.77777777777777,92.22222222222223,93.44444444444444,93.77777777777777
132,94.22222222222223,93.22222222222223,94.0,93.0,94.44444444444444
133,93.33333333333333,92.33333333333333,93.11111111111111,93.33333333333333,94.22222222222223
134,94.44444444444444,92.33333333333333,93.0,94.0,94.33333333333333
135,93.77777777777777,92.66666666666667,93.0,92.55555555555556,94.0
136,94.44444444444444,92.88888888888889,92.22222222222223,93.44444444444444,94.0
137,93.66666666666667,92.11111111111111,92.66666666666667,93.77777777777777,94.11111111111111
138,94.11111111111111,92.88888888888889,93.11111111111111,93.55555555555556,94.44444444444444
139,94.22222222222223,92.88888888888889,93.33333333333333,93.44444444444444,95.0
140,94.11111111111111,92.44444444444444,93.0,92.66666666666667,94.0
141,94.33333333333333,93.44444444444444,92.77777777777777,93.66666666666667,93.55555555555556
142,93.77777777777777,92.77777777777777,93.11111111111111,93.22222222222223,94.55555555555556
143,93.66666666666667,92.66666666666667,93.44444444444444,92.22222222222223,94.44444444444444
144,94.11111111111111,92.44444444444444,92.88888888888889,93.55555555555556,93.88888888888889
145,93.88888888888889,92.22222222222223,92.88888888888889,93.44444444444444,94.44444444444444
146,94.11111111111111,93.0,93.55555555555556,94.0,94.11111111111111
147,94.0,92.77777777777777,93.33333333333333,92.88888888888889,93.33333333333333
148,93.11111111111111,92.88888888888889,92.88888888888889,93.44444444444444,93.44444444444444
149,94.0,92.33333333333333,93.44444444444444,93.55555555555556,93.55555555555556
150,93.77777777777777,93.11111111111111,93.55555555555556,93.55555555555556,94.33333333333333
151,93.55555555555556,92.22222222222223,93.44444444444444,93.77777777777777,94.11111111111111
152,93.77777777777777,93.11111111111111,93.44444444444444,93.11111111111111,93.22222222222223
153,62.48415716096324,61.21673003802282,61.44909167722856,63.793831854668355,65.25137304604985
154,73.0,72.66666666666667,77.25,74.33333333333333,75.66666666666667
155,78.91666666666667,80.41666666666667,79.0,80.91666666666667,82.08333333333333
156,81.91666666666667,80.25,84.75,80.58333333333333,81.25
157,88.33333333333333,84.5,86.91666666666667,86.16666666666667,85.33333333333333
158,89.0,88.25,88.5,87.5,88.83333333333333
159,89.41666666666667,88.75,89.5,89.08333333333333,88.0
160,90.16666666666667,90.16666666666667,91.66666666666667,90.25,90.41666666666667
161,92.08333333333333,90.83333333333333,91.5,90.08333333333333,89.75
162,92.08333333333333,91.41666666666667,93.0,90.41666666666667,91.83333333333333
163,92.58333333333333,92.08333333333333,93.91666666666667,92.25,92.0
164,93.58333333333333,93.08333333333333,94.08333333333333,93.16666666666667,93.66666666666667
165,93.08333333333333,93.08333333333333,93.83333333333333,93.41666666666667,93.58333333333333
166,93.83333333333333,93.33333333333333,93.91666666666667,93.0,93.66666666666667
167,93.83333333333333,93.08333333333333,94.0,93.08333333333333,92.58333333333333
168,94.5,93.0,95.0,93.33333333333333,94.0
169,94.0,93.66666666666667,94.33333333333333,93.41666666666667,94.08333333333333
170,94.75,93.75,94.66666666666667,93.58333333333333,94.25
171,94.5,93.08333333333333,94.75,94.0,93.75
172,94.33333333333333,93.75,95.08333333333333,94.16666666666667,94.58333333333333
173,94.58333333333333,93.66666666666667,94.75,94.75,94.25
174,95.08333333333333,93.33333333333333,95.0,94.33333333333333,94.25
175,94.83333333333333,93.75,94.66666666666667,94.16666666666667,94.25
176,95.08333333333333,93.83333333333333,95.25,94.08333333333333,94.5
177,95.08333333333333,93.91666666666667,95.33333333333333,94.16666666666667,94.58333333333333
178,94.33333333333333,94.08333333333333,94.83333333333333,94.25,94.41666666666667
179,95.25,93.83333333333333,95.16666666666667,94.25,94.83333333333333
180,95.16666666666667,93.5,95.41666666666667,94.16666666666667,94.33333333333333
181,94.75,93.91666666666667,95.16666666666667,93.83333333333333,94.5
182,95.08333333333333,93.91666666666667,94.91666666666667,94.25,95.08333333333333
183,94.58333333333333,93.58333333333333,94.75,94.25,94.16666666666667
184,94.83333333333333,93.25,94.58333333333333,94.83333333333333,94.08333333333333
185,94.33333333333333,93.33333333333333,94.91666666666667,94.58333333333333,94.66666666666667
186,94.91666666666667,94.0,94.66666666666667,93.41666666666667,94.25
187,94.83333333333333,93.75,95.08333333333333,94.33333333333333,94.25
188,95.0,93.41666666666667,95.33333333333333,93.91666666666667,94.83333333333333
189,94.25,93.66666666666667,94.83333333333333,94.41666666666667,94.83333333333333
190,94.66666666666667,93.91666666666667,95.25,93.75,94.08333333333333
191,94.58333333333333,94.25,95.16666666666667,94.58333333333333,94.0
192,94.66666666666667,93.58333333333333,94.75,94.33333333333333,94.91666666666667
193,95.0,94.25,94.58333333333333,94.41666666666667,95.16666666666667
194,94.5,93.66666666666667,95.33333333333333,94.33333333333333,94.5
195,94.25,94.08333333333333,95.5,94.08333333333333,94.91666666666667
196,94.25,93.66666666666667,95.25,94.16666666666667,94.66666666666667
197,94.08333333333333,93.91666666666667,95.33333333333333,94.16666666666667,94.75
198,94.83333333333333,93.41666666666667,95.0,94.41666666666667,94.66666666666667
199,94.58333333333333,93.83333333333333,94.91666666666667,94.08333333333333,94.66666666666667
200,95.16666666666667,93.08333333333333,94.66666666666667,94.16666666666667,94.25
201,94.66666666666667,94.08333333333333,95.33333333333333,93.91666666666667,94.33333333333333
202,94.83333333333333,94.0,95.16666666666667,94.41666666666667,94.16666666666667
203,94.75,93.25,94.41666666666667,94.75,94.75
204,62.48415716096324,61.21673003802282,61.44909167722856,63.793831854668355,65.25137304604985
205,73.8,74.26666666666667,76.86666666666666,74.8,77.2
206,78.26666666666667,80.86666666666666,80.6,81.33333333333333,81.6
207,82.66666666666667,82.33333333333333,87.2,80.93333333333334,83.8
208,88.4,87.46666666666667,88.6,86.73333333333333,87.4
209,88.06666666666666,88.86666666666666,89.46666666666667,88.93333333333334,88.93333333333334
210,89.8,90.26666666666667,90.33333333333333,90.53333333333333,89.8
211,88.66666666666667,90.8,91.46666666666667,90.4,92.06666666666666
212,91.33333333333333,91.93333333333334,93.06666666666666,91.0,91.53333333333333
213,91.46666666666667,91.8,93.4,92.26666666666667,92.73333333333333
214,92.0,92.06666666666666,93.26666666666667,92.4,93.8
215,92.53333333333333,92.93333333333334,93.53333333333333,93.53333333333333,94.46666666666667
216,92.73333333333333,93.2,94.4,93.0,94.8
217,94.0,93.46666666666667,94.73333333333333,93.8,94.66666666666667
218,93.26666666666667,93.8,94.13333333333334,93.2,95.2
219,93.66666666666667,93.66666666666667,94.06666666666666,94.13333333333334,94.46666666666667
220,93.66666666666667,93.06666666666666,94.73333333333333,93.66666666666667,95.06666666666666
221,93.93333333333334,93.86666666666666,94.93333333333334,94.13333333333334,95.6
222,93.86666666666666,94.06666666666666,94.53333333333333,93.86666666666666,94.8
223,93.8,94.0,94.93333333333334,94.06666666666666,95.26666666666667
224,94.33333333333333,93.93333333333334,94.73333333333333,94.53333333333333,95.46666666666667
225,93.93333333333334,93.73333333333333,94.93333333333334,94.4,95.13333333333334
226,94.2,93.6,94.8,93.66666666666667,95.46666666666667
227,94.0,94.73333333333333,94.53333333333333,94.33333333333333,95.6
228,93.6,94.06666666666666,95.13333333333334,93.6,95.06666666666666
229,94.13333333333334,94.13333333333334,95.0,94.26666666666667,95.86666666666666
230,94.53333333333333,94.26666666666667,94.73333333333333,94.4,95.33333333333333
231,93.86666666666666,94.2,94.4,94.4,94.93333333333334
232,94.13333333333334,94.06666666666666,94.53333333333333,94.46666666666667,95.4
233,94.0,93.86666666666666,94.46666666666667,94.46666666666667,95.33333333333333
234,94.26666666666667,93.73333333333333,95.13333333333334,94.8,95.66666666666667
235,94.06666666666666,93.86666666666666,94.86666666666666,94.2,95.33333333333333
236,94.13333333333334,94.06666666666666,94.46666666666667,94.53333333333333,95.2
237,94.26666666666667,94.4,95.06666666666666,94.33333333333333,95.2
238,94.26666666666667,93.53333333333333,95.2,93.8,95.33333333333333
239,94.73333333333333,94.13333333333334,95.26666666666667,94.66666666666667,95.06666666666666
240,94.46666666666667,94.26666666666667,94.93333333333334,94.6,95.66666666666667
241,94.26666666666667,94.2,94.66666666666667,94.26666666666667,95.8
242,94.4,94.13333333333334,94.73333333333333,94.26666666666667,95.46666666666667
243,94.4,94.26666666666667,94.8,94.33333333333333,95.8
244,93.86666666666666,94.6,94.46666666666667,94.53333333333333,95.4
245,93.93333333333334,94.33333333333333,94.8,94.73333333333333,95.26666666666667
246,94.0,94.0,94.53333333333333,94.8,95.33333333333333
247,94.2,93.86666666666666,95.13333333333334,94.46666666666667,95.0
248,94.06666666666666,94.0,94.73333333333333,94.06666666666666,95.26666666666667
249,94.33333333333333,94.13333333333334,94.86666666666666,94.73333333333333,94.93333333333334
250,93.73333333333333,94.13333333333334,94.66666666666667,94.6,95.53333333333333
251,94.4,94.06666666666666,94.8,94.13333333333334,95.6
252,94.13333333333334,93.73333333333333,95.06666666666666,94.33333333333333,95.13333333333334
253,94.4,94.4,95.0,93.53333333333333,95.13333333333334
254,94.46666666666667,93.8,95.0,94.4,95.26666666666667
