Epoch,Repetition 1,Repetition 2,Repetition 3,Repetition 4,Repetition 5
0,2.2827796936035156,2.20190691947937,2.261859178543091,2.1337132453918457,1.8713349103927612
1,1.6180932521820068,1.456822156906128,1.1915639638900757,1.309469223022461,1.237977385520935
2,1.3566920757293701,1.0929864645004272,1.0140759944915771,1.1571677923202515,1.0792478322982788
3,1.0099455118179321,0.8465613722801208,0.7540937662124634,0.8405207991600037,0.7720714807510376
4,0.7700777649879456,0.7092752456665039,0.6323216557502747,0.5608896017074585,0.6521040201187134
5,0.5431011915206909,0.6382326483726501,0.6034526824951172,0.5142292380332947,0.6195926666259766
6,0.5021381974220276,0.616830587387085,0.5259096026420593,0.4833357334136963,0.4956030249595642
7,0.4163556396961212,0.526607871055603,0.44177502393722534,0.4870379865169525,0.4501552879810333
8,0.3937017619609833,0.43982940912246704,0.35548707842826843,0.49156108498573303,0.40918973088264465
9,0.34141647815704346,0.41646435856819153,0.3461071252822876,0.399362713098526,0.34231507778167725
10,0.29831355810165405,0.4038831293582916,0.34125465154647827,0.3268277943134308,0.29043903946876526
11,0.2875971496105194,0.3543059825897217,0.30489975214004517,0.29295414686203003,0.23592962324619293
12,0.28525346517562866,0.3374810516834259,0.28516262769699097,0.2883157432079315,0.23615828156471252
13,0.2735632359981537,0.3480941355228424,0.283772349357605,0.26876068115234375,0.23085841536521912
14,0.27326661348342896,0.32255107164382935,0.2787491977214813,0.29108577966690063,0.23754557967185974
15,0.28452998399734497,0.321621298789978,0.26048943400382996,0.28002747893333435,0.22483521699905396
16,0.2624834477901459,0.3311113119125366,0.25114142894744873,0.26398518681526184,0.21667885780334473
17,0.25930333137512207,0.3098470866680145,0.24345968663692474,0.2579605281352997,0.21748992800712585
18,0.26097849011421204,0.3102005124092102,0.21944570541381836,0.2520464062690735,0.21258202195167542
19,0.2695915400981903,0.29639995098114014,0.2183123081922531,0.25324591994285583,0.196050763130188
20,0.26088953018188477,0.26980239152908325,0.2300015091896057,0.23736852407455444,0.1965513974428177
21,0.25826433300971985,0.2825431525707245,0.2262304723262787,0.23368342220783234,0.19590221345424652
22,0.23952533304691315,0.2737713158130646,0.2256995141506195,0.23296906054019928,0.19517475366592407
23,0.25453269481658936,0.2812999188899994,0.23046280443668365,0.24167358875274658,0.18222567439079285
24,0.2411218136548996,0.2759532332420349,0.22522735595703125,0.2378404587507248,0.1951497495174408
25,0.23084509372711182,0.28275176882743835,0.22300277650356293,0.23823042213916779,0.19422444701194763
26,0.24230024218559265,0.2724502384662628,0.21403415501117706,0.23433367908000946,0.19092579185962677
27,0.23024076223373413,0.2805933654308319,0.22390390932559967,0.23171229660511017,0.19315364956855774
28,0.24178622663021088,0.27304789423942566,0.21957728266716003,0.24661585688591003,0.1887802630662918
29,0.2279101312160492,0.27749353647232056,0.21201711893081665,0.23033879697322845,0.19375239312648773
30,0.23595887422561646,0.27994608879089355,0.21638992428779602,0.23605439066886902,0.18512332439422607
31,0.2291843146085739,0.27817583084106445,0.21762454509735107,0.23251867294311523,0.1884038895368576
32,0.24467140436172485,0.27698761224746704,0.21476583182811737,0.23329611122608185,0.18787087500095367
33,0.2386620193719864,0.2632020115852356,0.21923871338367462,0.24677707254886627,0.18047305941581726
34,0.23524992167949677,0.2712283134460449,0.21254201233386993,0.23290665447711945,0.19476982951164246
35,0.24217873811721802,0.26978862285614014,0.21420057117938995,0.24377426505088806,0.189795583486557
36,0.22934181988239288,0.27861618995666504,0.2232157438993454,0.23204366862773895,0.18358874320983887
37,0.22500458359718323,0.2741471529006958,0.21389968693256378,0.2332904040813446,0.18691140413284302
38,0.2375469207763672,0.26258033514022827,0.2168460339307785,0.22464269399642944,0.19093988835811615
39,0.22845573723316193,0.28437718749046326,0.214559867978096,0.2280835509300232,0.1896551251411438
40,0.23566202819347382,0.28564316034317017,0.21076849102973938,0.23215128481388092,0.19299070537090302
41,0.23870745301246643,0.2710058093070984,0.20999550819396973,0.22782845795154572,0.18927671015262604
42,0.23856483399868011,0.2695658802986145,0.21399547159671783,0.23520183563232422,0.184097021818161
43,0.2506505250930786,0.286079078912735,0.21734139323234558,0.22178088128566742,0.1963193416595459
44,0.24071688950061798,0.2709294259548187,0.21000224351882935,0.22846801578998566,0.18641279637813568
45,0.23393698036670685,0.2795880138874054,0.219120591878891,0.24765899777412415,0.19566337764263153
46,0.24667318165302277,0.26985254883766174,0.2113969475030899,0.2389639914035797,0.19616259634494781
47,0.24346253275871277,0.26389268040657043,0.20540374517440796,0.22948746383190155,0.1951519399881363
48,0.23121242225170135,0.26834896206855774,0.20715828239917755,0.2351038157939911,0.19415122270584106
49,0.24249105155467987,0.27061277627944946,0.22069235146045685,0.22227710485458374,0.1966966986656189
50,0.2367824912071228,0.26416733860969543,0.21338903903961182,0.23586177825927734,0.19655582308769226
51,2.2827796936035156,2.201907157897949,2.26185941696167,2.1337132453918457,1.8713349103927612
52,0.9959961175918579,1.6347672939300537,0.9943364262580872,1.232466459274292,1.0348999500274658
53,0.9260580539703369,0.9733009934425354,0.7073444128036499,0.934349536895752,0.5942336320877075
54,0.5914952754974365,0.7227261066436768,0.5138648748397827,0.5618157386779785,0.617214560508728
55,0.4979654848575592,0.5385997295379639,0.4116172194480896,0.5544127225875854,0.4945802688598633
56,0.37835830450057983,0.4352191686630249,0.4554612934589386,0.38983985781669617,0.3091787099838257
57,0.3751906156539917,0.3532567620277405,0.3597509264945984,0.3988480269908905,0.30538254976272583
58,0.305600643157959,0.2622711956501007,0.32090216875076294,0.44151538610458374,0.28049373626708984
59,0.33335399627685547,0.32503455877304077,0.34212538599967957,0.24209311604499817,0.26337090134620667
60,0.27709513902664185,0.28580260276794434,0.24453653395175934,0.2728807330131531,0.26091691851615906
61,0.26890134811401367,0.2658458352088928,0.23581930994987488,0.28720545768737793,0.2238110899925232
62,0.20091989636421204,0.2459123432636261,0.18616949021816254,0.27345168590545654,0.22012118995189667
63,0.17391157150268555,0.210867777466774,0.21889933943748474,0.21889303624629974,0.22018679976463318
64,0.17150788009166718,0.21842288970947266,0.176151305437088,0.24451547861099243,0.21428382396697998
65,0.19697746634483337,0.220943421125412,0.19718368351459503,0.2276592254638672,0.23182910680770874
66,0.1528523564338684,0.20596721768379211,0.2247927188873291,0.19942301511764526,0.21186569333076477
67,0.16052676737308502,0.1832498013973236,0.1881510615348816,0.18606030941009521,0.1970255970954895
68,0.16801908612251282,0.23235058784484863,0.22984686493873596,0.21750743687152863,0.14853987097740173
69,0.159274160861969,0.1847112476825714,0.16814468801021576,0.2566491365432739,0.16486506164073944
70,0.1595604419708252,0.18268314003944397,0.16581317782402039,0.18600422143936157,0.16360726952552795
71,0.16405874490737915,0.19604814052581787,0.16377097368240356,0.19410915672779083,0.15278252959251404
72,0.1611674726009369,0.18879243731498718,0.17819693684577942,0.21211963891983032,0.15612374246120453
73,0.15048666298389435,0.2376708984375,0.14425157010555267,0.1898837685585022,0.20682421326637268
74,0.18175292015075684,0.20554041862487793,0.14257782697677612,0.20904970169067383,0.16597628593444824
75,0.1626535952091217,0.19910341501235962,0.2080250382423401,0.19327227771282196,0.17758722603321075
76,0.1767064481973648,0.19912177324295044,0.14462201297283173,0.20536001026630402,0.17056739330291748
77,0.16542479395866394,0.19564571976661682,0.1556488573551178,0.2065736949443817,0.1470009684562683
78,0.13522708415985107,0.22035500407218933,0.18139714002609253,0.19805949926376343,0.15820595622062683
79,0.15801329910755157,0.1879454255104065,0.18112234771251678,0.19235435128211975,0.1914939433336258
80,0.1612362563610077,0.18768008053302765,0.15837229788303375,0.15321116149425507,0.1971374750137329
81,0.14151522517204285,0.2018549144268036,0.14630970358848572,0.19051744043827057,0.16845417022705078
82,0.14502497017383575,0.15994396805763245,0.12509432435035706,0.20664116740226746,0.181088387966156
83,0.19833660125732422,0.23036013543605804,0.15418094396591187,0.22111761569976807,0.19003447890281677
84,0.17049363255500793,0.1989542841911316,0.16781526803970337,0.15887129306793213,0.19721050560474396
85,0.1508697271347046,0.17224428057670593,0.16218054294586182,0.203554168343544,0.18043245375156403
86,0.16877666115760803,0.1608414649963379,0.1932467520236969,0.17601436376571655,0.15457573533058167
87,0.14589937031269073,0.16930867731571198,0.17078441381454468,0.21078571677207947,0.1637011170387268
88,0.13345152139663696,0.2378503382205963,0.1708739548921585,0.17007595300674438,0.18597975373268127
89,0.1516391634941101,0.17093415558338165,0.16860973834991455,0.1685011088848114,0.18103358149528503
90,0.15351024270057678,0.17985036969184875,0.15146037936210632,0.1880897581577301,0.16073572635650635
91,0.15005141496658325,0.17682671546936035,0.15498575568199158,0.1971072554588318,0.16993126273155212
92,0.16283634305000305,0.18119552731513977,0.15420760214328766,0.18855106830596924,0.17945024371147156
93,0.17043250799179077,0.18406414985656738,0.19545668363571167,0.1961088478565216,0.1595533937215805
94,0.16935810446739197,0.18211409449577332,0.17065975069999695,0.2110658884048462,0.17655476927757263
95,0.12463484704494476,0.17889991402626038,0.15794840455055237,0.19944268465042114,0.1676761955022812
96,0.1444428712129593,0.20030437409877777,0.14080587029457092,0.22375619411468506,0.14035652577877045
97,0.1814591884613037,0.1851315200328827,0.171982079744339,0.22083890438079834,0.1641392856836319
98,0.1527175009250641,0.18771973252296448,0.16307662427425385,0.19550785422325134,0.160936638712883
99,0.1388920247554779,0.16283342242240906,0.1700996458530426,0.21050921082496643,0.17279338836669922
100,0.19090008735656738,0.16476255655288696,0.17859114706516266,0.197365865111351,0.1755794733762741
101,0.15678521990776062,0.1812499761581421,0.15213409066200256,0.1866493821144104,0.16896575689315796
102,2.2827796936035156,2.201907157897949,2.2618589401245117,2.1337132453918457,1.8713351488113403
103,1.2987720966339111,1.3454999923706055,1.0487711429595947,1.2210116386413574,1.0560004711151123
104,0.8676390647888184,0.908949613571167,0.6894800662994385,0.7959972023963928,0.6787689924240112
105,0.5882655382156372,0.6561349630355835,0.6265338659286499,0.6189769506454468,0.5609033703804016
106,0.5294806957244873,0.5469985008239746,0.4419168531894684,0.5294109582901001,0.4927765727043152
107,0.3636499047279358,0.4722762107849121,0.37459829449653625,0.44007211923599243,0.33748704195022583
108,0.34086424112319946,0.37378042936325073,0.35742101073265076,0.3269740641117096,0.33056509494781494
109,0.32100674510002136,0.301270067691803,0.2913384735584259,0.3186185657978058,0.28160521388053894
110,0.2506146728992462,0.27474096417427063,0.2698965072631836,0.28512316942214966,0.23009198904037476
111,0.23895446956157684,0.2721405029296875,0.23984816670417786,0.26163604855537415,0.22492773830890656
112,0.21044956147670746,0.2514423131942749,0.24319562315940857,0.2456119954586029,0.20850065350532532
113,0.1948251724243164,0.23159097135066986,0.2237267941236496,0.21349669992923737,0.18861772119998932
114,0.1946660876274109,0.21738050878047943,0.21452674269676208,0.2090499997138977,0.1889573335647583
115,0.19535709917545319,0.21924424171447754,0.2095833122730255,0.21085479855537415,0.18577012419700623
116,0.18916356563568115,0.21177750825881958,0.19843456149101257,0.2022785097360611,0.1711190640926361
117,0.1835705190896988,0.20733904838562012,0.21096710860729218,0.20415768027305603,0.17690099775791168
118,0.18054015934467316,0.20870110392570496,0.20069026947021484,0.19414234161376953,0.16808277368545532
119,0.17602470517158508,0.2086016833782196,0.1962871253490448,0.20019808411598206,0.17274804413318634
120,0.1749514788389206,0.20621442794799805,0.18880333006381989,0.195307195186615,0.16374507546424866
121,0.17281724512577057,0.2050759494304657,0.19119298458099365,0.18423056602478027,0.1555635631084442
122,0.17545963823795319,0.20506596565246582,0.18527019023895264,0.19546067714691162,0.16346576809883118
123,0.17188963294029236,0.2006174921989441,0.1886547952890396,0.1884707659482956,0.16367925703525543
124,0.17887578904628754,0.1981881856918335,0.1897796392440796,0.18715377151966095,0.1610218584537506
125,0.17095595598220825,0.19756180047988892,0.1919165849685669,0.17886820435523987,0.16220161318778992
126,0.17120346426963806,0.20476357638835907,0.1809680163860321,0.17582720518112183,0.16374267637729645
127,0.17717525362968445,0.19542959332466125,0.18936431407928467,0.18611890077590942,0.15787573158740997
128,0.1700185239315033,0.19262129068374634,0.18313190340995789,0.17799970507621765,0.1574689745903015
129,0.1724095344543457,0.19673901796340942,0.18273615837097168,0.18452242016792297,0.16442710161209106
130,0.17369571328163147,0.20197686553001404,0.18653491139411926,0.19142264127731323,0.16087138652801514
131,0.17246082425117493,0.1937207132577896,0.19257164001464844,0.18380025029182434,0.15839862823486328
132,0.17847827076911926,0.19108082354068756,0.17900213599205017,0.17964830994606018,0.1568719744682312
133,0.17204424738883972,0.19990384578704834,0.18224665522575378,0.18069079518318176,0.15521806478500366
134,0.16586841642856598,0.19907674193382263,0.1854027956724167,0.1840335875749588,0.16350799798965454
135,0.16776537895202637,0.19023513793945312,0.18292516469955444,0.1915803849697113,0.1590900719165802
136,0.17193347215652466,0.19828039407730103,0.182720348238945,0.1801093965768814,0.16008013486862183
137,0.17362305521965027,0.20023876428604126,0.191535085439682,0.1812233030796051,0.155996173620224
138,0.16681398451328278,0.19617220759391785,0.17938023805618286,0.17911244928836823,0.1589556783437729
139,0.1728588342666626,0.19379185140132904,0.18556426465511322,0.18676131963729858,0.15528827905654907
140,0.17212504148483276,0.1976327896118164,0.18203651905059814,0.18885236978530884,0.1615457981824875
141,0.16749641299247742,0.19046449661254883,0.17975732684135437,0.18363100290298462,0.1616007387638092
142,0.17515498399734497,0.185993492603302,0.1875891536474228,0.18824708461761475,0.1511698067188263
143,0.17609669268131256,0.19590052962303162,0.177810937166214,0.19172321259975433,0.15649713575839996
144,0.17074483633041382,0.1933697760105133,0.18836578726768494,0.18772879242897034,0.15370678901672363
145,0.17075705528259277,0.1917380690574646,0.18258923292160034,0.18452979624271393,0.15650762617588043
146,0.17380908131599426,0.18988090753555298,0.1808551549911499,0.17556855082511902,0.15824957191944122
147,0.17275959253311157,0.19597285985946655,0.18021836876869202,0.18952834606170654,0.16171619296073914
148,0.17087936401367188,0.19721469283103943,0.18986913561820984,0.1825140416622162,0.15928712487220764
149,0.17400704324245453,0.19744715094566345,0.18141545355319977,0.182847797870636,0.16288885474205017
150,0.170340895652771,0.18881197273731232,0.18018803000450134,0.17947563529014587,0.15197116136550903
151,0.1752467006444931,0.1962260603904724,0.19334447383880615,0.17926108837127686,0.15705634653568268
152,0.16751211881637573,0.18773958086967468,0.1764826774597168,0.18432770669460297,0.1657753586769104
153,2.2827794551849365,2.201907157897949,2.2618589401245117,2.1337132453918457,1.8713349103927612
154,1.259541392326355,1.1854419708251953,0.8943118453025818,1.1073812246322632,0.9717803001403809
155,0.6637362837791443,0.7140325903892517,0.6858401298522949,0.6599991917610168,0.5634932518005371
156,0.49047866463661194,0.5491364598274231,0.39105352759361267,0.5148128867149353,0.4431760609149933
157,0.39054736495018005,0.3995729982852936,0.3698876202106476,0.34704771637916565,0.3774348795413971
158,0.32395222783088684,0.305102676153183,0.28340980410575867,0.33086255192756653,0.3093932569026947
159,0.25608134269714355,0.281312495470047,0.24527685344219208,0.26979711651802063,0.28784528374671936
160,0.23796522617340088,0.24024009704589844,0.20349346101284027,0.2643570601940155,0.2235025316476822
161,0.22120754420757294,0.2609420716762543,0.2189043164253235,0.2518927752971649,0.2272847443819046
162,0.2022874504327774,0.21725694835186005,0.17798535525798798,0.23376096785068512,0.1971798986196518
163,0.18786664307117462,0.21262229979038239,0.16924594342708588,0.2049826830625534,0.18803100287914276
164,0.17211711406707764,0.1966167688369751,0.15160638093948364,0.1813306361436844,0.18241608142852783
165,0.1688811033964157,0.19008131325244904,0.15515688061714172,0.17245660722255707,0.16581685841083527
166,0.17282362282276154,0.18136663734912872,0.1703147143125534,0.1926710456609726,0.1707950234413147
167,0.17275016009807587,0.17041778564453125,0.15679584443569183,0.1837720423936844,0.16953754425048828
168,0.169410839676857,0.17636871337890625,0.1576804667711258,0.1929420679807663,0.1644231379032135
169,0.1688474416732788,0.1688757687807083,0.14726410806179047,0.17631836235523224,0.15494616329669952
170,0.163490891456604,0.17927098274230957,0.1515927016735077,0.17133428156375885,0.16632650792598724
171,0.16417713463306427,0.18138878047466278,0.1423783302307129,0.17499230802059174,0.1601613461971283
172,0.16492705047130585,0.1855260133743286,0.1426476091146469,0.16807635128498077,0.14996598660945892
173,0.15315835177898407,0.16854898631572723,0.15388186275959015,0.17189215123653412,0.15735454857349396
174,0.16480392217636108,0.18188296258449554,0.14399947226047516,0.16236776113510132,0.14636258780956268
175,0.15094448626041412,0.16372601687908173,0.14054617285728455,0.1705044060945511,0.14360500872135162
176,0.16689550876617432,0.16496284306049347,0.14205946028232574,0.16590416431427002,0.14416863024234772
177,0.1450168639421463,0.17577345669269562,0.14923782646656036,0.1686258316040039,0.15184450149536133
178,0.15041200816631317,0.1699189692735672,0.13745833933353424,0.16552476584911346,0.1471073478460312
179,0.14801673591136932,0.17334771156311035,0.1478651612997055,0.16531094908714294,0.1531403511762619
180,0.15810488164424896,0.17135651409626007,0.14222452044487,0.17288869619369507,0.1410626620054245
181,0.16397149860858917,0.17264612019062042,0.14475248754024506,0.17316843569278717,0.14311231672763824
182,0.15183793008327484,0.1643180102109909,0.14793221652507782,0.1526165008544922,0.14531028270721436
183,0.15631063282489777,0.17981314659118652,0.15591296553611755,0.1624879240989685,0.14899055659770966
184,0.1529480218887329,0.16872954368591309,0.14300374686717987,0.16594450175762177,0.1498728096485138
185,0.15173590183258057,0.16741929948329926,0.13768161833286285,0.16958463191986084,0.1511494368314743
186,0.17532789707183838,0.16114534437656403,0.14316628873348236,0.18079142272472382,0.1519077718257904
187,0.1534605473279953,0.16429398953914642,0.1500185877084732,0.15998205542564392,0.14789234101772308
188,0.16069047152996063,0.16459204256534576,0.14850275218486786,0.18772149085998535,0.1403951495885849
189,0.16154561936855316,0.17157460749149323,0.1502007693052292,0.1628250926733017,0.1393842101097107
190,0.15761278569698334,0.16762302815914154,0.1388460099697113,0.14865605533123016,0.14300185441970825
191,0.1518741399049759,0.176112100481987,0.14848338067531586,0.1665937304496765,0.15759673714637756
192,0.14832012355327606,0.17755520343780518,0.15194430947303772,0.16037921607494354,0.1461128443479538
193,0.16149871051311493,0.16372071206569672,0.14528888463974,0.176470085978508,0.15006916224956512
194,0.1611943244934082,0.16263402998447418,0.15066875517368317,0.1588459461927414,0.1407497674226761
195,0.18724776804447174,0.1838398426771164,0.14477171003818512,0.16850727796554565,0.1399267464876175
196,0.15658687055110931,0.16762273013591766,0.14412958920001984,0.15972670912742615,0.14269883930683136
197,0.15512461960315704,0.17367063462734222,0.13644178211688995,0.168964684009552,0.14459381997585297
198,0.16665007174015045,0.16458983719348907,0.15408700704574585,0.15772955119609833,0.14088484644889832
199,0.15634000301361084,0.16712117195129395,0.14984528720378876,0.17933140695095062,0.15709136426448822
200,0.1505320817232132,0.1669313758611679,0.1391841620206833,0.17581962049007416,0.14449961483478546
201,0.14896519482135773,0.16977179050445557,0.14072109758853912,0.1613108217716217,0.15039832890033722
202,0.1607932299375534,0.18116922676563263,0.16888360679149628,0.1586262583732605,0.14251303672790527
203,0.1507943719625473,0.16968296468257904,0.13889597356319427,0.15838605165481567,0.14481641352176666
204,2.2827796936035156,2.201907157897949,2.2618589401245117,2.1337132453918457,1.8713346719741821
205,1.2018588781356812,1.163392186164856,0.9383841156959534,1.0821386575698853,0.9457451701164246
206,0.7248520851135254,0.6639887094497681,0.5930915474891663,0.5867670774459839,0.5460319519042969
207,0.48380663990974426,0.5215618014335632,0.3609726130962372,0.48476123809814453,0.39963391423225403
208,0.3559131324291229,0.34468594193458557,0.3192509710788727,0.3537217378616333,0.31354841589927673
209,0.3333686888217926,0.32389768958091736,0.26763275265693665,0.3026074767112732,0.2644224464893341
210,0.26165279746055603,0.2724930942058563,0.2438332438468933,0.2558634579181671,0.24257278442382812
211,0.26370707154273987,0.2473231554031372,0.22231006622314453,0.23717105388641357,0.19936712086200714
212,0.22064833343029022,0.22654859721660614,0.1948879510164261,0.22069771587848663,0.19000236690044403
213,0.2185462862253189,0.21384280920028687,0.18538804352283478,0.19754557311534882,0.17629437148571014
214,0.20075933635234833,0.20090244710445404,0.1767905354499817,0.18278610706329346,0.1643470674753189
215,0.1852843314409256,0.1808340698480606,0.16303998231887817,0.17196917533874512,0.15266163647174835
216,0.18451464176177979,0.17527896165847778,0.16025252640247345,0.1704578548669815,0.14553135633468628
217,0.1786939650774002,0.17261917889118195,0.15243956446647644,0.16878663003444672,0.14584077894687653
218,0.18091821670532227,0.1763426810503006,0.15866945683956146,0.16469918191432953,0.14013494551181793
219,0.17125965654850006,0.17127931118011475,0.1584712713956833,0.15946078300476074,0.14183169603347778
220,0.16955013573169708,0.17685066163539886,0.1533791869878769,0.16017024219036102,0.13846097886562347
221,0.17039139568805695,0.17058344185352325,0.1552296280860901,0.15492559969425201,0.1385609358549118
222,0.16713790595531464,0.16355367004871368,0.14773857593536377,0.15618999302387238,0.13363276422023773
223,0.1706804484128952,0.1658356934785843,0.14888130128383636,0.15366436541080475,0.13342486321926117
224,0.16712786257266998,0.16940057277679443,0.14574413001537323,0.15347860753536224,0.1318569928407669
225,0.16761024296283722,0.162530317902565,0.14893682301044464,0.15139146149158478,0.13230131566524506
226,0.16666235029697418,0.16666822135448456,0.145916149020195,0.15223215520381927,0.13021443784236908
227,0.16653776168823242,0.15705889463424683,0.142484650015831,0.15244750678539276,0.1334810107946396
228,0.1657298356294632,0.16011910140514374,0.14067880809307098,0.1540193408727646,0.133022740483284
229,0.16377544403076172,0.16373424232006073,0.14322911202907562,0.1505957394838333,0.12876756489276886
230,0.1616257280111313,0.16369052231311798,0.15053890645503998,0.14989985525608063,0.13455018401145935
231,0.1652258336544037,0.15907783806324005,0.14748382568359375,0.149636372923851,0.1378815621137619
232,0.16785793006420135,0.15958599746227264,0.1450614482164383,0.14960622787475586,0.1297113299369812
233,0.16347883641719818,0.16112464666366577,0.14382202923297882,0.15232552587985992,0.13210736215114594
234,0.16509808599948883,0.16120553016662598,0.14469483494758606,0.14878804981708527,0.1316121518611908
235,0.16777975857257843,0.15446241199970245,0.14625908434391022,0.15515096485614777,0.13194268941879272
236,0.16697798669338226,0.16195200383663177,0.14434705674648285,0.14914162456989288,0.12746931612491608
237,0.16670618951320648,0.1583828330039978,0.14148510992527008,0.15101802349090576,0.13035054504871368
238,0.16480039060115814,0.16302530467510223,0.14351044595241547,0.15264050662517548,0.13339148461818695
239,0.1614188700914383,0.16207046806812286,0.14092136919498444,0.1497776359319687,0.13515616953372955
240,0.16142414510250092,0.15735000371932983,0.1452379822731018,0.14938467741012573,0.1306331306695938
241,0.1612134724855423,0.15871912240982056,0.14530228078365326,0.15162740647792816,0.1278468519449234
242,0.16349874436855316,0.15956418216228485,0.14613835513591766,0.14956118166446686,0.13085459172725677
243,0.16457845270633698,0.15563490986824036,0.14526577293872833,0.1489427536725998,0.13246463239192963
244,0.16278894245624542,0.15791411697864532,0.14178071916103363,0.14779609441757202,0.13234132528305054
245,0.16507165133953094,0.16212861239910126,0.14619247615337372,0.14967934787273407,0.13007588684558868
246,0.1636381894350052,0.1638447493314743,0.14565573632717133,0.14590846002101898,0.12885123491287231
247,0.16567327082157135,0.15760791301727295,0.14322103559970856,0.14913327991962433,0.132785364985466
248,0.16313396394252777,0.1641441136598587,0.14676690101623535,0.15637415647506714,0.13118064403533936
249,0.16452999413013458,0.16337792575359344,0.14557182788848877,0.1516282558441162,0.1322723627090454
250,0.1631004363298416,0.16139596700668335,0.1396491378545761,0.145133376121521,0.13155551254749298
251,0.1669507473707199,0.15815789997577667,0.14039917290210724,0.15076887607574463,0.1284804344177246
252,0.16727884113788605,0.16746754944324493,0.14431440830230713,0.15068334341049194,0.1315152794122696
253,0.16560494899749756,0.1560775190591812,0.14554817974567413,0.1581370234489441,0.13214831054210663
254,0.16109111905097961,0.15992619097232819,0.14311422407627106,0.1479770541191101,0.12853431701660156
