Epoch,Train Loss,Train Accuracy,Val Loss,Val Accuracy
0,0.14883294901024,1.5113415228134828,0.1750156723599952,1.2994819854551194
1,0.15605220051268473,2.0612833111653726,0.3623296591282134,4.947343866512836
2,0.11748032733196408,1.9618585292749564,0.9551924704613243,5.85354386201249
3,0.09034531770212051,1.1850925889754125,2.6851284403878246,5.724640933832421
4,0.07081633650477179,0.9752492558885199,3.4956031364399944,7.905986938608906
5,0.04717352941788608,1.002219758558195,2.367300842630855,6.728320584463706
6,0.048075273471588555,0.541602560309063,0.8484345842899338,6.6934686451072425
7,0.03848469473483765,1.0456258094238753,0.8499627317590464,10.416021835796606
8,0.04574633589241647,2.266666666666667,0.9785203921520805,10.799189801757068
9,0.03216112715534525,1.1155467020454344,0.8693372718629697,10.788838503216514
10,0.04035237595698778,1.185092588975414,0.6924617005328845,10.339333194084741
11,0.03785077934016221,1.4847371634213407,0.6302561507730179,10.76234455956718
12,0.03206241495408575,1.866666666666669,0.5711171484272123,10.772447935165657
13,0.03802260738100734,1.5549205052920798,0.5056982974575578,10.468308676213214
14,0.02749808452952053,1.2927146286443554,0.4435729819731323,10.011105462155225
15,0.03166783350601683,1.4996295838936022,0.37794165023943654,9.585399378736309
16,0.03716188687646432,1.5114378731672877,0.3129722408870472,8.970397959018046
17,0.030138198311649975,1.554920505292079,0.26195778886697557,8.372669151427992
18,0.0348624945439153,1.892675942210451,0.22630108567723892,7.693706028313728
19,0.03579989113340624,1.7204650534085244,0.19468976841695745,7.183963074145762
20,0.025742678049658026,1.554920505292079,0.16589609696634333,6.642530078155168
21,0.029378017266197102,1.4079141387961922,0.14138410772609825,5.91593624951625
22,0.025250788404027592,1.3063945294843595,0.12349895887591929,5.20704351833681
23,0.03264746655428002,1.3727506854649347,0.10439658304506645,4.568980535652296
24,0.026100735745093168,1.7256238807393036,0.08298850689925563,3.9432760942912406
25,0.02866161062487915,1.586050300449374,0.06918355031798364,3.4752729477382993
26,0.02738806479617319,0.8844332774281043,0.06552318283934883,2.8661980049576874
27,0.02806794297713916,1.3727506854649345,0.05031758306326991,2.421062278365918
28,0.028274918881621775,1.2649110640673549,0.05163369927786949,2.099768019916208
29,0.02786747943152319,1.4298407059684786,0.04114989703741168,1.7615463940059217
30,0.030865884062482966,1.1999999999999995,0.0449356248875099,1.4759828411544305
31,0.029010197887747693,1.3920408678547391,0.033280240843591935,1.3017188886661226
32,0.029763622166122786,1.5260697523012787,0.03708277263545614,1.162645164590747
33,0.028379763375305424,1.2892719737209104,0.03327023669393414,1.0515657143954622
34,0.02561073242552789,1.14697670227235,0.03550362041468854,0.8933538292798416
35,0.027452645527518558,1.218377792166468,0.03772141783047413,0.8188185219873242
36,0.03021964420851342,1.5860503004493776,0.032810358649637036,0.7877331188287999
37,0.028441196802864777,1.2649110640673549,0.03517197407337243,0.8576777139729493
38,0.02360082458122918,1.4907119849998576,0.03567526445377478,0.8342157011996222
39,0.031062202526133172,1.4236104336041746,0.03282142159753365,0.7997633643270864
40,0.03118324399678395,1.445298892578589,0.037060413592326986,0.8205822571022617
41,0.027516552528316016,1.5999999999999979,0.03577522254748178,0.7616992142421234
42,0.028335125615462017,1.2892719737209124,0.03711320824642295,0.7990712280102154
43,0.031097188494851137,1.475729574745244,0.03301661322037072,0.8199729999330199
44,0.0284811503302424,1.982142499642466,0.038132814323954475,0.7875065047684637
45,0.028102701964971638,1.511437873167284,0.03998401954237041,0.7712467324457903
46,0.02609046016539934,1.375984496036687,0.03827323149160398,0.7465517533047897
47,0.024971259677995385,0.9189365834726787,0.03691867379065475,0.772495416247029
48,0.02555659958920881,1.6110727964792733,0.04029934507375026,0.7819111186406676
49,0.024735701791696884,1.4907119849998596,0.03719146858164408,0.7842132420902133
50,0.022978696896326437,0.8273115763993931,0.03594324115577405,0.7905603136943706
51,0.14883300127406632,1.5113415228134828,0.16565569440764152,1.2994819854551194
52,0.24451465614500828,1.3038404810405284,0.405369166817692,7.710805514401756
53,0.14915631193987047,1.53260852434302,1.215089528255476,5.067887998725472
54,0.06971016742057887,1.7782638224465523,0.8509020762947613,9.577269909027443
55,0.049586523352466556,2.7728845790780543,0.9227759671628978,11.634887411535054
56,0.050857401290466536,1.9561867668161628,0.7914538924881765,12.623738156748155
57,0.030844963292636304,1.8678567634829184,0.521354233895261,11.93721839663948
58,0.06299880791514861,1.1953614051360737,0.3564525478544232,7.9497580693322325
59,0.04050065981280491,1.2083045973594573,0.317584673628941,3.741317587746631
60,0.014309972238365914,1.432170070596055,0.23353190761794862,3.046293014991828
61,0.023151893305885192,1.2046207333061787,0.1580448275779563,3.167593146814588
62,0.03129172018200877,1.0509255180289612,0.12848763913818126,4.155889907046459
63,0.01763346330680746,0.7986099033807296,0.10871677470338982,4.281632370653333
64,0.027502010345253573,0.661647774709305,0.07892522400256968,4.084520836081985
65,0.014973301485459275,0.7483314773547884,0.054646230552332024,3.611522411470194
66,0.024532079092850857,0.8055363982396383,0.0462545949804808,2.7812124861277643
67,0.012146809056695908,0.9695359714832655,0.027135352326887678,1.9584563073225107
68,0.03438615474180474,0.6716480559869984,0.01566948661204291,1.329329061818666
69,0.03597241571913519,0.9910712498212357,0.01426006366824552,0.9026952543925358
70,0.01070156610757016,0.7644896627453162,0.016447436361699583,0.8498380032567914
71,0.01757283601260005,0.9392668535736908,0.018138040352562848,0.8035483517004608
72,0.020171154086104492,1.4243907079480986,0.015833754448484835,0.7829604499018932
73,0.034993101801990056,0.641179468722378,0.015222456998194894,0.7756083307047218
74,0.024865872390237673,1.123486636423515,0.014404482143050774,0.7719175729991542
75,0.016142296450529607,1.327487183449323,0.015554319897130334,0.733771104409252
76,0.02171438025833332,1.1224972160321813,0.015070683753302519,0.7381365183445655
77,0.023103297576808967,0.942809041582064,0.013353993974887662,0.7279098288493538
78,0.02975597871055626,1.1382247385975914,0.012899702028848504,0.7391996983772982
79,0.012717350224420103,1.4197026292697912,0.012097617488640737,0.7434852290661403
80,0.017499908415199623,0.806914562460678,0.016086539199590154,0.7855549252646553
81,0.023707970603518216,0.9030811456096073,0.013614386426881713,0.7734882968379074
82,0.02828237111688644,1.115546702045433,0.011831284863077749,0.7528370119527747
83,0.026690924307054605,1.4,0.014757467983875954,0.813679877434963
84,0.016320965136292147,0.6960204339273691,0.012100338978859235,0.7983561353199571
85,0.01784664463585878,0.9865765724632489,0.014226769351951463,0.766604261249728
86,0.013397611275849186,1.0718623460542365,0.011751155944358275,0.8059658443718101
87,0.02127496687085602,0.7916228058025291,0.01214873121287133,0.7440371766033382
88,0.03385358430608102,1.4275075403575934,0.011554603375398952,0.7291103339181974
89,0.009451775974291223,1.3523641850067205,0.010954655877263133,0.7310905195308185
90,0.014644029369801805,0.9451631252505205,0.01463588107109238,0.7622613885342168
91,0.016760338310653943,0.9345230512584101,0.010893775295444082,0.788072917736933
92,0.012702395584469577,0.9451631252505205,0.013701355337494713,0.7483188552154879
93,0.01427035402042917,1.3808210118138644,0.014708083330602134,0.8078460246818914
94,0.015250547269891054,0.9695359714832664,0.014359699303898847,0.773419067460247
95,0.024751338480767583,1.2935738607954854,0.012308139404321636,0.7161430569749166
96,0.03519164891570508,0.9092121131323899,0.015455694297653469,0.7886389238987382
97,0.01949973039754034,1.1135528725660024,0.013692824815694062,0.7403095722316237
98,0.01657448775515353,1.400793425963382,0.012464979376241385,0.715794047214307
99,0.023076466029304892,1.2083045973594546,0.01342304287894482,0.7314322304723688
100,0.011521504133320886,1.102522360569415,0.01315707644012765,0.7016913260042789
101,0.013379839036687305,0.9603240193925272,0.013664738894339171,0.7336251432425958
102,0.14883284042054545,1.5113415228134828,0.16214604014539294,1.2994819854551194
103,0.12230646656708109,1.076344981183322,0.19050597934558625,3.463976202501653
104,0.09238246136281807,1.1256822348367908,0.9433807797517886,9.53390549558613
105,0.03275705208170436,1.228468885429802,0.5294465637420886,1.9597409025418338
106,0.03752172546123381,0.9333333333333346,0.5897009895781385,1.5192334532704679
107,0.05035011643145278,2.0354876262319075,0.7122869146910934,9.042431053598714
108,0.017485760270327097,0.573488351136178,0.416964610705152,8.264940113719396
109,0.015261937301511227,0.550644964149503,0.3179347624597055,6.972922839395142
110,0.019529829089792294,1.1896674501621516,0.29657999091398596,3.0866353920045917
111,0.017018025061128844,0.457583561821647,0.3332541264088823,5.082395054455708
112,0.01846696874871266,0.7646511348482325,0.26222778316742074,5.338143986648849
113,0.016451625669523455,0.9727141612550785,0.19599330204657278,5.843518685187093
114,0.011176404125685204,0.6681465057054652,0.11194034597848661,5.029118598594803
115,0.011978694156253303,0.5515410509329236,0.059976970071101234,3.4151092397990026
116,0.013781357309409915,0.5648117789839476,0.03230562790743332,2.169839511871827
117,0.013687050283970884,0.5862624870343497,0.024964812287401193,1.6733771608674433
118,0.014492034445340005,0.7111111111111108,0.023329549375611748,1.423598959201581
119,0.013996506482435068,0.65921764329739,0.02009766925906565,1.1139747939542262
120,0.014968404292897707,0.5230489909306604,0.019869840956734768,0.8634022660301044
121,0.01676271620652366,0.40612593072215425,0.018155166573559096,0.8044807229501312
122,0.014607312981066552,0.6834913999657631,0.017061489443894864,0.738184877929139
123,0.013179100721248166,0.6478835438716996,0.014871442273417681,0.734257432076915
124,0.012601159140958074,0.589622184952068,0.013438838406305604,0.6489644930907448
125,0.013037082505370431,0.5726266100766744,0.01378097090930228,0.6772273733676024
126,0.01393427794512866,0.5443310539518189,0.015262805594370814,0.6751156520638166
127,0.013065624773105834,0.8999314102807386,0.011397777774374496,0.6507497427573044
128,0.011916370353766066,0.435464843161455,0.010220118123530917,0.6399635468225262
129,0.01102836988670375,0.31739681904634737,0.012834112298165772,0.6452408842879015
130,0.014281130898260655,0.6554613868334523,0.014655147605817886,0.6735275161260577
131,0.01329679027587966,0.7417030785901585,0.014846050165031422,0.6482490166055472
132,0.011105071391302483,0.566557723732531,0.013311757162949564,0.6534867574555212
133,0.014557048697822126,0.6028737762778047,0.017258202798309533,0.6699404454449952
134,0.013267849023391783,0.8213208272256148,0.012442114543298249,0.6344172969024584
135,0.012807857120913842,0.5854195498808638,0.012882285504803099,0.6380082610217093
136,0.012601574457472805,0.7875575620741915,0.009772431231776051,0.633798050979486
137,0.015229197361454502,0.7522804835471434,0.011043452154568766,0.6102690478493249
138,0.012671900585538527,0.5862624870343522,0.012682960061465907,0.6117296527048836
139,0.013579233924551112,0.7470105028431849,0.011678461885754592,0.6170170567623884
140,0.012609823467075237,0.686375342732467,0.014787596027838053,0.6147856278354467
141,0.010578096374315091,0.4969039949999541,0.008613237780991259,0.6347548127785644
142,0.014057900015845731,0.6230153675056087,0.013792637983182681,0.6330936272050448
143,0.01387008025462808,0.7780951733338461,0.011352957207381033,0.6335163754618308
144,0.014683728958579738,0.6230153675056096,0.01009877249718243,0.6162065629996403
145,0.0123596771916838,0.7717224601860126,0.008926953860458251,0.6288221306191246
146,0.010351621272624902,0.429757324573639,0.013793651934728875,0.6368882596998727
147,0.012105228479431183,0.43090487621478646,0.013464504700729322,0.6071609452390894
148,0.013507508905162443,0.24944382578492993,0.013684361655575076,0.615220956538119
149,0.011338737853834074,0.5559998223643043,0.016987363394994782,0.5975306196277856
150,0.012539565519172511,0.3975231959999596,0.012152867180170631,0.5991116674397288
151,0.014075891461476843,0.6417568479197155,0.01323742367003797,0.5840869900936595
152,0.008755725138323813,0.25337231668869337,0.01359127749779521,0.5972318393602813
153,0.14883288736420905,1.5113415228134828,0.1564591024977228,1.2994819854551194
154,0.13433265892157975,1.704569023406079,0.35565042890867665,6.549360079402765
155,0.05075720809742688,1.1976829482147768,0.20693262732032888,0.5737898270825448
156,0.055395553983635624,1.6055459438389734,0.6371624237916734,4.021973174565227
157,0.01811592563128542,1.3186693629901651,0.35701645640236956,6.3547200054648725
158,0.01649133668114106,0.5270462766947291,0.24331630020836117,4.244112821742276
159,0.015701360619343734,0.5441609239104842,0.19990884570893966,3.881836834650577
160,0.020084918171683515,0.5739725119240859,0.20622497948383667,7.830933408376281
161,0.017098019522097448,0.8650626181573982,0.08086717624669242,4.615488616471005
162,0.018832524815063912,0.8449194570424361,0.052836777268570743,2.9332899415103983
163,0.015118882541086535,0.7039570693980983,0.033368275789062984,2.341735248936601
164,0.014841952098630828,0.3628590176179529,0.02064444940009803,1.401664636574201
165,0.011377326525231242,0.2905932629027117,0.013492144122019371,0.9353234335865696
166,0.008526672023614061,0.33993463423952014,0.010973110247701694,0.678806853177692
167,0.00860032170823386,0.5254627590144828,0.011062428338906105,0.5259101417691773
168,0.01205554885277967,0.7333333333333342,0.011773256526571938,0.5665901714467323
169,0.010566599894785488,0.32231799343022466,0.01250568523221584,0.5847894033966469
170,0.009140390379150713,0.47022453265553166,0.010017582542329467,0.5851555451856608
171,0.013442800072843484,0.5854722690083447,0.01511369109112604,0.5834755085712312
172,0.014953489166007814,0.44284434185287846,0.012711518360480407,0.5267240346602021
173,0.007759760407830414,0.40960685758148146,0.009595336468961121,0.4633000444023727
174,0.013780245755087486,0.631136540958717,0.014176402962772517,0.39753145741268076
175,0.011535141670820767,0.38369548110737706,0.00930626354593652,0.40212941391773077
176,0.01120956830047701,0.5492419017761372,0.01330739208516641,0.36377096563800954
177,0.011932996541934665,0.5338539126015615,0.010569386076316082,0.3751717494599623
178,0.012001726264170644,0.2505549396395482,0.01010339347711353,0.3952801568471824
179,0.010138276917062683,0.5451809077932063,0.01070536440451566,0.4050041727488562
180,0.013652935522360235,0.6960204339273719,0.008411353228314239,0.3896408043994506
181,0.013158127870434284,0.5038738819277008,0.012562849277051681,0.43856153011782006
182,0.00652114864771508,0.47842333648024143,0.009959999068755616,0.44357937468210157
183,0.010467113324919003,0.4027681991198197,0.011772622336958383,0.44079423619002883
184,0.009763649932252764,0.59953685828683,0.011013025549856177,0.4451057774758234
185,0.011756156783494846,0.549241901776139,0.011065253289165255,0.41621898476553676
186,0.014049545669006751,0.5244044240850763,0.009884951178327573,0.4181015637934269
187,0.006145217006417346,0.4672615256292043,0.012572838648593614,0.40991030744730406
188,0.01616080492111355,0.7168604389202152,0.012861791113138073,0.4033702834737627
189,0.011166941315615755,0.4326918328582355,0.009889058920885485,0.41886927107546823
190,0.010364636430585208,0.5527707983925669,0.010179473257450524,0.42239120405407465
191,0.01007400332613068,0.3922867431979952,0.011373637155356353,0.42428846410692966
192,0.01143040819430642,0.47316898555261633,0.007928524157889772,0.4352935149097148
193,0.01096037071834322,0.3472111109333285,0.011527689323192158,0.42129111490723387
194,0.008162151532277312,0.5312459150169715,0.008991031738384055,0.4146723357901764
195,0.019493361629357636,0.5587684871413425,0.010371916629060939,0.4223489459174035
196,0.009487783202282317,0.5307227776030208,0.012684083918667904,0.42154523644330805
197,0.014095640001987902,0.523343948936917,0.010892574905781709,0.41980567341916847
198,0.009156651098738934,0.5592653911854151,0.010663455146716891,0.41164832799363715
199,0.01030006524222429,0.3979112128771143,0.011961353927631861,0.42213759178020016
200,0.013823181522080962,0.6900080514828182,0.012663968966337187,0.4068509063794987
201,0.010164404074946851,0.5016638981097457,0.009245198367161271,0.39735182276391795
202,0.012701457645616424,0.42946995755750395,0.009309659673610374,0.41673325883084616
203,0.010741647308006995,0.5811865258054232,0.011618645399070425,0.4298884950372592
204,0.14883301918458677,1.5113415228134828,0.1794754752241295,1.2994819854551194
205,0.10858167941469431,1.3852556924024295,0.4778315729593042,8.879329854469907
206,0.06353790639944988,1.1858424103658203,0.14510287071501035,0.5188029212677235
207,0.05989129121151813,2.114668348044729,0.6751053872819424,6.589854580457915
208,0.01766636677056353,0.6894764519385532,0.41301697094261325,8.167734995028587
209,0.028255055749850846,0.448998886412875,0.4119848245329491,6.94870443984843
210,0.011222701008113243,0.2963481436119051,0.1985386550011785,3.539897710259844
211,0.021937001013706575,1.1565465835840743,0.08732777470395485,3.434407903354358
212,0.015022731764725062,0.7138004700972888,0.048848257351752924,2.026888574460442
213,0.016143257096038383,0.6837803415977664,0.06799592897051009,2.9158660004907766
214,0.01414225015804573,0.7088018058667732,0.03338349247953126,1.8949530813985787
215,0.011841069243603631,0.6545566777937912,0.011239617906993633,0.7468863905497312
216,0.013367702248608813,0.8182365862702001,0.009170877163678212,0.6214845981726503
217,0.012457855807519493,0.4935134806219144,0.013609572635351683,0.5915263412990974
218,0.014400661907732084,0.7271252375699201,0.01409917037679455,0.5678488427112043
219,0.01082272848439232,0.30404678002643576,0.01794487812121073,0.6049521696550496
220,0.013284868197820425,0.7430866556316138,0.013976768804707057,0.6497890639537086
221,0.01189011953297923,0.6714495099740877,0.014339181156628213,0.643967180918374
222,0.012017424957921777,0.3761796261244253,0.017304922121434124,0.6428853252767999
223,0.013166125266844122,0.5771962885843578,0.010976107753310505,0.6021427561823454
224,0.013907683119159743,0.5077182070575941,0.01282526054937945,0.6025872185779617
225,0.012254175279996473,0.5442221768522295,0.012783453418145912,0.5969628092630829
226,0.013720390876159937,0.7072953178599921,0.012779118753888524,0.5768920870790732
227,0.011470531425296082,0.5376492040974907,0.014470785778903516,0.563114319176759
228,0.012153536689111757,0.6806532809653483,0.01160322918479404,0.5906506541553144
229,0.01323182765445807,0.6751460747291776,0.012627433856139868,0.5871348452167543
230,0.010395631804742334,0.3733333333333312,0.012085688942138026,0.5825570828349365
231,0.009489308030018226,0.34666666666666984,0.012266520754225949,0.5856129005001384
232,0.013010049033783432,0.47590848793532825,0.0112740761893847,0.585490974015265
233,0.011554432800038462,0.5139822737972367,0.011911392021514892,0.5689165238315739
234,0.012007093069446534,0.6711846905948403,0.012000850914753758,0.5709833821044912
235,0.011801404054639348,0.5481281277625183,0.01114592243931416,0.564823319522359
236,0.013938609760073455,0.4030991055421599,0.012978057233214334,0.575032739460832
237,0.012713480767041494,0.39642849992849366,0.012127293743980038,0.5744116194486499
238,0.011855645227173648,0.7261466028901392,0.010138884127237633,0.5645388454073521
239,0.010759285727631369,0.387814388593303,0.009691912261897724,0.5698569341772645
240,0.010728805927291418,0.49062318647931163,0.013070751104332664,0.5692301665721039
241,0.011930175143904848,0.6031030868212597,0.01037202267906396,0.5655496588316511
242,0.011448247648554642,0.47702783519995423,0.011048235946072071,0.5645388454073521
243,0.010708543652352367,0.5710030161430352,0.009258728186389356,0.5672827862395129
244,0.010950283319349776,0.4891716354091808,0.013591627564751178,0.5660859193308663
245,0.012520753209114034,0.45097425400767266,0.012986777428519669,0.5645388454073521
246,0.013112417903479041,0.5059644256269389,0.012671785586554792,0.5630826221054869
247,0.0113673413387849,0.47702783519995823,0.012072344386534125,0.5594254800020292
248,0.012254770039704878,0.498174445127185,0.011016973485172582,0.5635578909817922
249,0.011964319577257675,0.31269438398822724,0.012090573950691345,0.5772013960322286
250,0.012293994089519155,0.6036923425424928,0.013444895179370957,0.5785912400767212
251,0.013447976703303274,0.56253394959277,0.011802263207459186,0.569950889870385
252,0.013804321972229588,0.5422586508710067,0.012139206413217316,0.5726065614053184
253,0.01160918037892434,0.5666274496233559,0.014076063548434485,0.569950889870385
254,0.011969234817544165,0.5101633725255732,0.010549021239121749,0.5716082273145584
