Epoch,Train Loss,Train Accuracy,Val Loss,Val Accuracy
0,0.7971815466880798,50.0,0.781823456287384,55.79819277108434
1,0.5847944617271423,83.33333333333333,0.7158350348472595,55.747991967871485
2,0.5620075464248657,85.66666666666667,0.6937874555587769,55.79819277108434
3,0.5208669304847717,90.66666666666667,0.6873272061347961,55.79819277108434
4,0.4501975178718567,98.0,0.6858270168304443,55.79819277108434
5,0.37123069167137146,100.0,0.6869252324104309,55.79819277108434
6,0.3168491721153259,100.0,0.6913557052612305,55.79819277108434
7,0.25413915514945984,100.0,0.7003597021102905,55.79819277108434
8,0.20987698435783386,100.0,0.7143334746360779,55.79819277108434
9,0.1681586056947708,100.0,0.7361993789672852,55.79819277108434
10,0.13168014585971832,100.0,0.7639491558074951,55.79819277108434
11,0.10861600190401077,100.0,0.7788172960281372,55.79819277108434
12,0.10410342365503311,100.0,0.794507622718811,55.79819277108434
13,0.10605990886688232,100.0,0.8094902038574219,55.79819277108434
14,0.10324692726135254,100.0,0.8258039355278015,55.79819277108434
15,0.10084853321313858,100.0,0.8416508436203003,55.79819277108434
16,0.09848330169916153,100.0,0.8574199676513672,55.79819277108434
17,0.0960208922624588,100.0,0.8732151389122009,55.79819277108434
18,0.09564706683158875,100.0,0.8901165723800659,55.79819277108434
19,0.09280337393283844,100.0,0.9034454226493835,55.79819277108434
20,0.09251309931278229,100.0,0.9218996167182922,55.79819277108434
21,0.09175724536180496,100.0,0.9352641105651855,55.79819277108434
22,0.08925553411245346,100.0,0.9472361207008362,55.79819277108434
23,0.09316346794366837,100.0,0.9605915546417236,55.79819277108434
24,0.08914297074079514,100.0,0.9710778594017029,55.79819277108434
25,0.0870167464017868,100.0,0.9857034087181091,55.79819277108434
26,0.08723701536655426,100.0,0.9948728680610657,55.79819277108434
27,0.09123139828443527,100.0,1.0079666376113892,55.79819277108434
28,0.09079669415950775,100.0,1.020605444908142,55.79819277108434
29,0.08892566710710526,100.0,1.0314242839813232,55.79819277108434
30,0.0886860191822052,100.0,1.0442147254943848,55.79819277108434
31,0.08960439264774323,100.0,1.0571049451828003,55.79819277108434
32,0.09015581011772156,100.0,1.0701394081115723,55.79819277108434
33,0.09088075160980225,100.0,1.0836682319641113,55.79819277108434
34,0.09067239612340927,100.0,1.0940682888031006,55.79819277108434
35,0.08994652330875397,100.0,1.1081302165985107,55.79819277108434
36,0.08988995105028152,100.0,1.1184043884277344,55.79819277108434
37,0.08861318975687027,100.0,1.1325604915618896,55.79819277108434
38,0.09111767262220383,100.0,1.1471502780914307,55.79819277108434
39,0.09057503938674927,100.0,1.1605085134506226,55.79819277108434
40,0.08812738955020905,100.0,1.1733911037445068,55.79819277108434
41,0.08852279931306839,100.0,1.1857587099075317,55.79819277108434
42,0.08979441225528717,100.0,1.1965752840042114,55.79819277108434
43,0.0900789126753807,100.0,1.211656928062439,55.79819277108434
44,0.09142907708883286,100.0,1.2243502140045166,55.79819277108434
45,0.08960779756307602,100.0,1.2365543842315674,55.79819277108434
46,0.08683639764785767,100.0,1.251686453819275,55.79819277108434
47,0.08966086059808731,100.0,1.2646442651748657,55.79819277108434
48,0.08955632150173187,100.0,1.2782377004623413,55.79819277108434
49,0.09162577986717224,100.0,1.287954568862915,55.79819277108434
50,0.0888974592089653,100.0,1.2992963790893555,55.79819277108434
51,0.7971815466880798,50.0,0.7819690704345703,55.79819277108434
52,0.5712612867355347,85.66666666666667,0.6936553120613098,55.79819277108434
53,0.4781818389892578,91.83333333333333,0.6857705116271973,55.79819277108434
54,0.3475480079650879,99.33333333333333,0.6908969879150391,55.79819277108434
55,0.23587070405483246,100.0,0.7135546207427979,55.79819277108434
56,0.1527884304523468,100.0,0.760725200176239,55.79819277108434
57,0.10441438853740692,100.0,0.8358641862869263,55.79819277108434
58,0.06709089875221252,100.0,0.9346617460250854,55.79819277108434
59,0.04685944318771362,100.0,1.0445644855499268,55.79819277108434
60,0.0352347232401371,100.0,1.163184404373169,55.79819277108434
61,0.026688825339078903,100.0,1.284630298614502,55.79819277108434
62,0.022513914853334427,100.0,1.3490159511566162,55.79819277108434
63,0.022674717009067535,100.0,1.4113609790802002,55.79819277108434
64,0.021287433803081512,100.0,1.4702931642532349,55.79819277108434
65,0.020879600197076797,100.0,1.5282212495803833,55.79819277108434
66,0.02116475999355316,100.0,1.5826842784881592,55.79819277108434
67,0.020356711000204086,100.0,1.6357567310333252,55.79819277108434
68,0.02113036811351776,100.0,1.689981460571289,55.79819277108434
69,0.02103402651846409,100.0,1.7387287616729736,55.79819277108434
70,0.0190195981413126,100.0,1.7883168458938599,55.79819277108434
71,0.019666142761707306,100.0,1.8294552564620972,55.79819277108434
72,0.01978163979947567,100.0,1.8758167028427124,55.79819277108434
73,0.019237160682678223,100.0,1.9137258529663086,55.79819277108434
74,0.019727706909179688,100.0,1.9544992446899414,55.79819277108434
75,0.01941521093249321,100.0,1.9847805500030518,55.79819277108434
76,0.018946683034300804,100.0,2.0225260257720947,55.79819277108434
77,0.01838921383023262,100.0,2.0482025146484375,55.79819277108434
78,0.01833897829055786,100.0,2.0682260990142822,55.79819277108434
79,0.019950278103351593,100.0,2.0960981845855713,55.79819277108434
80,0.019735854119062424,100.0,2.1131434440612793,55.79819277108434
81,0.019400399178266525,100.0,2.1260130405426025,55.79819277108434
82,0.019068174064159393,100.0,2.138469934463501,55.79819277108434
83,0.019893962889909744,100.0,2.14512300491333,55.79819277108434
84,0.018346477299928665,100.0,2.1697421073913574,55.79819277108434
85,0.01889457181096077,100.0,2.1801726818084717,55.79819277108434
86,0.01923677884042263,100.0,2.183537244796753,55.79819277108434
87,0.019291136413812637,100.0,2.1776137351989746,55.79819277108434
88,0.019677791744470596,100.0,2.191014528274536,55.79819277108434
89,0.018819989636540413,100.0,2.1892518997192383,55.79819277108434
90,0.018583713099360466,100.0,2.2043018341064453,55.79819277108434
91,0.01954290084540844,100.0,2.2072904109954834,55.79819277108434
92,0.01906466856598854,100.0,2.211533308029175,55.79819277108434
93,0.019271325320005417,100.0,2.202319622039795,55.79819277108434
94,0.018275022506713867,100.0,2.2094802856445312,55.79819277108434
95,0.01932976022362709,100.0,2.2120420932769775,55.79819277108434
96,0.01893499121069908,100.0,2.1971378326416016,55.79819277108434
97,0.01923765242099762,100.0,2.2046523094177246,55.79819277108434
98,0.019658969715237617,100.0,2.2070374488830566,55.79819277108434
99,0.019781246781349182,100.0,2.203946590423584,55.79819277108434
100,0.01920461840927601,100.0,2.222223997116089,55.79819277108434
101,0.018965966999530792,100.0,2.219949960708618,55.79819277108434
