Epoch,Repetition 1
0,0.7971815466880798
1,0.5847944617271423
2,0.5620075464248657
3,0.5208669304847717
4,0.4501975178718567
5,0.37123069167137146
6,0.3168491721153259
7,0.25413915514945984
8,0.20987698435783386
9,0.1681586056947708
10,0.13168014585971832
11,0.10861600190401077
12,0.10410342365503311
13,0.10605990886688232
14,0.10324692726135254
15,0.10084853321313858
16,0.09848330169916153
17,0.0960208922624588
18,0.09564706683158875
19,0.09280337393283844
20,0.09251309931278229
21,0.09175724536180496
22,0.08925553411245346
23,0.09316346794366837
24,0.08914297074079514
25,0.0870167464017868
26,0.08723701536655426
27,0.09123139828443527
28,0.09079669415950775
29,0.08892566710710526
30,0.0886860191822052
31,0.08960439264774323
32,0.09015581011772156
33,0.09088075160980225
34,0.09067239612340927
35,0.08994652330875397
36,0.08988995105028152
37,0.08861318975687027
38,0.09111767262220383
39,0.09057503938674927
40,0.08812738955020905
41,0.08852279931306839
42,0.08979441225528717
43,0.0900789126753807
44,0.09142907708883286
45,0.08960779756307602
46,0.08683639764785767
47,0.08966086059808731
48,0.08955632150173187
49,0.09162577986717224
50,0.0888974592089653
51,0.7971815466880798
52,0.5712612867355347
53,0.4781818389892578
54,0.3475480079650879
55,0.23587070405483246
56,0.1527884304523468
57,0.10441438853740692
58,0.06709089875221252
59,0.04685944318771362
60,0.0352347232401371
61,0.026688825339078903
62,0.022513914853334427
63,0.022674717009067535
64,0.021287433803081512
65,0.020879600197076797
66,0.02116475999355316
67,0.020356711000204086
68,0.02113036811351776
69,0.02103402651846409
70,0.0190195981413126
71,0.019666142761707306
72,0.01978163979947567
73,0.019237160682678223
74,0.019727706909179688
75,0.01941521093249321
76,0.018946683034300804
77,0.01838921383023262
78,0.01833897829055786
79,0.019950278103351593
80,0.019735854119062424
81,0.019400399178266525
82,0.019068174064159393
83,0.019893962889909744
84,0.018346477299928665
85,0.01889457181096077
86,0.01923677884042263
87,0.019291136413812637
88,0.019677791744470596
89,0.018819989636540413
90,0.018583713099360466
91,0.01954290084540844
92,0.01906466856598854
93,0.019271325320005417
94,0.018275022506713867
95,0.01932976022362709
96,0.01893499121069908
97,0.01923765242099762
98,0.019658969715237617
99,0.019781246781349182
100,0.01920461840927601
101,0.018965966999530792
