Epoch,Train Loss,Train Accuracy,Val Loss,Val Accuracy
0,0.7971815466880798,50.0,0.781823456287384,55.79819277108434
1,0.5847944617271423,83.33333333333333,2.1701836585998535,44.20180722891566
2,0.41816338896751404,96.66666666666667,1.192214012145996,55.79819277108434
3,0.2041054517030716,100.0,1.7826634645462036,55.79819277108434
4,0.08573372662067413,100.0,1.6687535047531128,55.79819277108434
5,0.04117727279663086,100.0,1.4833691120147705,55.79819277108434
6,0.7971815466880798,50.0,0.7817325592041016,55.79819277108434
7,0.5215432643890381,82.33333333333333,1.0028467178344727,55.79819277108434
8,0.1415945440530777,100.0,0.9962249398231506,55.79819277108434
9,0.03641733527183533,100.0,1.0194244384765625,55.79819277108434
10,0.016534069553017616,100.0,1.318780779838562,55.79819277108434
11,0.009026610292494297,100.0,1.504809021949768,55.79819277108434
