Epoch,Repetition 1,Repetition 2,Repetition 3,Repetition 4,Repetition 5
0,50.0,50.0,50.0,50.0,50.0
1,53.0,49.333333333333336,42.0,54.666666666666664,49.333333333333336
2,51.333333333333336,50.666666666666664,44.333333333333336,52.0,50.666666666666664
3,51.666666666666664,55.0,45.666666666666664,55.0,44.0
4,51.0,49.666666666666664,48.333333333333336,53.333333333333336,52.666666666666664
5,53.0,47.666666666666664,47.333333333333336,51.0,53.333333333333336
6,50.0,50.0,50.0,50.0,50.0
7,49.333333333333336,51.5,44.833333333333336,47.333333333333336,45.833333333333336
8,51.166666666666664,50.0,46.333333333333336,49.833333333333336,47.5
9,53.666666666666664,51.5,50.833333333333336,55.166666666666664,52.0
10,53.5,54.333333333333336,54.166666666666664,53.833333333333336,56.333333333333336
11,54.5,57.166666666666664,56.0,54.333333333333336,56.0
12,50.0,50.0,50.0,50.0,nan
13,47.0,50.55555555555556,50.111111111111114,49.111111111111114,nan
14,49.44444444444444,49.0,46.888888888888886,50.111111111111114,nan
15,52.55555555555556,50.22222222222222,48.888888888888886,48.888888888888886,nan
16,53.0,52.333333333333336,52.888888888888886,54.0,nan
17,59.44444444444444,52.44444444444444,55.44444444444444,55.333333333333336,nan
