Epoch,Repetition 1,Repetition 2,Repetition 3,Repetition 4,Repetition 5
0,0.7971814870834351,0.7971815466880798,0.7971814870834351,0.7971815466880798,0.7971814870834351
1,0.7773169875144958,0.7629045844078064,0.801631510257721,0.7420204877853394,0.7622728943824768
2,0.7729064226150513,0.7481993436813354,0.795415997505188,0.7565411329269409,0.7760342955589294
3,0.7586163282394409,0.7453885078430176,0.7689639329910278,0.7391616702079773,0.7668115496635437
4,0.7582799196243286,0.7543056011199951,0.7557663321495056,0.7489079833030701,0.7394084334373474
5,0.7285332679748535,0.7387605905532837,0.7534359693527222,0.7453251481056213,0.7228390574455261
6,0.7971814870834351,0.7971815466880798,0.7971814870834351,0.7971814870834351,0.7971815466880798
7,0.7773278951644897,0.7781863212585449,0.8000105023384094,0.780208945274353,0.8069379925727844
8,0.7509225606918335,0.7513015270233154,0.7763755321502686,0.7578625679016113,0.761724591255188
9,0.7304939031600952,0.7235488891601562,0.7163814306259155,0.7144681811332703,0.7160160541534424
10,0.6951864957809448,0.7207828164100647,0.6995890140533447,0.7015959024429321,0.7090519666671753
11,0.6839165687561035,0.7043975591659546,0.69568932056427,0.7085471153259277,0.7017773985862732
12,0.7971815466880798,0.7971814870834351,0.7971815466880798,0.7971815466880798,nan
13,0.7859786748886108,0.7634643912315369,0.7661668658256531,0.7693618535995483,nan
14,0.7670006155967712,0.7571151852607727,0.7684041261672974,0.7541776895523071,nan
15,0.7243442535400391,0.7355265617370605,0.7451674938201904,0.7339196801185608,nan
16,0.7047852277755737,0.7127739787101746,0.7130096554756165,0.7088170051574707,nan
17,0.6836564540863037,0.7043830752372742,0.6998340487480164,0.6924732327461243,nan
