Epoch,Train Loss,Train Accuracy,Val Loss,Val Accuracy
0,3.815729260444641,62.74609209970426,3.7902533054351806,63.578369243768485
1,1.9350008010864257,71.93333333333332,81065.53347804546,53.14744402196874
2,0.9847264051437378,55.26666666666667,17079491.21427803,53.13476975073932
3,1.3107898116111756,43.733333333333334,1810579.7291592597,50.89564850021124
4,0.7431538224220275,62.466666666666676,211903.75438079835,47.89607097591888
5,0.5863263428211212,73.06666666666668,31777.59253473282,46.89480354879594
6,0.5046685099601745,76.8,5964.884254360199,47.613012251795524
7,0.47826812863349916,78.0,1602.9200733184814,48.3312209547951
8,0.4457138478755951,80.86666666666667,537.6264936923981,48.64385297845374
9,0.43368932604789734,80.53333333333333,231.6978831768036,46.2779890156316
10,0.40246033668518066,83.06666666666668,103.98939912319183,45.25559780312632
11,0.36047587394714353,85.26666666666667,37.38710782527924,47.11449091677228
12,0.35768665075302125,85.86666666666667,16.992615628242493,47.99746514575411
13,0.3566481649875641,84.93333333333332,9.089460515975953,50.53231939163498
14,0.35052173137664794,86.33333333333334,5.410183644294738,55.378115758343895
15,0.34851869344711306,85.73333333333333,3.39373596906662,59.53105196451204
16,0.3364060640335083,87.2,2.283579874038696,62.7418673426278
17,0.33754572868347166,87.13333333333334,1.6357000708580016,65.49218419940853
18,0.3278736710548401,87.26666666666668,1.2211477220058442,67.71018166455428
19,0.32278408110141754,87.73333333333333,0.9520780980587006,70.32108153781158
20,0.31128354370594025,87.8,0.7832781672477722,72.88973384030419
21,0.31084234118461607,88.13333333333334,0.6622875809669495,75.29362061681454
22,0.3083189845085144,88.2,0.5881923258304596,77.22010984368399
23,0.302935391664505,88.26666666666667,0.529787802696228,78.81706801858894
24,0.3081035137176514,87.73333333333333,0.48438716530799864,80.17321504013519
25,0.30733602941036225,88.13333333333334,0.46382821202278135,81.33924799324038
26,0.30301421582698823,88.86666666666666,0.43698136806488036,82.23489649345163
27,0.3010979026556015,89.13333333333334,0.4190277874469757,83.0080270384453
28,0.30679692029953004,88.4,0.4049348711967468,83.56569497253909
29,0.301711368560791,89.2,0.39236721992492674,83.99662019433882
30,0.30105261206626893,88.66666666666666,0.3867539346218109,84.2923531896916
31,0.2993140935897827,88.93333333333334,0.37972724437713623,84.4486692015209
32,0.3008325695991516,88.73333333333333,0.37164041996002195,84.73172792564428
33,0.29661683440208436,88.6,0.36932286620140076,84.95564005069708
34,0.29803305566310884,88.86666666666666,0.3635259926319122,85.14575411913815
35,0.2956062763929367,89.4,0.36056156158447267,85.22602450359105
36,0.2979999005794525,88.73333333333332,0.36035752296447754,85.28094634558514
37,0.2956951230764389,89.13333333333334,0.35869638323783876,85.34009294465568
38,0.2986213743686676,89.06666666666668,0.35381067395210264,85.42881284326151
39,0.2974788278341293,88.6,0.35570321083068845,85.4837346852556
40,0.2942435026168823,89.13333333333333,0.3534939646720886,85.54288128432616
41,0.2998486220836639,89.26666666666667,0.3514776647090912,85.53865652724969
42,0.3012269973754883,88.73333333333332,0.35404582023620607,85.61470215462612
43,0.2954257607460022,88.33333333333334,0.3498758614063263,85.65272496831433
44,0.29930577278137205,88.93333333333334,0.3495321571826935,85.68652302492606
45,0.29666528403759,88.66666666666666,0.35068554878234864,85.69074778200255
46,0.30030005276203153,88.6,0.3515596628189087,85.72877059569075
47,0.29889422059059145,88.2,0.3486994206905365,85.74144486692015
48,0.29919789731502533,88.93333333333334,0.3485973298549652,85.74566962399663
49,0.2998470813035965,88.33333333333333,0.3496185660362244,85.75411913814955
50,0.3001186579465866,88.6,0.3477923393249512,85.78369243768483
51,0.6517030119895935,82.5,1.458671462535858,56.73848753696662
52,0.6667914688587189,65.53333333333333,0.9955016255378724,66.85678073510773
53,0.5338323235511779,72.26666666666667,1.6071964263916017,62.81791297000423
54,0.3969664514064789,81.6,1.732727038860321,61.867342627798905
55,0.3747144520282745,83.4,1.3864069163799286,65.98225602027884
56,0.324797922372818,85.89999999999999,0.9824093818664551,69.2733417828475
57,0.30980603098869325,88.93333333333334,0.7889957308769227,66.36248415716096
58,0.2654101550579071,90.06666666666666,0.504162335395813,78.2382762991128
59,0.2519137531518936,90.1,0.4627756178379059,77.89607097591889
60,0.22679230868816375,91.2,0.5042427718639374,78.77904520490071
61,0.22925853133201599,91.23333333333333,0.4094407081604004,82.79678918462189
62,0.2008384346961975,91.5,0.35259270668029785,85.62315166877904
63,0.19864833652973174,92.46666666666667,0.31450253129005434,87.49894381073088
64,0.18520695269107817,92.96666666666667,0.295077258348465,88.66075200675962
65,0.18502068519592285,93.56666666666665,0.284822541475296,89.40008449514153
66,0.1835198223590851,93.43333333333334,0.2741795480251312,89.86480777355301
67,0.1833766669034958,93.26666666666667,0.2679696887731552,90.14364174059992
68,0.16645278334617614,93.69999999999999,0.2650378465652466,90.26615969581749
69,0.1582132548093796,94.16666666666667,0.2609749734401703,90.28728348119984
70,0.1630048155784607,94.23333333333333,0.2595133423805237,90.41402619349388
71,0.15810101628303527,94.4,0.25048367977142333,90.62103929024082
72,0.1560429334640503,94.16666666666667,0.24442436695098876,90.7393324883819
73,0.15362488925457002,94.8,0.2375103712081909,90.86607520067597
74,0.15128875225782396,94.66666666666666,0.23730822205543517,90.88297422898184
75,0.14948656857013704,94.6,0.23600394129753113,90.92944655682298
76,0.14666942209005357,94.9,0.231935578584671,90.99281791297001
77,0.1321967601776123,94.73333333333335,0.2331715077161789,91.03084072665823
78,0.14428132623434067,94.86666666666666,0.2324382930994034,91.08998732572876
79,0.14313017427921296,94.9,0.23050537407398225,91.0223912125053
80,0.1500330910086632,95.0,0.22968923151493073,91.06463878326996
81,0.1376184344291687,94.93333333333334,0.22799790203571318,91.1533586818758
82,0.1339643642306328,95.1,0.22917881309986116,91.18293198141106
83,0.1402108073234558,95.06666666666668,0.22505250871181487,91.19560625264047
84,0.12349658906459808,95.0,0.2281914621591568,91.25897760878749
85,0.15679896920919417,94.9,0.22724033296108245,91.32657372201098
86,0.13239700794219972,94.9,0.22699545025825502,91.30122517955218
87,0.15430715680122375,95.13333333333333,0.22486879229545592,91.32657372201099
88,0.14421983063220978,95.43333333333334,0.23023988604545592,91.33079847908745
89,0.14658309817314147,95.3,0.22340951561927797,91.3645965356992
90,0.131352299451828,95.4,0.2263065904378891,91.36882129277566
91,0.14381957799196243,94.96666666666667,0.22837174832820892,91.44909167722855
92,0.1421212375164032,94.76666666666667,0.22496577799320222,91.51246303337558
93,0.12728085219860077,95.06666666666665,0.2236199289560318,91.48288973384031
94,0.1430976942181587,95.06666666666666,0.22341698110103608,91.47444021968735
95,0.15105476081371308,94.9,0.22677623629570007,91.45331643430502
96,0.15510712265968324,95.06666666666666,0.22624848484992982,91.47444021968737
97,0.12273381799459457,95.29999999999998,0.2243764579296112,91.44486692015208
98,0.13193779140710832,95.06666666666666,0.2235233098268509,91.4575411913815
99,0.13088357001543044,95.3,0.225690296292305,91.4575411913815
100,0.1364663541316986,94.96666666666667,0.2306808203458786,91.48288973384031
101,0.818554025888443,77.22222222222221,1.859414541721344,47.27503168567807
102,0.723257452249527,63.6,4.53133739233017,55.521757498943806
103,0.4754265069961548,78.37777777777777,12.352328062057495,55.171102661596954
104,0.38512623906135557,84.11111111111111,4.51229094862938,65.34431770173215
105,0.3245574116706848,86.93333333333332,1.3624987661838532,68.53400929446556
106,0.2818996787071228,88.88888888888889,1.3944855034351349,69.18884664131812
107,0.25551510155200957,89.8,1.5976073920726777,70.95479509928178
108,0.22569337189197541,91.66666666666667,1.5695045828819274,71.5378115758344
109,0.2139075517654419,91.86666666666666,1.0153109431266785,75.61470215462612
110,0.19843190014362336,92.37777777777778,0.7788297772407532,72.19264892268694
111,0.178317129611969,93.17777777777778,0.5496668338775634,77.90874524714829
112,0.16700685322284697,93.73333333333332,0.39624627232551574,83.70511195606254
113,0.16596103012561797,93.73333333333332,0.32383808195590974,86.3836079425433
114,0.15973356515169143,94.13333333333334,0.301942241191864,87.4947190536544
115,0.15224654525518416,94.42222222222222,0.29292493462562563,88.12843261512464
116,0.1498718112707138,94.6,0.2889729768037796,88.38614279678919
117,0.1492272436618805,94.82222222222222,0.29009725749492643,88.17490494296578
118,0.1373884856700897,95.04444444444445,0.3020549476146698,87.26235741444867
119,0.1384018361568451,95.04444444444444,0.3220639437437057,86.21461765948459
120,0.13287620544433593,95.26666666666668,0.33711338639259336,85.12463033375582
121,0.12923410534858704,95.57777777777778,0.3028854042291641,86.78495986480777
122,0.12820003032684327,95.55555555555554,0.2799917906522751,88.25095057034221
123,0.12811123430728913,95.6,0.26122790277004243,89.33671313899451
124,0.12736154347658157,95.57777777777778,0.24541517496109008,90.13941698352345
125,0.12719042599201202,95.6888888888889,0.23790580928325653,90.68441064638782
126,0.1272187501192093,95.77777777777779,0.22638342082500457,91.03929024081114
127,0.12479616701602936,95.64444444444445,0.22332122623920442,91.40261934938742
128,0.12394007742404937,96.02222222222223,0.21658091843128205,91.60540768905787
129,0.1229067862033844,95.84444444444443,0.21357256770133973,91.72792564427546
130,0.1236823707818985,95.71111111111111,0.2084396094083786,91.86311787072243
131,0.12176384478807449,96.08888888888889,0.20339124500751496,92.04055766793411
132,0.12209914922714234,95.75555555555556,0.20261658132076263,92.1715251373046
133,0.12139528542757035,95.86666666666666,0.20134071707725526,92.23489649345161
134,0.12055568099021911,95.99999999999999,0.19852507412433623,92.33629066328686
135,0.12212830483913421,95.91111111111111,0.19841794073581695,92.39121250528095
136,0.12281349897384644,95.97777777777779,0.1941716969013214,92.42078580481623
137,0.12212422639131545,95.82222222222222,0.19734976589679717,92.45458386142798
138,0.12181165814399719,96.06666666666666,0.19235662519931793,92.45458386142798
139,0.12317679673433304,95.93333333333334,0.19311926662921905,92.44190959019856
140,0.12198483198881149,95.86666666666667,0.19244134426116943,92.46725813265736
141,0.1213600367307663,96.08888888888889,0.19543707966804505,92.49260667511618
142,0.12206157743930816,95.86666666666666,0.19684118330478667,92.50950570342205
143,0.12221697866916656,96.19999999999999,0.19490579664707183,92.50950570342204
144,0.12217409610748291,96.06666666666666,0.19178345799446106,92.53907900295732
145,0.12201061099767685,96.17777777777778,0.191124427318573,92.5433037600338
146,0.12290450036525727,95.93333333333332,0.19258685111999513,92.55597803126321
147,0.12361472249031066,95.6888888888889,0.1942419409751892,92.5433037600338
148,0.12318299412727356,96.04444444444445,0.19152705669403075,92.5433037600338
149,0.12320947051048278,95.82222222222222,0.19105006456375123,92.55597803126321
150,0.12066497057676315,95.95555555555555,0.19236903488636017,92.55597803126321
151,0.5651982307434082,78.96666666666667,50.02842420339584,58.56780735107732
152,0.3832471489906311,83.4,26.202159577608107,67.37220109843683
153,0.2963921070098877,88.18333333333334,2.9040271520614622,68.03126320236586
154,0.2580864816904068,89.44999999999999,1.5375423729419708,75.28939585973806
155,0.21395116448402404,90.76666666666667,1.1205307364463806,71.80819602872835
156,0.21349274218082429,92.25000000000001,0.5248314142227173,76.43852978453738
157,0.18614435493946074,93.06666666666668,0.5331264615058899,71.96028728348121
158,0.18148745596408844,92.86666666666666,0.6258441209793091,69.9197296155471
159,0.1741489738225937,92.64999999999999,0.522425901889801,71.35192226446979
160,0.16728141605854036,93.76666666666668,0.5649252533912659,71.68567807351077
161,0.15911312997341157,94.35,0.47548561096191405,77.482044782425
162,0.14724142998456954,94.56666666666666,0.39598420560359954,82.1081537811576
163,0.1321399450302124,95.11666666666666,0.3470235407352448,85.98225602027883
164,0.12914334684610368,95.25000000000001,0.3294816970825195,87.13561470215463
165,0.12139561474323272,95.75,0.32216647267341614,87.64681030840727
166,0.11109642237424851,95.9,0.32973654866218566,87.53696662441908
167,0.11372536569833755,96.01666666666668,0.3335550963878632,86.73003802281367
168,0.10350833386182785,96.41666666666666,0.3130884528160095,87.18208702999577
169,0.10820266902446747,96.11666666666667,0.278077095746994,88.95648500211237
170,0.09364916086196899,96.85000000000001,0.2939369022846222,88.36501901140686
171,0.09251693040132522,96.8,0.24878608286380768,90.4773975496409
172,0.09359348565340042,96.81666666666666,0.2186299294233322,91.84199408534009
173,0.08721361756324768,97.2,0.20132690966129302,92.53062948880441
174,0.09232805371284485,96.88333333333333,0.18966375887393952,92.79678918462189
175,0.0863521970808506,97.13333333333334,0.18293872177600862,92.98690325306295
176,0.08569255024194718,97.26666666666667,0.18009971380233764,93.16856780735108
177,0.08748249560594559,97.23333333333332,0.17900686860084533,93.3502323616392
178,0.0897231787443161,97.33333333333334,0.17788683772087097,93.37558090409803
179,0.08431033864617347,97.35,0.1808655232191086,93.25306294888044
180,0.07729094550013542,97.55,0.17979546189308165,93.27841149133926
181,0.08017156049609184,97.73333333333332,0.1760855108499527,93.4178284748627
182,0.07773783057928085,97.5,0.17384465038776398,93.45162653147445
183,0.08276895210146903,97.58333333333333,0.17411931455135346,93.53189691592735
184,0.07633441388607025,97.63333333333334,0.17413079142570495,93.50232361639206
185,0.07752856835722924,97.68333333333334,0.17457448542118073,93.47275031685678
186,0.07946031913161278,97.61666666666666,0.1721990942955017,93.49387410223912
187,0.07698454484343528,97.46666666666667,0.175223508477211,93.46852555978032
188,0.0768735058605671,97.71666666666667,0.17685418725013732,93.46430080270386
189,0.07859361171722412,97.73333333333333,0.1782770961523056,93.48964934516265
190,0.07653473913669587,97.66666666666667,0.17546263039112092,93.50654837346852
191,0.08111902326345444,97.78333333333333,0.17405182421207427,93.52767215885085
192,0.0789384201169014,97.68333333333334,0.17593069672584533,93.5361216730038
193,0.08159470483660698,97.53333333333333,0.17599432468414306,93.54457118715672
194,0.0782375045120716,97.75,0.1785341739654541,93.53189691592733
195,0.07820505499839783,97.78333333333333,0.17464962601661682,93.56569497253908
196,0.08137523755431175,97.75,0.17477833330631257,93.5487959442332
197,0.07938377484679222,97.73333333333333,0.17614109218120574,93.51922264469792
198,0.08000376150012016,97.76666666666668,0.1763567954301834,93.56147021546262
199,0.07805896475911141,97.48333333333333,0.17762552201747894,93.5994930291508
200,0.0798858143389225,97.63333333333333,0.1752479374408722,93.54457118715673
201,0.7275742352008819,71.0,46.394442081451416,53.6163920574567
202,0.4065148949623108,82.78666666666666,36.66964101791382,57.68905787917195
203,0.2955335438251495,89.0,24.85816807746887,57.727080692860156
204,0.2504775136709213,90.55999999999999,9.027239376306534,69.602872834812
205,0.2216015100479126,91.65333333333334,3.5524172633886337,76.02450359104351
206,0.2003130465745926,92.33333333333333,1.221605545282364,80.89564850021124
207,0.18185654282569885,92.97333333333333,0.37683809697628023,85.8555133079848
208,0.1689336270093918,93.67999999999999,0.4229719042778015,79.37051119560627
209,0.16185927391052246,93.86666666666666,0.393290576338768,83.01647655259822
210,0.15621621906757355,94.28,0.6657075703144073,68.13688212927757
211,0.1491566404700279,94.58666666666666,0.5311842888593674,75.39079002957331
212,0.1349390223622322,95.17333333333333,0.4043461561203003,81.68990283058724
213,0.13539813458919525,95.10666666666665,0.34032796025276185,85.23869877482045
214,0.13019620180130004,95.26666666666668,0.3224280387163162,86.53569919729617
215,0.12252325266599655,95.54666666666668,0.3268107086420059,86.4385297845374
216,0.11979635953903198,95.53333333333333,0.3050332874059677,87.28770595690747
217,0.11371141374111175,95.97333333333333,0.27892111241817474,88.49598648077736
218,0.10942615568637848,96.32,0.2872687965631485,88.16645542881284
219,0.10641552954912185,96.2,0.2918452948331833,87.83269961977187
220,0.10265902429819107,96.42666666666666,0.2725349754095078,88.85931558935361
221,0.09697934836149216,96.65333333333334,0.2309924066066742,90.90409801436418
222,0.0979253590106964,96.73333333333332,0.20776350796222687,91.96873679763415
223,0.09619281738996506,96.88,0.19137529730796815,92.59822560202788
224,0.09344618022441864,96.92,0.17912308275699615,92.9277566539924
225,0.0931309625506401,96.97333333333334,0.17245898246765137,93.18969159273341
226,0.0895896315574646,97.09333333333333,0.17139747440814973,93.42205323193917
227,0.09311235547065735,96.69333333333331,0.16726965606212615,93.56569497253908
228,0.09086344987154008,96.90666666666667,0.16412810385227203,93.72623574144487
229,0.08948425650596618,96.93333333333334,0.16079122126102446,93.78115758343895
230,0.08804785758256913,97.05333333333334,0.1619094878435135,93.79805661174483
231,0.08897784650325775,96.93333333333334,0.16189743876457213,93.89522602450359
232,0.0871066391468048,97.18666666666667,0.1593902289867401,93.95014786649767
233,0.08785171061754227,96.98666666666666,0.15831857919692993,93.92479932403887
234,0.08728283494710923,97.06666666666668,0.16121189594268798,93.92057456696239
235,0.08765624761581421,97.06666666666668,0.1576971232891083,93.95014786649767
236,0.08744445145130157,97.02666666666667,0.16112883090972902,93.9332488381918
237,0.08755148202180862,97.22666666666666,0.16066716313362123,93.92479932403887
238,0.08777550309896469,97.02666666666667,0.16148428320884706,93.92479932403887
239,0.08628545850515365,97.16,0.16007527709007263,93.92479932403886
240,0.08682983219623566,97.16,0.15779085457324982,93.907900295733
241,0.08711612075567246,97.16,0.16156737208366395,93.92902408111533
242,0.08570945709943771,97.22666666666666,0.16246294975280762,93.91212505280947
243,0.08500906825065613,97.29333333333334,0.1605300009250641,93.92057456696242
244,0.08668892234563827,97.25333333333333,0.1608082741498947,93.9205745669624
245,0.08628982454538345,97.16,0.1602942794561386,93.92057456696242
246,0.08702364414930344,97.05333333333334,0.15979323387145997,93.94169835234473
247,0.0857593759894371,97.24,0.16281560957431793,93.92479932403887
248,0.08515547811985016,97.22666666666666,0.1622236967086792,93.93747359526826
249,0.08601542264223098,97.13333333333333,0.161612868309021,93.92902408111533
250,0.08511001914739609,97.16,0.15947330594062806,93.93324883819182
