Epoch,Repetition 1,Repetition 2,Repetition 3,Repetition 4,Repetition 5
0,61.28010139416983,60.139416983523446,67.74397972116603,61.575834389522605,62.99112801013942
1,71.33333333333333,67.33333333333333,71.0,75.0,75.0
2,77.66666666666667,40.666666666666664,55.333333333333336,58.333333333333336,44.333333333333336
3,39.666666666666664,31.666666666666668,67.33333333333333,26.333333333333332,53.666666666666664
4,66.66666666666667,49.0,73.33333333333333,54.333333333333336,69.0
5,73.0,73.66666666666667,81.33333333333333,59.666666666666664,77.66666666666667
6,83.0,77.66666666666667,82.0,64.0,77.33333333333333
7,80.33333333333333,77.0,85.0,70.0,77.66666666666667
8,82.66666666666667,78.0,88.66666666666667,74.0,81.0
9,81.0,78.66666666666667,86.66666666666667,74.33333333333333,82.0
10,83.0,80.0,91.0,75.66666666666667,85.66666666666667
11,86.33333333333333,79.0,89.33333333333333,84.66666666666667,87.0
12,86.66666666666667,81.66666666666667,91.0,84.0,86.0
13,85.33333333333333,80.33333333333333,90.33333333333333,83.33333333333333,85.33333333333333
14,86.66666666666667,81.33333333333333,90.66666666666667,84.66666666666667,88.33333333333333
15,86.0,79.66666666666667,92.0,85.33333333333333,85.66666666666667
16,88.33333333333333,81.33333333333333,92.33333333333333,87.33333333333333,86.66666666666667
17,89.0,79.0,93.0,86.66666666666667,88.0
18,88.0,81.66666666666667,93.0,87.66666666666667,86.0
19,90.0,82.0,93.33333333333333,86.66666666666667,86.66666666666667
20,91.0,81.33333333333333,93.0,87.0,86.66666666666667
21,91.33333333333333,81.33333333333333,92.33333333333333,88.66666666666667,87.0
22,90.33333333333333,81.66666666666667,94.33333333333333,88.0,86.66666666666667
23,91.33333333333333,80.66666666666667,93.33333333333333,88.66666666666667,87.33333333333333
24,90.0,81.66666666666667,93.0,87.33333333333333,86.66666666666667
25,90.0,80.66666666666667,94.66666666666667,88.33333333333333,87.0
26,90.66666666666667,81.33333333333333,94.66666666666667,90.33333333333333,87.33333333333333
27,91.66666666666667,82.33333333333333,94.33333333333333,88.66666666666667,88.66666666666667
28,91.0,81.33333333333333,92.0,90.66666666666667,87.0
29,90.0,82.66666666666667,94.0,91.0,88.33333333333333
30,91.33333333333333,81.66666666666667,94.66666666666667,87.33333333333333,88.33333333333333
31,91.0,81.0,94.66666666666667,90.66666666666667,87.33333333333333
32,92.33333333333333,80.33333333333333,94.33333333333333,89.66666666666667,87.0
33,91.33333333333333,80.66666666666667,95.0,89.0,87.0
34,91.33333333333333,82.0,93.33333333333333,90.0,87.66666666666667
35,90.66666666666667,82.66666666666667,95.33333333333333,90.66666666666667,87.66666666666667
36,91.66666666666667,81.33333333333333,94.33333333333333,89.33333333333333,87.0
37,92.0,81.66666666666667,95.0,89.33333333333333,87.66666666666667
38,90.66666666666667,83.0,94.0,89.66666666666667,88.0
39,91.0,81.33333333333333,95.0,87.33333333333333,88.33333333333333
40,91.66666666666667,82.33333333333333,93.33333333333333,90.33333333333333,88.0
41,91.33333333333333,83.0,95.0,89.33333333333333,87.66666666666667
42,90.33333333333333,81.66666666666667,94.0,90.33333333333333,87.33333333333333
43,91.0,80.0,94.0,88.66666666666667,88.0
44,91.0,81.66666666666667,94.0,90.33333333333333,87.66666666666667
45,91.33333333333333,81.0,95.0,89.0,87.0
46,91.33333333333333,81.0,94.0,88.66666666666667,88.0
47,90.33333333333333,80.66666666666667,93.33333333333333,89.0,87.66666666666667
48,91.66666666666667,82.0,94.66666666666667,88.33333333333333,88.0
49,90.66666666666667,79.66666666666667,93.66666666666667,90.33333333333333,87.33333333333333
50,91.0,81.0,95.33333333333333,88.0,87.66666666666667
51,81.16666666666667,78.16666666666667,84.66666666666667,86.16666666666667,82.33333333333333
52,66.66666666666667,57.333333333333336,49.666666666666664,75.33333333333333,78.66666666666667
53,76.83333333333333,54.5,66.0,81.66666666666667,82.33333333333333
54,81.33333333333333,76.5,81.83333333333333,86.16666666666667,82.16666666666667
55,79.16666666666667,84.33333333333333,84.0,82.5,87.0
56,82.33333333333333,85.33333333333333,86.66666666666667,85.83333333333333,89.33333333333333
57,89.0,86.5,88.33333333333333,91.66666666666667,89.16666666666667
58,86.83333333333333,91.0,90.16666666666667,91.33333333333333,91.0
59,90.33333333333333,89.5,90.16666666666667,91.66666666666667,88.83333333333333
60,90.33333333333333,91.16666666666667,91.66666666666667,93.33333333333333,89.5
61,88.66666666666667,93.16666666666667,92.66666666666667,92.16666666666667,89.5
62,89.66666666666667,93.66666666666667,92.16666666666667,92.5,89.5
63,92.0,93.33333333333333,92.66666666666667,94.0,90.33333333333333
64,92.16666666666667,93.83333333333333,93.83333333333333,93.5,91.5
65,93.33333333333333,93.83333333333333,93.5,94.33333333333333,92.83333333333333
66,92.33333333333333,94.66666666666667,93.5,94.5,92.16666666666667
67,92.0,94.0,94.0,93.83333333333333,92.5
68,92.33333333333333,95.0,94.33333333333333,94.0,92.83333333333333
69,92.83333333333333,95.66666666666667,94.16666666666667,94.5,93.66666666666667
70,93.16666666666667,95.33333333333333,95.0,94.5,93.16666666666667
71,94.16666666666667,95.33333333333333,95.16666666666667,95.16666666666667,92.16666666666667
72,94.5,95.0,94.0,94.66666666666667,92.66666666666667
73,94.66666666666667,95.5,95.33333333333333,95.5,93.0
74,94.5,95.83333333333333,94.83333333333333,94.16666666666667,94.0
75,94.66666666666667,95.33333333333333,95.0,94.66666666666667,93.33333333333333
76,94.0,95.5,96.0,95.0,94.0
77,94.0,95.16666666666667,95.16666666666667,95.16666666666667,94.16666666666667
78,94.16666666666667,95.5,95.5,95.33333333333333,93.83333333333333
79,94.83333333333333,95.33333333333333,95.83333333333333,95.0,93.5
80,94.16666666666667,95.83333333333333,96.0,95.16666666666667,93.83333333333333
81,95.0,95.16666666666667,95.33333333333333,95.16666666666667,94.0
82,94.16666666666667,95.16666666666667,96.33333333333333,95.5,94.33333333333333
83,94.66666666666667,95.5,95.66666666666667,95.83333333333333,93.66666666666667
84,95.16666666666667,95.33333333333333,96.0,94.83333333333333,93.66666666666667
85,93.66666666666667,96.0,95.83333333333333,95.0,94.0
86,94.16666666666667,95.66666666666667,95.16666666666667,95.16666666666667,94.33333333333333
87,94.33333333333333,95.83333333333333,96.0,95.33333333333333,94.16666666666667
88,94.83333333333333,95.66666666666667,97.0,95.16666666666667,94.5
89,95.33333333333333,95.5,96.33333333333333,95.16666666666667,94.16666666666667
90,95.0,95.83333333333333,96.16666666666667,95.5,94.5
91,94.66666666666667,95.83333333333333,96.5,94.5,93.33333333333333
92,94.5,95.0,94.83333333333333,94.83333333333333,94.66666666666667
93,94.33333333333333,95.5,96.33333333333333,95.33333333333333,93.83333333333333
94,94.83333333333333,95.83333333333333,95.5,95.16666666666667,94.0
95,94.83333333333333,95.5,95.5,94.66666666666667,94.0
96,95.0,95.33333333333333,95.33333333333333,95.16666666666667,94.5
97,95.16666666666667,95.83333333333333,95.83333333333333,95.33333333333333,94.33333333333333
98,94.5,95.33333333333333,95.66666666666667,95.33333333333333,94.5
99,95.0,95.66666666666667,96.16666666666667,95.33333333333333,94.33333333333333
100,94.66666666666667,94.83333333333333,95.66666666666667,95.5,94.16666666666667
101,78.88888888888889,84.44444444444444,80.66666666666667,68.0,74.11111111111111
102,51.55555555555556,53.22222222222222,76.55555555555556,78.22222222222223,58.44444444444444
103,77.44444444444444,75.88888888888889,77.55555555555556,84.44444444444444,76.55555555555556
104,81.88888888888889,81.66666666666667,86.88888888888889,87.44444444444444,82.66666666666667
105,85.44444444444444,83.88888888888889,90.33333333333333,89.22222222222223,85.77777777777777
106,89.88888888888889,86.0,91.11111111111111,89.88888888888889,87.55555555555556
107,91.11111111111111,85.66666666666667,92.0,92.55555555555556,87.66666666666667
108,91.0,89.66666666666667,93.44444444444444,94.11111111111111,90.11111111111111
109,89.88888888888889,90.44444444444444,93.0,94.33333333333333,91.66666666666667
110,90.11111111111111,91.77777777777777,94.22222222222223,93.66666666666667,92.11111111111111
111,91.66666666666667,92.66666666666667,94.55555555555556,95.11111111111111,91.88888888888889
112,92.11111111111111,93.22222222222223,95.44444444444444,95.33333333333333,92.55555555555556
113,92.0,92.88888888888889,95.77777777777777,95.33333333333333,92.66666666666667
114,93.22222222222223,93.66666666666667,95.88888888888889,95.11111111111111,92.77777777777777
115,93.55555555555556,93.22222222222223,95.77777777777777,95.77777777777777,93.77777777777777
116,93.66666666666667,93.88888888888889,96.33333333333333,95.33333333333333,93.77777777777777
117,93.77777777777777,94.22222222222223,96.55555555555556,96.0,93.55555555555556
118,93.77777777777777,93.88888888888889,96.77777777777777,96.33333333333333,94.44444444444444
119,93.11111111111111,93.66666666666667,97.55555555555556,96.0,94.88888888888889
120,93.55555555555556,94.33333333333333,97.0,96.55555555555556,94.88888888888889
121,94.0,94.88888888888889,97.0,96.77777777777777,95.22222222222223
122,94.11111111111111,94.77777777777777,96.77777777777777,97.33333333333333,94.77777777777777
123,94.77777777777777,94.55555555555556,97.11111111111111,96.77777777777777,94.77777777777777
124,94.0,94.55555555555556,97.22222222222223,97.11111111111111,95.0
125,94.44444444444444,94.0,97.44444444444444,97.11111111111111,95.44444444444444
126,94.22222222222223,94.77777777777777,97.33333333333333,97.11111111111111,95.44444444444444
127,94.11111111111111,94.33333333333333,97.33333333333333,97.0,95.44444444444444
128,94.66666666666667,94.77777777777777,97.66666666666667,97.33333333333333,95.66666666666667
129,94.0,95.0,97.55555555555556,97.33333333333333,95.33333333333333
130,94.77777777777777,94.22222222222223,97.66666666666667,97.0,94.88888888888889
131,94.66666666666667,94.77777777777777,98.0,97.55555555555556,95.44444444444444
132,93.88888888888889,94.77777777777777,97.33333333333333,97.33333333333333,95.44444444444444
133,94.44444444444444,95.11111111111111,97.44444444444444,97.55555555555556,94.77777777777777
134,94.44444444444444,94.88888888888889,97.88888888888889,97.44444444444444,95.33333333333333
135,94.88888888888889,93.77777777777777,97.77777777777777,97.33333333333333,95.77777777777777
136,94.77777777777777,94.66666666666667,97.22222222222223,97.66666666666667,95.55555555555556
137,94.0,94.66666666666667,97.77777777777777,97.33333333333333,95.33333333333333
138,94.77777777777777,94.77777777777777,97.55555555555556,97.44444444444444,95.77777777777777
139,93.88888888888889,95.11111111111111,97.66666666666667,97.33333333333333,95.66666666666667
140,94.44444444444444,94.77777777777777,97.44444444444444,97.44444444444444,95.22222222222223
141,94.88888888888889,94.77777777777777,97.66666666666667,97.66666666666667,95.44444444444444
142,94.77777777777777,95.0,97.22222222222223,97.11111111111111,95.22222222222223
143,94.88888888888889,95.11111111111111,98.11111111111111,97.55555555555556,95.33333333333333
144,94.33333333333333,95.11111111111111,97.55555555555556,97.55555555555556,95.77777777777777
145,95.0,94.88888888888889,97.66666666666667,97.44444444444444,95.88888888888889
146,94.22222222222223,95.0,97.33333333333333,97.33333333333333,95.77777777777777
147,93.77777777777777,93.88888888888889,97.77777777777777,97.44444444444444,95.55555555555556
148,94.55555555555556,94.44444444444444,98.11111111111111,97.44444444444444,95.66666666666667
149,94.33333333333333,94.88888888888889,97.55555555555556,96.66666666666667,95.66666666666667
150,94.33333333333333,95.0,97.44444444444444,97.22222222222223,95.77777777777777
151,84.16666666666667,74.08333333333333,82.16666666666667,74.58333333333333,79.83333333333333
152,86.16666666666667,85.16666666666667,86.08333333333333,75.75,83.83333333333333
153,89.16666666666667,86.75,91.16666666666667,86.83333333333333,87.0
154,86.33333333333333,89.25,93.08333333333333,88.5,90.08333333333333
155,89.83333333333333,91.25,93.83333333333333,89.91666666666667,89.0
156,91.75,90.75,94.66666666666667,91.41666666666667,92.66666666666667
157,91.91666666666667,92.25,95.5,93.5,92.16666666666667
158,92.58333333333333,92.41666666666667,92.5,94.25,92.58333333333333
159,91.83333333333333,92.5,94.08333333333333,93.25,91.58333333333333
160,94.16666666666667,91.66666666666667,94.75,94.75,93.5
161,94.91666666666667,93.25,94.75,94.33333333333333,94.5
162,94.91666666666667,93.25,95.33333333333333,94.33333333333333,95.0
163,95.5,93.58333333333333,96.25,94.83333333333333,95.41666666666667
164,95.75,93.75,95.91666666666667,95.41666666666667,95.41666666666667
165,96.25,94.33333333333333,96.41666666666667,95.91666666666667,95.83333333333333
166,96.41666666666667,95.16666666666667,96.41666666666667,95.58333333333333,95.91666666666667
167,96.75,95.25,96.5,95.66666666666667,95.91666666666667
168,96.91666666666667,95.75,97.0,96.08333333333333,96.33333333333333
169,96.5,94.75,97.0,96.66666666666667,95.66666666666667
170,97.41666666666667,95.91666666666667,97.33333333333333,96.91666666666667,96.66666666666667
171,97.58333333333333,95.41666666666667,97.5,96.66666666666667,96.83333333333333
172,97.58333333333333,95.5,97.66666666666667,96.5,96.83333333333333
173,98.25,96.08333333333333,97.5,96.91666666666667,97.25
174,97.75,96.08333333333333,97.33333333333333,96.5,96.75
175,98.25,95.83333333333333,97.5,97.16666666666667,96.91666666666667
176,98.25,96.41666666666667,97.58333333333333,96.83333333333333,97.25
177,98.25,96.33333333333333,97.41666666666667,96.83333333333333,97.33333333333333
178,98.5,96.16666666666667,97.83333333333333,96.91666666666667,97.25
179,98.75,96.33333333333333,97.75,96.83333333333333,97.08333333333333
180,98.5,96.41666666666667,97.83333333333333,97.25,97.75
181,98.83333333333333,96.33333333333333,98.25,97.16666666666667,98.08333333333333
182,98.91666666666667,96.16666666666667,97.83333333333333,97.33333333333333,97.25
183,98.75,96.25,98.08333333333333,97.08333333333333,97.75
184,98.75,96.5,98.16666666666667,97.08333333333333,97.66666666666667
185,98.75,96.41666666666667,98.33333333333333,96.91666666666667,98.0
186,98.91666666666667,96.33333333333333,97.83333333333333,97.0,98.0
187,98.91666666666667,96.0,97.75,97.08333333333333,97.58333333333333
188,99.25,96.58333333333333,98.25,97.33333333333333,97.16666666666667
189,99.16666666666667,96.5,98.0,97.0,98.0
190,98.91666666666667,96.5,98.0,97.0,97.91666666666667
191,99.08333333333333,96.58333333333333,97.91666666666667,97.08333333333333,98.25
192,98.66666666666667,97.08333333333333,97.91666666666667,97.25,97.5
193,98.91666666666667,96.5,97.91666666666667,96.83333333333333,97.5
194,99.0,96.58333333333333,98.5,97.25,97.41666666666667
195,99.25,96.75,97.91666666666667,97.08333333333333,97.91666666666667
196,99.0,96.66666666666667,98.33333333333333,97.16666666666667,97.58333333333333
197,99.08333333333333,96.25,98.16666666666667,97.41666666666667,97.75
198,99.0,96.25,98.25,97.66666666666667,97.66666666666667
199,99.0,96.0,98.0,96.91666666666667,97.5
200,98.83333333333333,96.75,97.83333333333333,97.08333333333333,97.66666666666667
201,80.93333333333334,65.6,82.53333333333333,65.06666666666666,60.86666666666667
202,86.73333333333333,81.6,91.46666666666667,83.0,71.13333333333334
203,90.8,87.53333333333333,92.26666666666667,88.73333333333333,85.66666666666667
204,91.8,88.8,93.53333333333333,90.53333333333333,88.13333333333334
205,92.4,91.13333333333334,94.06666666666666,91.13333333333334,89.53333333333333
206,93.26666666666667,91.2,93.53333333333333,92.13333333333334,91.53333333333333
207,93.73333333333333,92.33333333333333,94.06666666666666,93.0,91.73333333333333
208,94.0,92.86666666666666,94.53333333333333,93.73333333333333,93.26666666666667
209,93.4,93.6,95.06666666666666,93.6,93.66666666666667
210,93.8,93.6,95.2,94.86666666666666,93.93333333333334
211,94.66666666666667,92.93333333333334,96.4,94.4,94.53333333333333
212,95.13333333333334,94.0,95.86666666666666,96.26666666666667,94.6
213,94.86666666666666,94.4,96.06666666666666,95.46666666666667,94.73333333333333
214,94.8,94.2,96.6,95.73333333333333,95.0
215,95.6,94.33333333333333,96.4,95.73333333333333,95.66666666666667
216,95.33333333333333,94.26666666666667,96.46666666666667,96.06666666666666,95.53333333333333
217,95.73333333333333,94.4,97.2,96.46666666666667,96.06666666666666
218,96.13333333333334,95.0,97.53333333333333,96.86666666666666,96.06666666666666
219,95.8,95.06666666666666,97.33333333333333,97.0,95.8
220,95.8,95.66666666666667,97.46666666666667,97.0,96.2
221,96.4,95.33333333333333,97.66666666666667,97.26666666666667,96.6
222,96.4,95.33333333333333,97.86666666666666,97.53333333333333,96.53333333333333
223,96.73333333333333,95.6,97.93333333333334,97.53333333333333,96.6
224,96.6,95.86666666666666,98.06666666666666,97.46666666666667,96.6
225,96.66666666666667,96.06666666666666,97.73333333333333,97.73333333333333,96.66666666666667
226,96.8,95.66666666666667,98.2,98.06666666666666,96.73333333333333
227,96.26666666666667,95.6,97.53333333333333,97.53333333333333,96.53333333333333
228,96.4,96.0,97.6,97.86666666666666,96.66666666666667
229,96.6,95.86666666666666,97.73333333333333,97.8,96.66666666666667
230,96.93333333333334,95.66666666666667,97.93333333333334,97.73333333333333,97.0
231,96.8,95.73333333333333,97.86666666666666,97.6,96.66666666666667
232,96.46666666666667,96.2,98.26666666666667,98.2,96.8
233,96.8,95.8,97.66666666666667,97.86666666666666,96.8
234,97.0,95.93333333333334,97.93333333333334,97.86666666666666,96.6
235,97.13333333333334,95.8,97.8,98.0,96.6
236,97.06666666666666,95.8,97.8,97.73333333333333,96.73333333333333
237,97.06666666666666,95.86666666666666,98.2,98.13333333333334,96.86666666666666
238,96.4,95.6,98.26666666666667,98.13333333333334,96.73333333333333
239,96.73333333333333,95.86666666666666,98.2,98.0,97.0
240,96.93333333333334,96.26666666666667,98.06666666666666,97.73333333333333,96.8
241,96.86666666666666,96.13333333333334,97.8,97.93333333333334,97.06666666666666
242,97.06666666666666,96.0,98.0,98.13333333333334,96.93333333333334
243,97.2,96.46666666666667,98.26666666666667,98.0,96.53333333333333
244,96.73333333333333,96.13333333333334,98.06666666666666,98.13333333333334,97.2
245,97.0,96.0,98.06666666666666,97.86666666666666,96.86666666666666
246,97.0,95.8,98.06666666666666,97.73333333333333,96.66666666666667
247,97.0,96.33333333333333,98.13333333333334,97.86666666666666,96.86666666666666
248,96.86666666666666,96.0,98.33333333333333,97.86666666666666,97.06666666666666
249,97.06666666666666,95.53333333333333,97.73333333333333,98.0,97.33333333333333
250,96.93333333333334,96.13333333333334,98.06666666666666,97.8,96.86666666666666
