Epoch,Repetition 1,Repetition 2,Repetition 3,Repetition 4,Repetition 5
0,1.9513288736343384,6.195168972015381,2.0804765224456787,5.068224906921387,3.783447027206421
1,1.7968789339065552,2.2630152702331543,2.3325321674346924,1.5515098571777344,1.7310677766799927
2,0.5126689672470093,1.194528579711914,1.0587060451507568,0.6755040884017944,1.4822243452072144
3,1.1494964361190796,1.4281502962112427,0.6886255145072937,2.073678731918335,1.2139980792999268
4,0.9465425610542297,0.8255022764205933,0.524762749671936,0.7942423820495605,0.6247191429138184
5,0.7121827602386475,0.5537457466125488,0.45990440249443054,0.7053560614585876,0.5004427433013916
6,0.45533108711242676,0.5203654766082764,0.4004078805446625,0.6733115911483765,0.47392651438713074
7,0.44507095217704773,0.5091132521629333,0.3675444722175598,0.6093277931213379,0.46028417348861694
8,0.4269091784954071,0.48335695266723633,0.3232676684856415,0.550830602645874,0.44420483708381653
9,0.41961905360221863,0.4798705279827118,0.3121263086795807,0.536344051361084,0.4204866886138916
10,0.3892509639263153,0.4575035572052002,0.27724117040634155,0.5073122382164001,0.3809937536716461
11,0.34536802768707275,0.4310069978237152,0.2501096725463867,0.42540568113327026,0.3504889905452728
12,0.3349279463291168,0.44311651587486267,0.23854029178619385,0.4179692566394806,0.35387924313545227
13,0.3398420512676239,0.4514307677745819,0.23322629928588867,0.4040960669517517,0.35464563965797424
14,0.32989344000816345,0.4510275423526764,0.22182932496070862,0.39860907196998596,0.3512492775917053
15,0.32684841752052307,0.43884238600730896,0.22053253650665283,0.403080016374588,0.3532901108264923
16,0.30682632327079773,0.4284435212612152,0.21319028735160828,0.3817642331123352,0.3518059551715851
17,0.30083534121513367,0.4514288902282715,0.21300679445266724,0.38143420219421387,0.34102341532707214
18,0.2971251606941223,0.4346815049648285,0.19881212711334229,0.36778128147125244,0.3409682810306549
19,0.284528911113739,0.4269636571407318,0.19481311738491058,0.3696742355823517,0.3379404842853546
20,0.282879114151001,0.40951308608055115,0.19105519354343414,0.34201762080192566,0.3309527039527893
21,0.2646292746067047,0.4371218979358673,0.17967572808265686,0.34769177436828613,0.32509303092956543
22,0.2768757939338684,0.4198821783065796,0.17891883850097656,0.335414856672287,0.3305032551288605
23,0.26287007331848145,0.4065055251121521,0.18227463960647583,0.33831530809402466,0.324711412191391
24,0.2630086839199066,0.42725998163223267,0.17533114552497864,0.34680095314979553,0.3281168043613434
25,0.2659675180912018,0.4249606430530548,0.17565138638019562,0.3406577408313751,0.3294428586959839
26,0.26394370198249817,0.4140649437904358,0.18102099001407623,0.3302362263202667,0.3258052170276642
27,0.25975725054740906,0.412118136882782,0.17745573818683624,0.3314867615699768,0.3246716260910034
28,0.26853644847869873,0.41518232226371765,0.1915927231311798,0.32946696877479553,0.3292061388492584
29,0.26089802384376526,0.42544686794281006,0.17482852935791016,0.3260575830936432,0.3213258385658264
30,0.2600853443145752,0.4198550581932068,0.16888469457626343,0.33373379707336426,0.32270416617393494
31,0.256496399641037,0.42499130964279175,0.17349785566329956,0.32483938336372375,0.3167455196380615
32,0.25346601009368896,0.43301188945770264,0.17171359062194824,0.3248918652534485,0.3210794925689697
33,0.25215861201286316,0.41752761602401733,0.1709316074848175,0.32502737641334534,0.3174389600753784
34,0.25293514132499695,0.4183657765388489,0.17466692626476288,0.3186580240726471,0.32553941011428833
35,0.26141026616096497,0.4025024473667145,0.16733090579509735,0.323067843914032,0.32371991872787476
36,0.2582645118236542,0.40779638290405273,0.17521414160728455,0.32785654067993164,0.3208679258823395
37,0.2566041052341461,0.40812212228775024,0.169277623295784,0.3229297995567322,0.321541965007782
38,0.2619771361351013,0.4116991460323334,0.16959786415100098,0.32965749502182007,0.3201752305030823
39,0.25894400477409363,0.4132883548736572,0.17024604976177216,0.32290220260620117,0.3220135271549225
40,0.25379452109336853,0.40490567684173584,0.17463216185569763,0.3162708580493927,0.3216142952442169
41,0.2481221854686737,0.41730907559394836,0.17795902490615845,0.3297214210033417,0.3261314034461975
42,0.2606436610221863,0.4257172644138336,0.1731875240802765,0.3270135819911957,0.31957295536994934
43,0.25326788425445557,0.41351476311683655,0.1693097949028015,0.3239372968673706,0.31709906458854675
44,0.26058462262153625,0.41807612776756287,0.16697844862937927,0.32056936621665955,0.3303202986717224
45,0.25652074813842773,0.40999212861061096,0.16616524755954742,0.32444778084754944,0.3262005150318146
46,0.25999167561531067,0.4167858064174652,0.17563991248607635,0.32660382986068726,0.3224790394306183
47,0.24816688895225525,0.4192619323730469,0.17537468671798706,0.3280961215496063,0.32357147336006165
48,0.2526230812072754,0.41372019052505493,0.17320068180561066,0.3295738697052002,0.3268716633319855
49,0.25266575813293457,0.4220528304576874,0.1747150868177414,0.3224627375602722,0.3273389935493469
50,0.2517722547054291,0.4193662703037262,0.17046599090099335,0.3329220116138458,0.3260667622089386
51,0.9667500257492065,0.6094802618026733,0.6418392062187195,0.44178998470306396,0.5986555814743042
52,0.6312018632888794,0.783110499382019,1.0226200819015503,0.49674123525619507,0.40028366446495056
53,0.5163180828094482,0.6372703909873962,0.637457549571991,0.4257277250289917,0.45238786935806274
54,0.39944595098495483,0.5002647638320923,0.412879079580307,0.30387139320373535,0.36837106943130493
55,0.3964843451976776,0.404191792011261,0.3870666027069092,0.37682217359542847,0.30900734663009644
56,0.38383978605270386,0.3218160569667816,0.28633809089660645,0.374514102935791,0.25748157501220703
57,0.2968553304672241,0.33821409940719604,0.31620603799819946,0.28486499190330505,0.3128896951675415
58,0.2764875292778015,0.253412127494812,0.28821295499801636,0.24910587072372437,0.2598322927951813
59,0.2505502700805664,0.2279091328382492,0.2465876340866089,0.23959869146347046,0.2949230372905731
60,0.23143203556537628,0.2090778797864914,0.21689032018184662,0.215562105178833,0.2609992027282715
61,0.3112947940826416,0.1864069700241089,0.1956733614206314,0.20814423263072968,0.24477329850196838
62,0.2581508159637451,0.17668738961219788,0.19315358996391296,0.1479029804468155,0.2282973974943161
63,0.20374523103237152,0.20116060972213745,0.1917908489704132,0.16004988551139832,0.23649510741233826
64,0.18472158908843994,0.1599443107843399,0.16481927037239075,0.19624513387680054,0.2203044593334198
65,0.17833378911018372,0.20015980303287506,0.14415264129638672,0.19068893790245056,0.2117682546377182
66,0.1710905283689499,0.1540406346321106,0.17432883381843567,0.18007799983024597,0.2380611151456833
67,0.20986396074295044,0.12608876824378967,0.1636722981929779,0.19884733855724335,0.21841096878051758
68,0.176001638174057,0.15854458510875702,0.13059593737125397,0.15333431959152222,0.21378743648529053
69,0.1644516885280609,0.1277243196964264,0.16675007343292236,0.13303406536579132,0.1991061270236969
70,0.20598813891410828,0.12723900377750397,0.12879802286624908,0.1475805640220642,0.20541834831237793
71,0.1545429527759552,0.16177675127983093,0.11775633692741394,0.16235071420669556,0.19407832622528076
72,0.1487663835287094,0.13083574175834656,0.13278278708457947,0.15593186020851135,0.21189789474010468
73,0.15854960680007935,0.1337166726589203,0.13681066036224365,0.15836367011070251,0.18068383634090424
74,0.18264120817184448,0.11782605946063995,0.1189308688044548,0.14533023536205292,0.19171538949012756
75,0.15532207489013672,0.16770175099372864,0.10681602358818054,0.13982747495174408,0.17776551842689514
76,0.16213849186897278,0.14306500554084778,0.13393911719322205,0.12102165073156357,0.17318284511566162
77,0.16086983680725098,0.12883132696151733,0.11112433671951294,0.11211980879306793,0.14803849160671234
78,0.15386879444122314,0.1147482767701149,0.12406928837299347,0.1785491406917572,0.15017113089561462
79,0.1271035373210907,0.15784649550914764,0.12955015897750854,0.11469054222106934,0.18646013736724854
80,0.1526714563369751,0.13029593229293823,0.11225905269384384,0.17197301983833313,0.18296599388122559
81,0.1289239376783371,0.1388016939163208,0.11080442368984222,0.12231799960136414,0.18724411725997925
82,0.13716724514961243,0.14200690388679504,0.1007072702050209,0.12446752190589905,0.1654728800058365
83,0.155121311545372,0.11549589037895203,0.11045597493648529,0.14888396859169006,0.17109689116477966
84,0.11860169470310211,0.13224399089813232,0.09041959047317505,0.11544275283813477,0.16077491641044617
85,0.17088842391967773,0.12175116688013077,0.13134139776229858,0.14749234914779663,0.2125215083360672
86,0.1522972285747528,0.129013329744339,0.10448482632637024,0.13190419971942902,0.14428545534610748
87,0.19839465618133545,0.11160548031330109,0.10434819757938385,0.17225712537765503,0.18493032455444336
88,0.14004302024841309,0.14027509093284607,0.10124105215072632,0.17005319893360138,0.16948679089546204
89,0.14132055640220642,0.15942096710205078,0.12488016486167908,0.13632996380329132,0.1709638386964798
90,0.12594841420650482,0.13310876488685608,0.11758938431739807,0.11778022348880768,0.16233471035957336
91,0.18450255692005157,0.11763376742601395,0.10751770436763763,0.1450188010931015,0.1644250601530075
92,0.14874380826950073,0.12387317419052124,0.1180334985256195,0.11329108476638794,0.20666462182998657
93,0.1311836987733841,0.1301163136959076,0.10142742097377777,0.10069134831428528,0.1729854792356491
94,0.16520097851753235,0.14144262671470642,0.10585187375545502,0.12413432449102402,0.1788586676120758
95,0.13229084014892578,0.1256721019744873,0.1731031984090805,0.14300954341888428,0.1811981201171875
96,0.15774331986904144,0.18938592076301575,0.11774580180644989,0.14886005222797394,0.16180051863193512
97,0.10797277092933655,0.100654236972332,0.1286899298429489,0.12812766432762146,0.14822448790073395
98,0.11965105682611465,0.11689530313014984,0.12076406180858612,0.12879818677902222,0.1735803484916687
99,0.13799625635147095,0.09892736375331879,0.1256440132856369,0.10392115265130997,0.18792906403541565
100,0.14228078722953796,0.11851067841053009,0.13220196962356567,0.11647914350032806,0.17285919189453125
101,0.7229340672492981,0.44158032536506653,0.6805828213691711,1.43893301486969,0.8087399005889893
102,0.9190576672554016,0.9918168783187866,0.5033590197563171,0.4462521970272064,0.7558014988899231
103,0.5015727877616882,0.5282309055328369,0.4824638366699219,0.3667205572128296,0.4981444478034973
104,0.42566704750061035,0.46810561418533325,0.3233701288700104,0.2987549901008606,0.4097334146499634
105,0.3558300733566284,0.37168088555336,0.27015069127082825,0.26103490591049194,0.3640905022621155
106,0.2824633717536926,0.34005028009414673,0.23978176712989807,0.23036667704582214,0.31683629751205444
107,0.24824373424053192,0.3176692724227905,0.2050778567790985,0.20558586716651917,0.3009987771511078
108,0.23649322986602783,0.2834743559360504,0.17134322226047516,0.17653030157089233,0.2606257498264313
109,0.25449442863464355,0.25560760498046875,0.16435697674751282,0.16283726692199707,0.23224148154258728
110,0.26031294465065,0.21773584187030792,0.14816945791244507,0.14967045187950134,0.2162708044052124
111,0.21267957985401154,0.19911614060401917,0.1371033489704132,0.1361953616142273,0.20649121701717377
112,0.19895455241203308,0.19159649312496185,0.12004423141479492,0.13070715963840485,0.19373182952404022
113,0.20005974173545837,0.18562352657318115,0.12225164473056793,0.12563106417655945,0.196239173412323
114,0.1854134202003479,0.18207362294197083,0.11860271543264389,0.12545932829380035,0.1871187388896942
115,0.1814880073070526,0.1721845418214798,0.11098223924636841,0.11880617588758469,0.17777176201343536
116,0.1775038093328476,0.17433294653892517,0.10523281991481781,0.11968575417995453,0.17260372638702393
117,0.1702001988887787,0.1696922779083252,0.1062232106924057,0.11843124032020569,0.1815892904996872
118,0.1653517186641693,0.1589331030845642,0.09464582800865173,0.11010874807834625,0.1579030305147171
119,0.1720622479915619,0.15762388706207275,0.09235912561416626,0.1112760603427887,0.15868785977363586
120,0.16100364923477173,0.1568688005208969,0.08822625875473022,0.10352730751037598,0.15475501120090485
121,0.15867577493190765,0.15327423810958862,0.08666837960481644,0.09835947304964066,0.1491926610469818
122,0.15642772614955902,0.15171106159687042,0.08590789139270782,0.0948939323425293,0.15205954015254974
123,0.1584377884864807,0.14815157651901245,0.08475151658058167,0.10060669481754303,0.14860859513282776
124,0.16188648343086243,0.1486125886440277,0.08602408319711685,0.0959625393152237,0.14432202279567719
125,0.1547659933567047,0.1500144600868225,0.08211012184619904,0.09800803661346436,0.1510535180568695
126,0.15686620771884918,0.14776617288589478,0.08469259738922119,0.09656736254692078,0.15020141005516052
127,0.1568623036146164,0.14810766279697418,0.08365340530872345,0.09367230534553528,0.14168515801429749
128,0.153479665517807,0.14667123556137085,0.08189061284065247,0.09555944800376892,0.14209942519664764
129,0.1512465476989746,0.14641240239143372,0.07984629273414612,0.09432300925254822,0.14270567893981934
130,0.15302681922912598,0.14596720039844513,0.08109462261199951,0.09382256865501404,0.14450064301490784
131,0.14852666854858398,0.144398495554924,0.07779394835233688,0.09473027288913727,0.14336983859539032
132,0.15340785682201385,0.14538785815238953,0.08321599662303925,0.08983348309993744,0.1386505514383316
133,0.15242721140384674,0.14107276499271393,0.07912549376487732,0.09134925156831741,0.1430017054080963
134,0.14956076443195343,0.13930678367614746,0.08102326095104218,0.09193763136863708,0.14094996452331543
135,0.1491728127002716,0.14805647730827332,0.07933551073074341,0.09386615455150604,0.1402105689048767
136,0.14905530214309692,0.14460799098014832,0.08202290534973145,0.09378501772880554,0.14459627866744995
137,0.14784595370292664,0.14372485876083374,0.0812506154179573,0.0899990051984787,0.14780069887638092
138,0.1542907953262329,0.14336824417114258,0.08051494508981705,0.09155667573213577,0.13932763040065765
139,0.15492309629917145,0.14349651336669922,0.08021724969148636,0.0958641916513443,0.14138293266296387
140,0.14911726117134094,0.14451166987419128,0.08070588111877441,0.09446331113576889,0.14112603664398193
141,0.1500636637210846,0.1448972523212433,0.07935051620006561,0.08778584003448486,0.14470291137695312
142,0.1524145007133484,0.14372506737709045,0.07723481953144073,0.09003016352653503,0.14690333604812622
143,0.149110347032547,0.14700502157211304,0.0799420028924942,0.09211492538452148,0.1429125964641571
144,0.155368372797966,0.1460266411304474,0.0792929083108902,0.09568773210048676,0.1344948261976242
145,0.14935600757598877,0.14271953701972961,0.0792165994644165,0.09188856929540634,0.14687234163284302
146,0.15624509751796722,0.14485961198806763,0.08146248757839203,0.09052053093910217,0.14143477380275726
147,0.15698868036270142,0.15229159593582153,0.07560397684574127,0.09399008750915527,0.13919927179813385
148,0.155327707529068,0.1459892988204956,0.07922127842903137,0.09476476907730103,0.1406119167804718
149,0.1505449116230011,0.14400088787078857,0.08238600939512253,0.10313741117715836,0.13597813248634338
150,0.14631634950637817,0.13975754380226135,0.0801360011100769,0.09292825311422348,0.14418670535087585
151,0.423738569021225,0.7172618508338928,0.4416515827178955,0.749747097492218,0.4935920536518097
152,0.3405710756778717,0.3647923171520233,0.35754454135894775,0.4514048993587494,0.40192291140556335
153,0.30068764090538025,0.2977472245693207,0.22568082809448242,0.3521210253238678,0.30572381615638733
154,0.30911144614219666,0.26524826884269714,0.18144164979457855,0.2735929489135742,0.2610380947589874
155,0.2123139500617981,0.22302182018756866,0.15586155652999878,0.23979651927947998,0.23876197636127472
156,0.24370069801807404,0.25514402985572815,0.15369920432567596,0.21308563649654388,0.20183414220809937
157,0.21858064830303192,0.19574858248233795,0.12565571069717407,0.19429059326648712,0.1964462399482727
158,0.18658430874347687,0.19088970124721527,0.19051848351955414,0.16600142419338226,0.17344336211681366
159,0.18716327846050262,0.18304313719272614,0.14727084338665009,0.1768707036972046,0.176396906375885
160,0.1615922898054123,0.21539850533008575,0.13081973791122437,0.1548813134431839,0.1737152338027954
161,0.14223356544971466,0.18684524297714233,0.14383642375469208,0.1621686816215515,0.16048173606395721
162,0.135201558470726,0.17748570442199707,0.12352871149778366,0.1511172354221344,0.1488739401102066
163,0.1198807880282402,0.15451447665691376,0.12159385532140732,0.12919874489307404,0.1355118602514267
164,0.1237991452217102,0.15405230224132538,0.1126847043633461,0.12625513970851898,0.12892544269561768
165,0.11235186457633972,0.1514773666858673,0.10537301748991013,0.13248901069164276,0.10528681427240372
166,0.09606119990348816,0.1371031403541565,0.10514605790376663,0.11922899633646011,0.09794271737337112
167,0.0950249508023262,0.12907181680202484,0.10265519469976425,0.13216713070869446,0.10970773547887802
168,0.09060678631067276,0.11540036648511887,0.09261342138051987,0.10881374031305313,0.11010735481977463
169,0.10542968660593033,0.13138790428638458,0.09239578992128372,0.10211379081010818,0.10968617349863052
170,0.08186372369527817,0.1062219962477684,0.08672872930765152,0.10755342245101929,0.0858779326081276
171,0.06787247210741043,0.10646644979715347,0.07977209240198135,0.11668210476636887,0.091791532933712
172,0.07332170009613037,0.11890751123428345,0.07334940135478973,0.11298525333404541,0.08940356224775314
173,0.07366893440485,0.09724106639623642,0.07893076539039612,0.10700773447751999,0.07921958714723587
174,0.07602348178625107,0.10879838466644287,0.0798596665263176,0.10686513036489487,0.09009360522031784
175,0.06146368756890297,0.1110340878367424,0.08125291019678116,0.10294159501791,0.07506870478391647
176,0.06785834580659866,0.10915855318307877,0.08256258815526962,0.09773208945989609,0.07115117460489273
177,0.06284477561712265,0.11567610502243042,0.07624000310897827,0.09938346594572067,0.08326812833547592
178,0.05877992510795593,0.11583006381988525,0.08195973187685013,0.11037627607584,0.0816698968410492
179,0.05850290134549141,0.09932472556829453,0.07616991549730301,0.10619434714317322,0.08135980367660522
180,0.051048602908849716,0.09784591943025589,0.06979883462190628,0.09195270389318466,0.07580866664648056
181,0.05283466354012489,0.1076057031750679,0.08016476780176163,0.08858869224786758,0.07166397571563721
182,0.052437424659729004,0.09339573234319687,0.06992527842521667,0.10344817489385605,0.06948254257440567
183,0.059122052043676376,0.10796815901994705,0.0745718702673912,0.0945315957069397,0.07765108346939087
184,0.053076595067977905,0.08929425477981567,0.06974703818559647,0.09683788567781448,0.07271629571914673
185,0.05660853907465935,0.08708611130714417,0.06761451810598373,0.10924214124679565,0.06709153205156326
186,0.054584573954343796,0.10128360986709595,0.07100946456193924,0.10198219865560532,0.06844174861907959
187,0.05168137326836586,0.08932135254144669,0.0769166573882103,0.09568548202514648,0.07131785899400711
188,0.0543052963912487,0.09143010526895523,0.06259600818157196,0.09721549600362778,0.0788206234574318
189,0.04819341003894806,0.0959179699420929,0.07665940374135971,0.09740235656499863,0.07479491829872131
190,0.04847395420074463,0.09417074918746948,0.06990382075309753,0.092766173183918,0.07735899835824966
191,0.049461737275123596,0.09083085507154465,0.08590671420097351,0.11013858765363693,0.0692572221159935
192,0.0535249263048172,0.09366879612207413,0.07032287120819092,0.09467891603708267,0.08249659091234207
193,0.05259197577834129,0.09031111001968384,0.08219205588102341,0.10899978876113892,0.07387859374284744
194,0.05675097927451134,0.08630991727113724,0.07224658131599426,0.09073684364557266,0.08514320105314255
195,0.049545515328645706,0.1062362864613533,0.06084490939974785,0.10101153701543808,0.0733870267868042
196,0.05289589241147041,0.09229356050491333,0.07689154148101807,0.10373210906982422,0.08106308430433273
197,0.05403802916407585,0.09823963046073914,0.06524544954299927,0.10101375728845596,0.07838200777769089
198,0.04854874685406685,0.10693821310997009,0.06690821051597595,0.10469555854797363,0.07292807847261429
199,0.053206268697977066,0.09798776358366013,0.06617340445518494,0.09574854373931885,0.07717884331941605
200,0.05252824351191521,0.09780719876289368,0.07418882846832275,0.09922189265489578,0.07568290829658508
201,0.38010644912719727,0.7026512026786804,0.43339815735816956,1.1846251487731934,0.9370902180671692
202,0.3480706214904785,0.4317750632762909,0.2332897186279297,0.41642633080482483,0.60301274061203
203,0.24811150133609772,0.33276212215423584,0.20903055369853973,0.2973725497722626,0.3903909921646118
204,0.21987664699554443,0.27761533856391907,0.1806187480688095,0.265099436044693,0.3091773986816406
205,0.2064838409423828,0.24560534954071045,0.1631874293088913,0.23325328528881073,0.2594776451587677
206,0.1780260056257248,0.22434954345226288,0.17064915597438812,0.20649926364421844,0.2220412641763687
207,0.16115741431713104,0.1981339007616043,0.162325918674469,0.18277911841869354,0.20488636195659637
208,0.1482856124639511,0.19027893245220184,0.14570090174674988,0.17529547214508057,0.18510721623897552
209,0.1670120805501938,0.167122483253479,0.13986094295978546,0.16965632140636444,0.1656445413827896
210,0.16465462744235992,0.1733354926109314,0.1303354650735855,0.14883917570114136,0.16391633450984955
211,0.1493702381849289,0.1800200343132019,0.11489387601613998,0.1544174998998642,0.14708155393600464
212,0.13319699466228485,0.16386421024799347,0.11444034427404404,0.1279188096523285,0.1352747529745102
213,0.13515378534793854,0.15380987524986267,0.11139607429504395,0.1385359764099121,0.138094961643219
214,0.1339401751756668,0.1460016816854477,0.10879778861999512,0.12992572784423828,0.13231563568115234
215,0.12396653741598129,0.14045466482639313,0.10486602038145065,0.12302976846694946,0.12029927223920822
216,0.11486059427261353,0.14156188070774078,0.10048913210630417,0.12023910135030746,0.12183108925819397
217,0.11132895201444626,0.13425123691558838,0.09590395539999008,0.11101988703012466,0.1160530373454094
218,0.10414548963308334,0.12748940289020538,0.09168103337287903,0.10830948501825333,0.11550536751747131
219,0.10104251652956009,0.1260019689798355,0.08803409337997437,0.10385846346616745,0.11314060539007187
220,0.10736487060785294,0.11954129487276077,0.08227673918008804,0.09790342301130295,0.10620879381895065
221,0.09152379631996155,0.1227649673819542,0.08050503581762314,0.09141413122415543,0.09868881106376648
222,0.09352171421051025,0.12409285455942154,0.0785340890288353,0.0930437371134758,0.10043440014123917
223,0.09030678123235703,0.11636925488710403,0.07832848280668259,0.09279926866292953,0.1031602993607521
224,0.08638536930084229,0.11466953903436661,0.0790390744805336,0.08835574239492416,0.09878117591142654
225,0.08845851570367813,0.1126866564154625,0.07792650908231735,0.08765700459480286,0.0989261269569397
226,0.08218154311180115,0.11321984976530075,0.07269147783517838,0.08554220199584961,0.09431308507919312
227,0.08563712239265442,0.11655928939580917,0.07768953591585159,0.08657901734113693,0.09909681230783463
228,0.08447923511266708,0.11238471418619156,0.07674282789230347,0.08358514308929443,0.0971253290772438
229,0.08113103359937668,0.10798293352127075,0.07794006168842316,0.08366342633962631,0.09670382738113403
230,0.07760122418403625,0.11169139295816422,0.0734105184674263,0.08366191387176514,0.0938742384314537
231,0.07974741607904434,0.11406493932008743,0.07308986037969589,0.08303124457597733,0.09495577216148376
232,0.08352377265691757,0.10996794700622559,0.068919338285923,0.07859887927770615,0.09452325850725174
233,0.08102386444807053,0.10865923017263412,0.07501780986785889,0.0811040848493576,0.09345356374979019
234,0.07842839509248734,0.1086377501487732,0.07162297517061234,0.08192262798547745,0.0958024263381958
235,0.07767853140830994,0.1095876693725586,0.07230812311172485,0.08085127919912338,0.09785563498735428
236,0.08019650727510452,0.10884656757116318,0.0721258819103241,0.08107414096593857,0.09497915953397751
237,0.07839552313089371,0.11305451393127441,0.07152827829122543,0.07863787561655045,0.09614121913909912
238,0.078850656747818,0.11299840360879898,0.072035051882267,0.08013372123241425,0.09485968202352524
239,0.07739689946174622,0.10898713022470474,0.07005932182073593,0.08329983800649643,0.09168410301208496
240,0.07876411080360413,0.10961020737886429,0.07100718468427658,0.08329791575670242,0.09146974235773087
241,0.0801544263958931,0.10500272363424301,0.07582752406597137,0.07904879748821259,0.0955471321940422
242,0.07703705132007599,0.1071149930357933,0.07187824696302414,0.0783974751830101,0.09411951899528503
243,0.0762493684887886,0.1059308871626854,0.07138583064079285,0.07959285378456116,0.09188640117645264
244,0.08543989062309265,0.10885080695152283,0.0707455649971962,0.07820922881364822,0.09019912034273148
245,0.0769326388835907,0.1075284481048584,0.07389121502637863,0.07912180572748184,0.0939750149846077
246,0.08098741620779037,0.10893752425909042,0.0710146427154541,0.08125288039445877,0.09292575716972351
247,0.07917110621929169,0.10549613833427429,0.0707755759358406,0.07946109771728516,0.09389296174049377
248,0.0763784870505333,0.10728030651807785,0.06896328926086426,0.08060742169618607,0.09254788607358932
249,0.07692737132310867,0.1076505109667778,0.07221756130456924,0.08087023347616196,0.09241143614053726
250,0.07937940210103989,0.10509178042411804,0.06965852528810501,0.08038722723722458,0.09103316068649292
