Epoch,Train Loss,Train Accuracy,Val Loss,Val Accuracy
0,1.6564185277336883,2.659034046131518,1.648045300806165,2.5442509959392665
1,0.30768695516616157,2.8705400188814663,159639.05121691045,4.400810026704736
2,0.35084207438714776,12.99127912614202,33001544.901219185,4.436831755619285
3,0.4512749922353775,14.970192606198045,3158405.202481983,5.358177972211394
4,0.14998648057096087,9.229421554042387,366593.0778959041,5.9881009924511615
5,0.10433398931875049,7.340602457867096,48978.6512231393,7.366600259865516
6,0.09266759306876524,6.787570339312228,8274.576699237605,6.344172969024589
7,0.07976623415789391,4.889898885571266,1645.6712607686354,5.509705242721116
8,0.07458618507881205,4.888080741286231,440.71908910681117,5.185369149706817
9,0.07459295601445086,4.0474957964428135,196.83146050759518,4.651751077720787
10,0.07789585187730504,5.174295443181934,89.17471710750065,5.741017401339774
11,0.06587746589973358,3.473071007368293,30.984371249036247,3.7634168287218053
12,0.07163876640768077,3.1026870075253576,13.182462398117814,3.4802204109484784
13,0.07314978836774631,3.261901286060018,6.606348432724259,2.3039611135425395
14,0.07668324662231286,3.1832897030168876,3.7610372299599812,4.3148319120662855
15,0.07484401251701554,3.906689419728962,2.239892085034821,6.673343151711645
16,0.07324275031578628,3.5314460368397405,1.442536398270204,7.904422265553019
17,0.07970604190693867,4.583060597945924,0.9708366706686271,8.883224624590396
18,0.07845298283440452,3.6478304054145196,0.663431998099079,9.400797455197026
19,0.0788946294671176,3.7853518844209018,0.4613715403009812,8.821298845716582
20,0.07244607671368183,4.0254744371868085,0.33503952388903685,7.528803971022244
21,0.08584616153635592,3.890729723043966,0.23779994072416266,6.389316221801268
22,0.07925370197281957,4.177186719418808,0.176453667762288,5.38805781321627
23,0.0756530936846445,4.332820482472509,0.1323104968725278,4.535004672131497
24,0.08456752674265722,3.767698973585276,0.1036173649688103,4.069881964931719
25,0.0830503425958346,4.544104850120526,0.08039865522861815,3.890852182480902
26,0.07746171179176153,4.43019939355631,0.07544219919442818,3.6412651611817615
27,0.07848710714739898,4.003331945600649,0.06295688352166151,3.7226223490584665
28,0.07416113575448484,3.9180494013106992,0.0649102695651029,3.7992993986779307
29,0.08252626659936897,3.7511479724360517,0.06198773952134177,3.876306133796479
30,0.08342367325306771,4.33589667773576,0.06006445619543415,3.899169273520402
31,0.0829617240756445,4.596617113583521,0.05780167012674654,3.8991418082313185
32,0.08645861655947981,4.8735111686658845,0.05947627138787129,3.8431916410240925
33,0.0820163968125998,4.77679576471276,0.056406945942009075,3.7841043243638883
34,0.08113565964583545,3.89643711898732,0.05589176127823377,3.7388360190215515
35,0.0782243488470256,4.165466493816879,0.0588963250757738,3.680260552926828
36,0.07762071475597866,4.429196064499492,0.05534026165918271,3.6821708831129953
37,0.07944697466764686,4.485036851081108,0.054453400111302855,3.7138234055290664
38,0.08025491676961219,3.611094017053558,0.05622200214464348,3.6719774520758484
39,0.0804154940455632,4.4988887516807985,0.052992450337964556,3.656634026357564
40,0.07671176497193678,3.8215761727910715,0.05678051053937431,3.6225807692648258
41,0.0811330080734926,3.974362282877034,0.05415240683073712,3.5946849004719525
42,0.0831149356246356,4.117172708438535,0.05319776057892349,3.593453303132361
43,0.08112974258954621,4.666666666666667,0.055334793079682906,3.5594274131042254
44,0.08310269145154965,4.154783053568766,0.05951028327867072,3.5268144541927824
45,0.08139903437152658,4.666666666666666,0.05442957608344069,3.459831011357437
46,0.07989698715946504,4.353287391283868,0.05730202803571179,3.452885455313461
47,0.08219542722909093,4.20898509804389,0.05353152801070175,3.424060706666682
48,0.08105356806198075,4.2342518688534465,0.05535474295323059,3.3986956270579816
49,0.08256586652279894,4.774934554525328,0.052895659135781835,3.385836402384347
50,0.08380518594681344,4.6923104946047385,0.052060410699664925,3.3618290410155427
51,0.17205358763208173,2.782884195298907,0.9724732331037523,7.5787596787037765
52,0.2197062723262776,10.85172797300043,0.37965338638998286,5.012100522436059
53,0.08951443820079642,10.634639418219855,1.4448529967422712,10.64354915515778
54,0.06389724052823582,3.0760725320158224,1.81351273357104,5.264603355456841
55,0.03410948148969556,2.5660172338556952,1.2784025428006958,10.216233102054323
56,0.04894319371887598,2.254871270038369,0.6106885563072858,12.150820001096095
57,0.018150831939146034,1.6619934483090566,0.15818808724139993,5.733800086047482
58,0.014721214659075079,1.6619934483090557,0.13942428605758608,10.269822237211907
59,0.022838159703868224,0.9463379711052287,0.08202095385224771,7.2820229735417
60,0.01859895966939502,1.2970050972229141,0.21054552025767417,8.764946616722336
61,0.04556465726981067,1.8030837781731368,0.11111872389193128,5.629773750309635
62,0.03868642092078905,1.643167672515499,0.06160686110363764,3.9274701534821714
63,0.02450115700552007,1.2578641509408817,0.03442588081858684,2.342184900397511
64,0.02194434168828322,0.9568466729604858,0.023579171614658737,1.1903323350403432
65,0.023202008706600098,0.5011098792790969,0.027333131095430507,0.6769374023102613
66,0.028616718503850915,1.0466878978738399,0.02927788233616631,0.3932429667332495
67,0.034171585282192475,0.8472176684759217,0.030838176589052458,0.497661320578864
68,0.02775643028286597,0.9797958971132728,0.03131147195034752,0.7306997970661254
69,0.025875042302450867,0.9368979548370155,0.03262248018648838,0.7927922974618637
70,0.0355912330257342,0.9104333522498409,0.03393984410394281,0.83308096092656
71,0.02435689125942693,1.1907047399661153,0.028781084770511965,0.8616847509240025
72,0.029492962342435692,0.8164965809277248,0.02490667474848032,0.8506986626959125
73,0.017076011745073123,0.9510228411791397,0.024469017333493888,0.8260021348935006
74,0.031046989690372874,0.6497862896539283,0.02269740250282948,0.7843270330628683
75,0.02481781017061162,0.679869268479039,0.02464378769434635,0.7787317216725937
76,0.018842050724078713,0.8,0.020060375798012387,0.8362031275868538
77,0.019654836178954416,0.5333333333333347,0.024045535914567154,0.8146882910655159
78,0.022722763645379104,0.7180219742846004,0.0181433540233873,0.8337234564288302
79,0.025861702925900756,0.7788880963698599,0.02588597574023538,0.8232316152369908
80,0.026035863515733088,0.8692269873603529,0.021849376236932297,0.7770567564697624
81,0.026430275257881716,0.47842333648024427,0.01853905440256399,0.7677442630570713
82,0.02127887108766633,0.7930251502246863,0.021892642850420096,0.7870530809027008
83,0.023442159489007387,0.806914562460678,0.01924073544198319,0.7698337460003806
84,0.02301783149269897,0.7673909622147543,0.02015474033346356,0.7709921229925102
85,0.032454779832322894,0.9404490653110568,0.019650994334289566,0.7689290005177772
86,0.01629807340482875,0.563717817509594,0.020943920713343202,0.7811117701001822
87,0.03878922055967796,0.755718936583641,0.02050978800091665,0.7911245402629671
88,0.025242679393354686,0.8730533902472536,0.0198542698782588,0.771940695034025
89,0.01651102547827378,0.6944222218666521,0.0190712222308997,0.7954893363710775
90,0.016527649628237908,0.5925462944877065,0.019904390809949678,0.7899956841469354
91,0.02858199261503993,1.1025223605694157,0.020514603905694526,0.7137714265126451
92,0.03450824711414196,0.1699673171197582,0.019585219537233425,0.693606818926385
93,0.02641055322705444,0.8856886837057619,0.02115445170870468,0.6707126192637515
94,0.026521697444501297,0.6289320754704396,0.021952118069835182,0.6682064696161398
95,0.02216233436210267,0.5637178175095918,0.023484229008794037,0.6972257286312187
96,0.023072413266297064,0.3091206165165221,0.01759677342688725,0.680776049647958
97,0.016850753736611275,0.5517648452415612,0.023185185168633025,0.7154698142802414
98,0.021194585210042114,0.47842333648024427,0.01975020057739239,0.7004183462432478
99,0.03187601831599248,0.6182412330330502,0.018576835162649085,0.7162925805295197
100,0.020485732241444746,0.5517648452415612,0.02239173045468942,0.676145940093748
101,0.33324309675602476,5.683851936803612,1.3150250952929852,13.538873287219056
102,0.2175353932271633,11.497847356229796,4.48914677157715,6.981909265632558
103,0.05631082465112526,3.0940803695659445,16.01973518232523,0.5223002774998082
104,0.06388811584056006,2.522980796352882,5.7053760376516705,11.167085496208173
105,0.04849054830402894,2.433916723572102,0.9069746055116419,12.666513609537
106,0.04250163822935521,1.847253550277369,1.372506147247757,11.697082102332901
107,0.04695023448678493,2.6753562125813306,1.9160628979561443,11.230616993828356
108,0.04482520792116695,1.7888543819998306,1.9630041135410192,10.095742793582353
109,0.04191838611350183,1.633597862176809,1.0933219737485675,11.182538546980082
110,0.04341456962029953,1.4582248636909279,0.4948153507126557,11.334934268697804
111,0.03429278378908964,1.4029950326812979,0.24053433627132276,8.490073754974631
112,0.034242330042531445,1.397705350534787,0.13452301902461553,6.009285911498318
113,0.03465001698688465,1.5228303732454915,0.08108868448025824,4.697686711253376
114,0.03090291568397817,1.1767290928776641,0.07701692662475658,4.325024772806047
115,0.030741258121276885,1.1208462411483064,0.07045327076123108,3.9358096322518117
116,0.030927179025345856,1.0578337987032789,0.07115548225052905,3.6596103154556214
117,0.030671567376481253,1.2204026860218655,0.06731483584173845,3.4770649066109693
118,0.02911383985748617,1.2621752729922595,0.07856574848090875,4.592662667856084
119,0.03088615297410234,1.6049306742460245,0.10329186284476784,5.973746749715617
120,0.03066090475947586,1.3120523928111574,0.13515197733313264,7.839826509520026
121,0.030358418154689724,1.1448219442125551,0.10991724737906508,6.065206398658513
122,0.031037940622818005,1.2610009741432078,0.08715178817443056,4.503884309786064
123,0.029590612765002012,1.1057649159666438,0.06984007636892185,3.3918879938734983
124,0.03041683528235736,1.3359234102390365,0.05349880295754602,2.597913019896705
125,0.030772199409407886,1.383143672852928,0.0409311029474111,2.055942339938238
126,0.030256742086113123,1.243253398284387,0.03462056435803578,1.651409932280728
127,0.03006101320658384,1.326649916142159,0.031148401117658826,1.2332383591114138
128,0.02930075877713952,1.2598255807162995,0.027287013422816656,1.024675615677994
129,0.029728406046019843,1.3799266396675574,0.019323099663035092,0.8460702351911081
130,0.029988113717663606,1.3601016664977217,0.019667331663652195,0.749748583028766
131,0.029528159175809122,1.4114172896178157,0.014639910217813074,0.6156269855924297
132,0.029494137779866838,1.3795687284594447,0.016254651948972965,0.5046065132544539
133,0.030021726979264394,1.3506285688020228,0.013676177306099536,0.46194970622177034
134,0.028251125699786807,1.3966450099973928,0.012797932535581157,0.4261353953164085
135,0.029531732672728146,1.4913743764944458,0.012069397844485616,0.420655139430303
136,0.02879113355937167,1.2440475557580832,0.012591228367718817,0.41467233579017904
137,0.029967174456803233,1.48340615718032,0.010046133814040166,0.39301596044132825
138,0.029823388496834635,1.22645730902637,0.00741987168168752,0.39165115960546854
139,0.029474337597570396,1.4065104354174813,0.010411362340864878,0.4050923033499985
140,0.028535587427300915,1.3116759611887738,0.01036810769819246,0.39396850787916454
141,0.03103164518977191,1.3079056861833076,0.01171608742624505,0.3593776141636934
142,0.03175899689891009,1.071286292728354,0.009973779745259766,0.35387227023864615
143,0.02986407915095646,1.352455471529152,0.011966538756830888,0.3464815978675527
144,0.02953956006506787,1.298812372995776,0.012941524639560165,0.3446221125396367
145,0.030111130170120518,1.179244369904144,0.012243745831668299,0.3379805661174491
146,0.030669709089454114,1.2444444444444407,0.01150416833741439,0.3094760721894796
147,0.03274664259712792,1.6944353369518446,0.00828832783670458,0.3337290690009584
148,0.03032294656005155,1.4933597881254619,0.009050159804172814,0.3478696890619153
149,0.026122751189865116,1.1687283370937542,0.010519848474036836,0.3487920142044854
150,0.028240801907076753,1.216349527413692,0.010092157213616228,0.35108722660442304
151,0.13970231458630955,4.027199192159902,92.87412839907074,12.019894958795012
152,0.03953913283742399,3.916276576318663,48.48500191518056,15.22397294337821
153,0.040529411673352916,1.7403703309608844,3.855849318860227,13.696155513804758
154,0.04190090928443124,2.202649919226082,1.9870346112147352,12.55936079288969
155,0.030799086248524538,1.6942713937134009,0.7689183318546529,12.995627455930231
156,0.03566148123238877,1.3570801990548202,0.17924006569241835,10.355797417126443
157,0.03154590442434146,1.3347908700117268,0.15599726149980242,12.896776639827358
158,0.010004641014584242,0.6944222218666554,0.2658051678543735,17.402025173806624
159,0.01402407342585597,0.9210501253098737,0.2067221820352603,15.58301175183372
160,0.027828873374414646,1.14673449411797,0.16588890571702405,16.185488223537547
161,0.016115688142675957,0.5854722690083441,0.16883200983079952,17.85778879804266
162,0.018108863119754456,0.7329544475765338,0.1431865101642133,15.770203863965998
163,0.012507174537561928,0.8891319112232782,0.11950141871974551,11.141867504103073
164,0.013625657304856459,0.7745966692414846,0.11550568571467265,9.757579282642965
165,0.018033201191351128,0.739744700705741,0.0979150599782091,8.074166236043299
166,0.015342573751911693,0.48419463487779957,0.09505156553177589,7.342428469337359
167,0.0145877195885856,0.5461989869391306,0.12256934856694947,8.357979054648512
168,0.009982623926800185,0.48016200969626627,0.11751056066663254,7.630867989580544
169,0.01291802783756707,0.8124038404635961,0.07284652932444113,4.503349282634116
170,0.010941531617250507,0.5410894360249292,0.08486958721878096,4.999164170738412
171,0.01760029070886953,0.779244648504061,0.05277277285859171,2.7930533316717034
172,0.019262212966344738,0.793025150224688,0.03331078964359564,1.5519528819831168
173,0.01271475834441932,0.7102425250887516,0.023422929073000892,0.9430392177256294
174,0.013482513891088784,0.5930148958219071,0.015316439936833437,0.6603337206570139
175,0.018205283222554984,0.7898663740715204,0.016402927128659917,0.597321489132774
176,0.01571566679805531,0.6289320754704392,0.011465372374833579,0.40601651970372316
177,0.018372177237550948,0.6398784606817509,0.01026386289785767,0.2256985279120057
178,0.020931943435887383,0.7940752833047706,0.01118714622410872,0.25157710064992894
179,0.017001985814732723,0.8356634091147804,0.009749678011505265,0.23354921776231694
180,0.016640093347900193,0.6924192692613643,0.010407059354340458,0.2353762277513153
181,0.018128239139947606,0.8809716857601667,0.008246040836995002,0.13198563034907757
182,0.018305671161254682,0.8928730157319249,0.007969594215704872,0.16307781213027872
183,0.016887394270180364,0.8563488385776753,0.008800678223193173,0.1472011101832217
184,0.015399741980762357,0.7898663740715204,0.0064403805956338035,0.15150334665856868
185,0.018665289052542975,0.8778129388175766,0.011006929305735488,0.15055791872585514
186,0.018947926604462657,0.8844332774281092,0.011701598558826031,0.16846136068759343
187,0.015325066424861653,0.9480975102218613,0.008898907126348823,0.17693613511932457
188,0.01638690596102527,0.934820244158678,0.011589234253140785,0.21976859828711728
189,0.017867544682545474,0.9225568335398713,0.007988578938621378,0.2109842161247812
190,0.01677226540951625,0.8416254115301749,0.00992549374759131,0.21106879589010125
191,0.020504940192971336,0.8781293248213001,0.008341647077722955,0.2189549390764693
192,0.015475665537945455,0.5661762583821041,0.012021792430129529,0.23062685363677518
193,0.018590684956369313,0.850816601206684,0.009379795395242422,0.20506398140281706
194,0.01238263218197139,0.8771798244627187,0.010933860923796095,0.1784428566281602
195,0.0221442670886146,0.8653836657164791,0.007713178460465148,0.16611409591328855
196,0.017031227494863594,0.8299933065325799,0.00770118404964211,0.16120645566826416
197,0.018257612304078748,0.9285592184789401,0.009302796858777102,0.20757276715738784
198,0.022566019663393083,0.9027735042633891,0.010093405410065136,0.19100387926417062
199,0.017145121090737958,1.0088497300281032,0.011090672328219088,0.16252964986625326
200,0.017283614743903886,0.7160850352980267,0.008548591617124672,0.20287633635053307
201,0.3035414533000997,8.930148686083315,34.92679747804067,3.88193798868988
202,0.12064030075096754,6.755330405604812,25.948172811450032,4.2398968271265085
203,0.06343327503358151,2.3342855200015444,32.696527922023456,3.3493931654379914
204,0.04519424482571708,1.9680108400785445,13.325096727732845,13.895681376234906
205,0.03402145950827316,1.5110849670940991,5.310226203916849,15.189209135062994
206,0.022202686791153572,0.924722180501316,1.7388149801758728,13.64985994877502
207,0.017922473585144632,0.8626573930464962,0.16223324974472175,4.91803461368141
208,0.018567607031293936,0.5771962885843578,0.17425534991221028,12.903853633422463
209,0.0110752115371292,0.6066300355241224,0.1664510671591325,8.735322521885735
210,0.015151252334403934,0.6330174650916925,0.39976755542441833,17.013336466378558
211,0.020777460660963695,1.1014334094967144,0.3105789309344833,14.605297453412321
212,0.01618204597468104,0.8225704968099823,0.2136982777256021,11.756720913037208
213,0.013654813997434057,0.5911946473972077,0.13803475584483726,7.41259363638834
214,0.012052284213430433,0.8273115763993882,0.10392768406614013,5.323388385742378
215,0.011319002712971838,0.6711846905948416,0.10194061921160803,5.31359573520531
216,0.013230305113573638,0.7483314773547888,0.093859699347965,5.013638679992672
217,0.012307668744557092,0.926258903091114,0.0780147558683843,4.056990028179962
218,0.011893355029615407,0.8499934640271574,0.07528062565562003,3.6590737865026832
219,0.01266601994425213,0.8401058134412464,0.07503941070509114,3.4823634955689675
220,0.012311053595278919,0.6974238309665076,0.07033557743714645,2.955536905885799
221,0.014141839163669736,0.801554046143423,0.04416181577742651,1.8639559276891304
222,0.014901521949588659,0.8983936281558933,0.035068294614261634,1.2096682834422186
223,0.012813512241412143,0.8092795149596571,0.024703513823997103,0.8781602457281715
224,0.012346865531511372,0.7652450587883616,0.01980525517468501,0.7383541115320178
225,0.011823539855229857,0.6580780095601642,0.015657465944879344,0.5921596511833752
226,0.01369311714270278,0.9405435780559132,0.009650546853587797,0.4918894660862847
227,0.01357939184081295,0.7502295944872116,0.010217487929461868,0.41428477134368946
228,0.012613483750909666,0.71255409151399,0.008455952258756312,0.36999804048688123
229,0.011236103289629021,0.736357401145819,0.008166941554705124,0.3320132269436162
230,0.01367906302948151,0.7971058761405391,0.007636059035076029,0.37421905175797954
231,0.014408947529474723,0.7542472332656476,0.006952746924356482,0.40235127843883933
232,0.014097109367950614,0.8757472999292278,0.007981465740197664,0.38503278039930816
233,0.01200993400335713,0.7368401002478991,0.010256594615651855,0.378487307214619
234,0.013273883928764203,0.7612854625930762,0.0068169857180383955,0.2937345719606031
235,0.013902820610866078,0.8044321668799136,0.008090340339502174,0.29135512715786394
236,0.012981483147484646,0.7334545354386707,0.009598787057071748,0.2663272921415221
237,0.015127559224614836,0.8688178430744,0.010705683309393385,0.2543991418221308
238,0.014643714133763622,1.027272548493774,0.00853669703850422,0.22577759553675403
239,0.013384462519698236,0.8564526321467613,0.01131553425274635,0.24401401061586042
240,0.013178472820286672,0.6526527066944217,0.010713670729916396,0.24547256521054236
241,0.011242702741716721,0.6567258856546524,0.009237479074536715,0.26302293901602547
242,0.013029997584038873,0.7792874237974659,0.00868295224965348,0.2504393804018419
243,0.012463390684685945,0.7370813312578798,0.009965061791938243,0.26666216878850013
244,0.012892839450205381,0.7698773351067746,0.009934197571100116,0.26833028319730334
245,0.012671260537736855,0.7454752399196978,0.011324329967697307,0.24865127113750762
246,0.01296980314852197,0.8015540461434202,0.009743274445787903,0.24539984337064033
247,0.012355426960086865,0.6647973793236245,0.0121378035767007,0.25228557037318966
248,0.013446658295013642,0.8116923336119677,0.008501102719005692,0.23370201412656155
249,0.012715601922901124,0.8620389266797134,0.009592632955772314,0.22930742281557862
250,0.012068535843709947,0.6961481323843496,0.008732586631992197,0.23951056667610296
