Epoch,Train Loss,Train Accuracy,Val Loss,Val Accuracy
0,0.8729852676391602,51.178707224334595,0.8768194675445556,51.74482467258133
1,0.7472429990768432,48.666666666666664,12.327227926254272,44.592310942120825
2,0.9356454014778137,62.6,3.3025606870651245,54.66413181242079
3,0.675831651687622,67.4,2.5431514739990235,59.911280101394176
4,0.44557768702507017,80.6,2.96988959312439,62.006759611322344
5,0.3798050403594971,84.06666666666666,3.4404961347579954,68.46641318124207
6,0.2997483670711517,87.73333333333332,2.0704570710659027,67.52006759611322
7,0.24778054356575013,91.06666666666666,1.8683949649333953,70.96324461343474
8,0.21607467234134675,91.93333333333335,1.647222650051117,72.58977608787495
9,0.21104152202606202,91.4,1.1369993031024932,76.16814533164344
10,0.1727483779191971,94.26666666666667,0.8626452088356018,77.22433460076046
11,0.15257606506347657,94.53333333333333,0.7661632597446442,77.88762146176593
12,0.14789084047079087,94.93333333333332,0.7196412682533264,78.01858893113646
13,0.13955027461051941,95.2,0.6689823865890503,78.3945923109421
14,0.13359045386314392,95.86666666666666,0.6250145614147187,79.15927334178285
15,0.12260213494300842,96.06666666666666,0.5780217826366425,80.11406844106463
16,0.11608594059944152,96.66666666666666,0.5239331185817718,81.11956062526404
17,0.1073733925819397,97.13333333333334,0.47820367813110354,82.28136882129277
18,0.10355649143457413,96.86666666666666,0.4376007080078125,83.32910857625686
19,0.09909524619579316,97.2,0.3953237235546112,84.38952260245036
20,0.09439413398504257,97.46666666666667,0.3700247049331665,85.39501478664977
21,0.08979706019163132,97.66666666666667,0.3450197398662567,86.13857203210816
22,0.08795655071735382,97.66666666666666,0.32982606291770933,86.83565694972539
23,0.08916622698307038,97.73333333333333,0.3196562588214874,87.42289818335446
24,0.08684834986925125,97.8,0.3089131534099579,87.9721166032953
25,0.08601739257574081,97.86666666666666,0.30389798283576963,88.40726658217153
26,0.08661721795797347,97.53333333333333,0.29590240120887756,88.71989860583017
27,0.0850337103009224,98.0,0.2835459053516388,89.11702577101816
28,0.08476502448320389,98.06666666666666,0.27680329978466034,89.33248838191804
29,0.08296834379434585,97.93333333333334,0.2673938453197479,89.56485002112377
30,0.08262798339128494,98.26666666666667,0.2687733769416809,89.801436417406
31,0.08459449410438538,98.0,0.2633398622274399,90.02957329953527
32,0.08216858059167861,98.06666666666666,0.2565314441919327,90.15631601182932
33,0.08221278935670853,98.06666666666665,0.2573777765035629,90.32108153781158
34,0.08138840347528457,98.06666666666666,0.25467747151851655,90.37600337980567
35,0.08096213787794113,98.13333333333334,0.25274222791194917,90.44782425010563
36,0.08174086511135101,98.13333333333334,0.2519045889377594,90.51964512040558
37,0.08048618882894516,98.19999999999999,0.2518022745847702,90.5703422053232
38,0.08183961361646652,97.93333333333334,0.24567178785800933,90.60414026193493
39,0.08029578626155853,97.93333333333334,0.2493674248456955,90.63371356147022
40,0.08178633153438568,98.13333333333334,0.24817664325237274,90.66751161808196
41,0.08096985965967178,98.00000000000001,0.24905040264129638,90.70553443177018
42,0.08137552887201309,98.06666666666666,0.24942339658737184,90.76468103084073
43,0.0824057325720787,98.06666666666666,0.24411222338676453,90.80270384452895
44,0.08169352263212204,98.2,0.24832889437675476,90.81115335868186
45,0.08179976791143417,98.0,0.2461526572704315,90.8069286016054
46,0.08184884637594222,98.13333333333334,0.24782749116420746,90.79002957329955
47,0.08031271398067474,97.86666666666667,0.2454474687576294,90.76890578791719
48,0.08218732923269272,98.06666666666668,0.24762488305568695,90.77313054499366
49,0.08059750348329545,98.0,0.24803212881088257,90.8069286016054
50,0.07979860454797745,98.13333333333334,0.24834807515144347,90.7815800591466
51,0.5774569690227509,90.5,10.9620991230011,57.24123362906632
52,0.4138361632823944,81.86666666666666,3.9483337461948396,64.63033375580905
53,0.3483694553375244,84.96666666666665,0.8667960703372956,77.815800591466
54,0.2876421809196472,88.23333333333332,0.8409910917282104,79.99577524292354
55,0.25287058055400846,90.19999999999999,0.6311046004295349,81.92648922686945
56,0.2321925312280655,90.86666666666666,0.3123595893383026,87.32995352767216
57,0.21476873755455017,92.4,0.4778610587120056,78.39036755386567
58,0.20975426137447356,91.36666666666667,0.36394343376159666,85.88931136459652
59,0.18669577240943908,92.56666666666666,0.4934147119522095,81.1787072243346
60,0.17613208889961243,93.4,0.37672594785690305,85.79214195183776
61,0.16518618464469909,93.93333333333334,0.2991962403059006,88.46641318124207
62,0.13194469809532167,94.4,0.2581806033849716,90.52386987748204
63,0.1414725512266159,95.33333333333334,0.24255741238594056,90.96324461343472
64,0.13159623146057128,95.16666666666667,0.242267969250679,90.8745247148289
65,0.13343761414289473,95.30000000000001,0.24433502554893494,90.67173637515842
66,0.11537794321775437,95.7,0.25051415264606475,90.66751161808196
67,0.11614206880331039,96.16666666666666,0.2487022429704666,90.7139839459231
68,0.10162665247917176,96.43333333333332,0.24723546504974364,90.65061258977609
69,0.10071378350257873,96.73333333333333,0.2433631092309952,90.88719898605831
70,0.09648815095424652,96.93333333333334,0.238883376121521,91.0477397549641
71,0.0923542931675911,97.2,0.22472500205039977,91.4321926489227
72,0.09633445739746094,96.86666666666665,0.21651864051818848,91.6814533164343
73,0.08972057551145554,97.16666666666666,0.21118459701538086,91.81664554288128
74,0.0848643347620964,97.13333333333333,0.21044388711452483,91.90114068441065
75,0.08996426463127136,97.13333333333334,0.21145876348018647,91.97718631178708
76,0.08202370703220367,97.13333333333334,0.20791630446910858,92.07435572454582
77,0.07919989228248596,97.20000000000002,0.20985523760318756,92.01943388255175
78,0.08444272875785827,97.46666666666667,0.21229380667209624,92.04478242501057
79,0.07546999007463455,97.43333333333334,0.2098070949316025,92.0659062103929
80,0.08522991612553596,97.23333333333332,0.2131419748067856,92.09125475285171
81,0.07890627682209014,97.4,0.21220822930335997,92.08702999577525
82,0.07775714248418808,97.63333333333334,0.2150117814540863,92.06168145331644
83,0.08156848326325417,97.66666666666666,0.21247039139270782,92.12505280946345
84,0.07004982829093934,97.7,0.21773120760917664,92.1335023236164
85,0.08215526938438415,97.86666666666667,0.21495335102081298,92.11660329531051
86,0.0747881755232811,97.63333333333334,0.21195629239082336,92.1081537811576
87,0.090207789093256,97.66666666666666,0.21370929181575776,92.1588508660752
88,0.07699909955263137,97.66666666666667,0.21964387595653534,92.14195183776933
89,0.080801572650671,97.53333333333333,0.21220640242099761,92.1461765948458
90,0.07583217695355415,97.7,0.2161679744720459,92.09125475285171
91,0.08049844726920127,97.7,0.21883821189403535,92.09970426700464
92,0.07918345481157303,97.73333333333332,0.216291606426239,92.13350232361638
93,0.07376170232892036,97.63333333333334,0.2142450600862503,92.12505280946345
94,0.07406431883573532,97.53333333333333,0.21761033236980437,92.10392902408111
95,0.08780913650989533,97.6,0.220050448179245,92.11660329531053
96,0.07716798633337021,97.73333333333333,0.21693939566612244,92.07858048162231
97,0.07088158801198005,97.73333333333332,0.21720784306526184,92.08702999577524
98,0.07192054092884063,97.76666666666668,0.21585264205932617,92.07435572454582
99,0.0751899853348732,97.73333333333333,0.22076657116413118,92.07013096746937
100,0.07377859950065613,97.76666666666667,0.2200174003839493,92.11237853823404
101,0.7075345337390899,80.13333333333335,6.7040527820587155,59.045204900718204
102,0.5204604387283325,75.8,7.260137557983398,63.544571187156734
103,0.31955949068069456,87.68888888888888,1.725174033641815,76.01605407689058
104,0.26289334893226624,90.15555555555557,1.9282151281833648,77.2708069286016
105,0.2271846204996109,91.77777777777779,1.7484561383724213,75.73722010984369
106,0.2085231989622116,92.13333333333335,0.9977514564990997,79.87748204478241
107,0.19104875922203063,93.11111111111111,0.5617946565151215,80.4773975496409
108,0.17031120955944062,94.2,0.667762291431427,77.40177439797212
109,0.15950597822666168,94.3111111111111,0.3834556698799133,85.30207013096746
110,0.15667655766010286,94.4888888888889,0.4077110648155212,83.4558512885509
111,0.14409449845552444,94.91111111111111,0.333990615606308,86.59484579636671
112,0.12895274460315703,95.4888888888889,0.2925733745098114,88.1453316434305
113,0.11814173012971878,96.06666666666668,0.28278875052928926,88.32277144064217
114,0.11291854828596115,96.57777777777778,0.28681221008300783,88.34811998310097
115,0.11020551919937134,96.57777777777777,0.2806330233812332,88.89311364596536
116,0.10428421944379807,96.77777777777777,0.26831395626068116,89.47613012251796
117,0.10197355300188064,96.88888888888889,0.27385519444942474,89.48457963667089
118,0.09410365223884583,97.06666666666666,0.2840039074420929,89.0325306294888
119,0.08980211615562439,97.28888888888889,0.2941098302602768,88.62695395014786
120,0.08536639511585235,97.46666666666667,0.3018962681293488,88.48753696662443
121,0.08136891648173332,97.46666666666667,0.2651770800352097,89.72961554710605
122,0.08028344884514808,97.55555555555557,0.240748593211174,90.70553443177018
123,0.0806879609823227,97.66666666666666,0.22586385309696197,91.36459653569918
124,0.07972540706396103,97.64444444444445,0.2115696609020233,91.85889311364596
125,0.08008963018655776,97.62222222222222,0.20717234909534454,92.17574989438108
126,0.0780472218990326,97.88888888888889,0.19895838499069213,92.40811153358682
127,0.07739314287900925,97.86666666666667,0.19835274815559387,92.65314744402197
128,0.07591878920793534,97.75555555555556,0.18958598673343657,92.779890156316
129,0.07627037093043328,97.77777777777779,0.19001105427742004,92.85171102661596
130,0.07536410242319107,97.8,0.18834935426712035,92.90240811153359
131,0.07550202384591102,97.86666666666667,0.1869312196969986,92.97000422475708
132,0.07525230199098587,97.73333333333333,0.18699313402175904,93.05449936628644
133,0.07551952376961708,97.84444444444443,0.1888504296541214,93.09674693705111
134,0.07428658381104469,97.91111111111111,0.18715617656707764,93.11787072243347
135,0.07586222738027573,97.8,0.18659412264823913,93.1263202365864
136,0.07619911059737206,97.73333333333333,0.1851741850376129,93.16856780735108
137,0.07492165714502334,97.86666666666666,0.18679700791835785,93.13476975073932
138,0.07543057948350906,97.93333333333334,0.18460904955863952,93.1516687790452
139,0.07411395907402038,97.66666666666667,0.18509559631347655,93.10519645120405
140,0.0742595948278904,97.77777777777779,0.1859106481075287,93.10942120828051
141,0.072830069065094,98.02222222222221,0.18746274709701538,93.10519645120405
142,0.07579962909221649,97.71111111111111,0.1884102076292038,93.0756231516688
143,0.0734586164355278,98.0,0.18961035013198851,93.08829742289818
144,0.07399018853902817,97.97777777777779,0.18556925356388093,93.06717363751584
145,0.07341123446822166,97.91111111111111,0.18485312759876252,93.07139839459231
146,0.07447626814246178,97.95555555555555,0.18603570461273194,93.08829742289818
147,0.0741538166999817,97.86666666666667,0.18747851252555847,93.06717363751584
148,0.0731680616736412,97.93333333333332,0.18639665544033052,93.03760033798056
149,0.07331009954214096,97.91111111111111,0.18501191735267639,93.06294888043938
150,0.07160122692584991,97.93333333333332,0.18514403998851775,93.06294888043938
151,0.5117897152900696,81.41666666666666,23.822241520881654,58.34389522602451
152,0.3252995371818542,87.1,4.64180703163147,62.39966201943389
153,0.2786660999059677,89.31666666666666,2.4637878477573394,71.32657372201098
154,0.23206300139427186,91.43333333333334,0.6608116209506989,77.07646810308407
155,0.19809500873088837,92.15,0.4704886496067047,77.59188846641318
156,0.18605578541755677,93.51666666666667,0.7062362313270569,67.06801858893114
157,0.16673937141895295,93.65,0.6228671729564667,67.21166032953104
158,0.14856763631105424,94.16666666666667,0.8618878960609436,66.85678073510772
159,0.139138887822628,94.73333333333332,0.745222395658493,69.1381495564005
160,0.13414863497018814,95.30000000000001,1.1479580581188202,63.447401774397974
161,0.13957936465740203,94.55,0.7490810692310333,72.05745669623995
162,0.11398657858371734,95.83333333333334,0.44045557379722594,81.191381495564
163,0.09930889308452606,96.6,0.33545964062213895,86.26531474440219
164,0.09718838036060333,96.81666666666668,0.3162361800670624,87.57076468103085
165,0.0942204087972641,96.89999999999999,0.3145851790904999,87.90874524714829
166,0.0804252915084362,97.28333333333333,0.2966560125350952,89.04942965779466
167,0.07831886783242226,97.50000000000001,0.2879782795906067,88.85086607520068
168,0.07122784182429313,97.61666666666666,0.3023623138666153,87.85804816223067
169,0.06750526279211044,98.01666666666668,0.3115733563899994,86.78073510773132
170,0.05837989896535874,98.26666666666668,0.31780975461006167,86.97507393324884
171,0.05494932197034359,98.33333333333334,0.25387707352638245,90.22813688212928
172,0.05285474173724651,98.51666666666667,0.20672870576381683,92.19687367976341
173,0.04893665388226509,98.65,0.18462642431259155,93.14321926489227
174,0.04993302635848522,98.68333333333334,0.17237868309020996,93.55724545838613
175,0.04414136298000813,98.85,0.16900227069854737,93.71356147021545
176,0.04564676359295845,98.81666666666666,0.1657954126596451,93.89100126742713
177,0.04499882645905018,98.86666666666667,0.16724076569080354,94.02196873679763
178,0.046720162779092786,98.85,0.16539493203163147,94.0515420363329
179,0.04219656772911549,98.96666666666667,0.17024524807929992,93.95437262357414
180,0.04033222831785679,98.91666666666666,0.17254727482795715,93.94169835234474
181,0.03891978971660137,99.01666666666668,0.16995351612567902,94.00506970849176
182,0.040571361780166626,99.01666666666668,0.16798727214336395,94.11913814955639
183,0.04132569767534733,98.95000000000002,0.16856707036495208,94.10646387832699
184,0.03932064585387707,99.08333333333334,0.17072625160217286,94.08534009294465
185,0.03994224332273007,98.96666666666667,0.17110165655612947,94.09378960709759
186,0.04010612815618515,99.06666666666668,0.16802960336208345,94.10223912125052
187,0.03832952082157135,99.15,0.17353154718875885,94.07266582171526
188,0.03887925148010254,99.06666666666666,0.17514567375183104,94.0642163075623
189,0.03960454650223255,98.98333333333333,0.17513028681278228,94.0515420363329
190,0.03808386698365211,99.10000000000001,0.17201386988162995,94.0642163075623
191,0.03788057528436184,99.11666666666666,0.17269330620765685,94.0388677651035
192,0.03889160975813866,99.06666666666668,0.1739137202501297,94.05576679340939
193,0.03988322280347347,99.1,0.1723974734544754,94.0515420363329
194,0.039340415596961976,99.05,0.17745639979839326,94.07266582171525
195,0.04061334729194641,99.14999999999999,0.17271658778190613,94.08111533586819
196,0.04109161086380482,98.98333333333333,0.17631272971630096,94.05576679340938
197,0.03878754749894142,99.16666666666666,0.1771854966878891,94.07266582171525
198,0.041161008179187775,99.03333333333333,0.17609794735908507,94.09378960709759
199,0.03915823325514793,99.0,0.17534008026123046,94.07689057879172
200,0.03936719670891762,99.1,0.17540806233882905,94.07689057879172
201,0.5373847246170044,75.48,36.180130338668825,60.32953105196451
202,0.335869574546814,86.53333333333333,46.6306730389595,63.27841149133925
203,0.23757980465888978,91.33333333333334,5.424318206310272,76.78918462188423
204,0.20234421789646148,92.52000000000001,0.5288573443889618,88.72412336290662
205,0.1727103501558304,93.66666666666667,0.5330397427082062,87.60456273764258
206,0.16186980605125428,93.98666666666668,0.35837032198905944,87.61301225179554
207,0.1504019632935524,94.37333333333333,0.30041593313217163,87.74397972116603
208,0.14710585176944732,94.61333333333333,0.36382268369197845,85.8555133079848
209,0.12713343501091004,95.10666666666665,0.3709985792636871,84.73172792564428
210,0.1115207776427269,95.86666666666667,0.439968603849411,77.4017743979721
211,0.09855655431747437,96.50666666666667,0.39242556393146516,81.12801013941697
212,0.08747253492474556,96.93333333333334,0.3472927510738373,84.08111533586819
213,0.08669253066182137,96.92,0.30569581389427186,87.2454583861428
214,0.0808559536933899,97.18666666666667,0.2873728185892105,88.37346852555979
215,0.07514494732022285,97.49333333333331,0.2660574346780777,89.25221799746515
216,0.07245376482605934,97.72,0.2499311923980713,90.10139416983523
217,0.06912187114357948,97.75999999999999,0.2398316591978073,90.40980143641741
218,0.06445256695151329,97.73333333333332,0.24403271079063416,90.36332910857627
219,0.06217774525284767,98.0,0.23406079709529876,90.76890578791719
220,0.055428745597600936,98.28,0.2562572479248047,89.87325728770597
221,0.0495030153542757,98.69333333333334,0.20623473823070526,92.18842416561048
222,0.05076488070189953,98.56000000000002,0.1797589272260666,93.19814110688637
223,0.04732015132904053,98.66666666666667,0.16214270889759064,93.87832699619773
224,0.04610314257442951,98.81333333333333,0.1536319762468338,94.15293620616815
225,0.04557184688746929,98.78666666666666,0.14960511028766632,94.40219687367977
226,0.04311483912169933,98.89333333333335,0.15252207815647126,94.4106463878327
227,0.04452357180416584,98.77333333333334,0.1522427350282669,94.41487114490917
228,0.04193490743637085,98.90666666666667,0.15353745520114898,94.47824250105619
229,0.04182151965796947,99.01333333333334,0.1518475204706192,94.52049007182087
230,0.0404873214662075,99.06666666666666,0.15539580583572388,94.58808618504436
231,0.03948596902191639,99.13333333333333,0.15550313889980316,94.60920997042669
232,0.038753737881779673,99.06666666666665,0.15376035273075103,94.57963667089142
233,0.03885768093168736,99.02666666666667,0.15632503032684325,94.58808618504436
234,0.03894187584519386,99.10666666666667,0.15751543641090393,94.6218842416561
235,0.03904665447771549,99.02666666666667,0.15464610755443572,94.60920997042669
236,0.03945973850786686,99.01333333333334,0.159516578912735,94.59231094212083
237,0.0384080920368433,99.21333333333334,0.15807017385959626,94.60498521335023
238,0.03826514333486557,99.06666666666666,0.1619602233171463,94.6218842416561
239,0.037387929111719134,99.18666666666665,0.1583577036857605,94.59231094212083
240,0.038189411908388135,99.08,0.15937918722629546,94.59231094212083
241,0.03923382870852947,99.09333333333333,0.1627788156270981,94.60498521335023
242,0.03757298868149519,99.22666666666667,0.16315470337867738,94.59653569919729
243,0.03671424817293882,99.21333333333332,0.15971979796886443,94.59231094212083
244,0.03792828321456909,99.16,0.15972381234169006,94.59653569919729
245,0.03785822466015816,99.03999999999999,0.16095842123031617,94.61343472750318
246,0.03814818039536476,99.16,0.16147757768630983,94.6092099704267
247,0.03722880128771067,99.16,0.16190720200538636,94.60498521335025
248,0.03742539323866367,99.13333333333333,0.1622693806886673,94.60498521335023
249,0.03814203515648842,99.14666666666668,0.16275559961795807,94.5838614279679
250,0.037330323830246925,99.14666666666668,0.1592078238725662,94.59653569919729
