Epoch,Repetition 1,Repetition 2,Repetition 3,Repetition 4,Repetition 5
0,0.7862224578857422,0.6918522119522095,0.7074731588363647,0.7692067623138428,1.4101717472076416
1,0.7542927265167236,0.7418503761291504,0.7529860734939575,0.7055622339248657,0.781523585319519
2,0.912234902381897,1.0136966705322266,1.1813796758651733,0.8198495507240295,0.7510662078857422
3,0.9979142546653748,0.5374112129211426,0.752348005771637,0.5570080280303955,0.5344767570495605
4,0.5034024119377136,0.35750827193260193,0.4715398848056793,0.47982218861579895,0.41561567783355713
5,0.4143073856830597,0.3387974500656128,0.3998541235923767,0.37351804971694946,0.3725481927394867
6,0.3231126368045807,0.26501330733299255,0.3174484968185425,0.31392472982406616,0.2792426645755768
7,0.2381022721529007,0.2594110071659088,0.2560104429721832,0.2407960593700409,0.24458293616771698
8,0.24380658566951752,0.20950359106063843,0.20933924615383148,0.20379245281219482,0.21393148601055145
9,0.20791460573673248,0.17614400386810303,0.24065808951854706,0.2380146086215973,0.1924763023853302
10,0.169509619474411,0.14271698892116547,0.18270741403102875,0.20756182074546814,0.16124604642391205
11,0.1303839385509491,0.11970487236976624,0.19667646288871765,0.1708299219608307,0.14528512954711914
12,0.12412074208259583,0.12003039568662643,0.18789668381214142,0.16599774360656738,0.14140863716602325
13,0.1123371496796608,0.10871460288763046,0.18364286422729492,0.1582062840461731,0.13485047221183777
14,0.11595851927995682,0.10157930105924606,0.17943322658538818,0.14636100828647614,0.1246202141046524
15,0.10363306850194931,0.09491030871868134,0.17461585998535156,0.12499886006116867,0.11485257744789124
16,0.0966634601354599,0.0962277501821518,0.16146892309188843,0.12025515735149384,0.10581441223621368
17,0.09620794653892517,0.08471690118312836,0.15189626812934875,0.10795482993125916,0.09609101712703705
18,0.08811283856630325,0.08209250122308731,0.14327110350131989,0.10732991993427277,0.09697609394788742
19,0.08858126401901245,0.0851975679397583,0.13359569013118744,0.09504412859678268,0.09305758029222488
20,0.08854218572378159,0.07449661195278168,0.12630602717399597,0.09579354524612427,0.08683229982852936
21,0.08182820677757263,0.07069025933742523,0.12382058799266815,0.08842947334051132,0.08421677350997925
22,0.08447956293821335,0.06805943697690964,0.11803529411554337,0.0874561294913292,0.08175233006477356
23,0.08155479282140732,0.06960993260145187,0.12106483429670334,0.09035391360521317,0.08324766159057617
24,0.07954760640859604,0.07003603875637054,0.12051213532686234,0.08563417941331863,0.0785117894411087
25,0.08246772736310959,0.06655441224575043,0.12063704431056976,0.08156632632017136,0.07886145263910294
26,0.08285403251647949,0.06847189366817474,0.11768671870231628,0.0812843069434166,0.08278913795948029
27,0.07754113525152206,0.07115516811609268,0.1162024736404419,0.08387107402086258,0.07639870047569275
28,0.07997705042362213,0.06678756326436996,0.11398397386074066,0.08390150964260101,0.07917502522468567
29,0.07888368517160416,0.06626550108194351,0.11690238863229752,0.07984078675508499,0.0729493573307991
30,0.07950588315725327,0.06776445358991623,0.11180605739355087,0.08194724470376968,0.07211627811193466
31,0.07789351046085358,0.06994441151618958,0.12078274041414261,0.07931952178478241,0.07503228634595871
32,0.07551503926515579,0.06584944576025009,0.1164751723408699,0.07848819345235825,0.07451505213975906
33,0.07482602447271347,0.06675717979669571,0.11454560607671738,0.07881190627813339,0.07612323015928268
34,0.07874666154384613,0.06530874222517014,0.11472845077514648,0.07706591486930847,0.07109224796295166
35,0.07740131765604019,0.06629666686058044,0.11177019774913788,0.07283737510442734,0.0765051320195198
36,0.07580140978097916,0.06831107288599014,0.1137802004814148,0.0787942036986351,0.07201743870973587
37,0.0749821588397026,0.061376266181468964,0.11508279293775558,0.07483057677745819,0.07615914940834045
38,0.07687833160161972,0.06421254575252533,0.1111082211136818,0.08038930594921112,0.07660966366529465
39,0.07292491942644119,0.0673971101641655,0.11073827743530273,0.07716014981269836,0.07325847446918488
40,0.07874546200037003,0.06417563557624817,0.11551891267299652,0.0758223831653595,0.0746692642569542
41,0.07432904094457626,0.06654638051986694,0.1110219955444336,0.07621552795171738,0.07673635333776474
42,0.0767187550663948,0.06519849598407745,0.11388547718524933,0.07870487868785858,0.07237003743648529
43,0.07921048253774643,0.06738825887441635,0.11533695459365845,0.07684759795665741,0.07324536889791489
44,0.07432994991540909,0.06365900486707687,0.11446632444858551,0.08012641966342926,0.07588591426610947
45,0.07381345331668854,0.06796251982450485,0.11803977191448212,0.07356949150562286,0.0756136029958725
46,0.0745706558227539,0.06878434866666794,0.11421338468790054,0.0781121477484703,0.07356369495391846
47,0.07768439501523972,0.0615696907043457,0.11458166688680649,0.07420714199542999,0.07352067530155182
48,0.0784371867775917,0.06571140140295029,0.11181098222732544,0.07780595123767853,0.07717112451791763
49,0.07448864728212357,0.06471631675958633,0.11353596299886703,0.07572536170482635,0.07452122867107391
50,0.07638172060251236,0.06371033936738968,0.10973864793777466,0.0769442617893219,0.07221805304288864
51,0.9969592094421387,0.2913457453250885,0.9096474647521973,0.32431185245513916,0.3650205731391907
52,0.47197476029396057,0.3767673671245575,0.4278164207935333,0.41201385855674744,0.3806084096431732
53,0.4076915383338928,0.2962416410446167,0.41155773401260376,0.31199944019317627,0.3143569231033325
54,0.3462342619895935,0.24496829509735107,0.31283408403396606,0.268471360206604,0.26570290327072144
55,0.2864466607570648,0.23853817582130432,0.2536323070526123,0.23395417630672455,0.2517815828323364
56,0.24699972569942474,0.1850477159023285,0.24130475521087646,0.261547327041626,0.22606313228607178
57,0.21908889710903168,0.1795358508825302,0.242326557636261,0.22424839437007904,0.20864398777484894
58,0.20378674566745758,0.1846541315317154,0.23934146761894226,0.20662781596183777,0.21436114609241486
59,0.21166709065437317,0.13308072090148926,0.16328860819339752,0.20405536890029907,0.2213870733976364
60,0.16602785885334015,0.16407671570777893,0.16851301491260529,0.16336718201637268,0.2186756730079651
61,0.20795437693595886,0.1436220407485962,0.14541120827198029,0.1648658663034439,0.16407743096351624
62,0.14314422011375427,0.10471934080123901,0.13333286345005035,0.10887707769870758,0.16964998841285706
63,0.12016484141349792,0.16021308302879333,0.1405874788761139,0.10104323923587799,0.1853541135787964
64,0.12447172403335571,0.11661946773529053,0.11179142445325851,0.12110129743814468,0.183997243642807
65,0.13558520376682281,0.11084822565317154,0.12772077322006226,0.1278843879699707,0.1651494801044464
66,0.11461560428142548,0.08660457283258438,0.10095277428627014,0.09647217392921448,0.17824459075927734
67,0.13047297298908234,0.06564627587795258,0.10039843618869781,0.1247178390622139,0.15947481989860535
68,0.11777427792549133,0.07682529091835022,0.09211910516023636,0.08433803170919418,0.13707655668258667
69,0.09667414426803589,0.08082009851932526,0.0894819051027298,0.08523860573768616,0.15135416388511658
70,0.12417268753051758,0.06287464499473572,0.08353964984416962,0.08179323375225067,0.13006053864955902
71,0.10251885652542114,0.08786122500896454,0.060703061521053314,0.09010398387908936,0.12058433890342712
72,0.103302963078022,0.05664653331041336,0.0943218320608139,0.08267734944820404,0.14472360908985138
73,0.0930478423833847,0.07023808360099792,0.09797945618629456,0.08002547919750214,0.10731201618909836
74,0.09714451432228088,0.06291092932224274,0.08540799468755722,0.06617996096611023,0.11267827451229095
75,0.11289337277412415,0.0759539008140564,0.07250463962554932,0.0840410441160202,0.10442836582660675
76,0.10511639714241028,0.05126608908176422,0.08188249915838242,0.052303798496723175,0.11954975128173828
77,0.10544244945049286,0.05478193610906601,0.07315157353878021,0.054412879049777985,0.10821062326431274
78,0.10786998271942139,0.04579511284828186,0.0733853429555893,0.08986277878284454,0.1053004264831543
79,0.07556502521038055,0.07489059120416641,0.07181625068187714,0.051180049777030945,0.10389803349971771
80,0.09105294942855835,0.04503924772143364,0.07424633204936981,0.08284392207860947,0.13296712934970856
81,0.08038437366485596,0.076689213514328,0.07308761775493622,0.05835665762424469,0.10601352155208588
82,0.10082671791315079,0.06890328228473663,0.06078280508518219,0.051178812980651855,0.10709409415721893
83,0.10362592339515686,0.048326525837183,0.06422193348407745,0.06769535690546036,0.12397267669439316
84,0.09038111567497253,0.048528194427490234,0.0634186714887619,0.05418568104505539,0.0937354788184166
85,0.09623340517282486,0.05110097676515579,0.07807349413633347,0.06895032525062561,0.11641814559698105
86,0.11676856130361557,0.046864453703165054,0.07432980090379715,0.051937591284513474,0.08404047042131424
87,0.1342766433954239,0.045666977763175964,0.05958082154393196,0.06205815076828003,0.14945635199546814
88,0.08368077874183655,0.045008011162281036,0.07392702996730804,0.08617740869522095,0.09620226919651031
89,0.08315548300743103,0.0806533619761467,0.08376991003751755,0.06042278930544853,0.09600631892681122
90,0.07990837097167969,0.05495979264378548,0.07669992744922638,0.06259667128324509,0.10499612241983414
91,0.1220906525850296,0.04813847318291664,0.08242932707071304,0.05296531319618225,0.09686847031116486
92,0.07952572405338287,0.052106983959674835,0.09610766172409058,0.053787775337696075,0.11438912898302078
93,0.08278010785579681,0.055883802473545074,0.07450296729803085,0.046585481613874435,0.10905615240335464
94,0.1079702228307724,0.05751856788992882,0.06457487493753433,0.04818602278828621,0.09207190573215485
95,0.10889381170272827,0.0482955276966095,0.09033963829278946,0.07256242632865906,0.11895427852869034
96,0.0844765305519104,0.08027200400829315,0.0792708694934845,0.057233959436416626,0.08458656817674637
97,0.07433037459850311,0.04962974414229393,0.08193476498126984,0.05561221390962601,0.0929008424282074
98,0.07479054480791092,0.04137036204338074,0.07007969915866852,0.06093742698431015,0.11242467164993286
99,0.10238303244113922,0.03868589550256729,0.08215255290269852,0.048034586012363434,0.10469385981559753
100,0.08995618671178818,0.05338738113641739,0.06429216265678406,0.04862738400697708,0.11262988299131393
101,0.5430251359939575,0.49847790598869324,0.3353157639503479,1.3661905527114868,0.7946633100509644
102,0.2801254987716675,0.44891756772994995,0.7020957469940186,0.44763070344924927,0.7235326766967773
103,0.2174476683139801,0.3131231665611267,0.3444325923919678,0.32877251505851746,0.39402151107788086
104,0.20310240983963013,0.2678205072879791,0.26705673336982727,0.2709641456604004,0.30552294850349426
105,0.1713595688343048,0.22654762864112854,0.2137729376554489,0.25874945521354675,0.2654935121536255
106,0.15840214490890503,0.20046615600585938,0.20586802065372467,0.23383104801177979,0.24404862523078918
107,0.1445060670375824,0.18179012835025787,0.1763545721769333,0.23676010966300964,0.21583291888237
108,0.12546801567077637,0.15796875953674316,0.17235472798347473,0.20184890925884247,0.19391563534736633
109,0.12309649586677551,0.161554217338562,0.13776704668998718,0.18857350945472717,0.18653862178325653
110,0.15121762454509735,0.15072189271450043,0.13347148895263672,0.1772347390651703,0.17073704302310944
111,0.12014330178499222,0.1329401284456253,0.16177242994308472,0.1577303409576416,0.14788629114627838
112,0.1052345335483551,0.1226978600025177,0.12351424992084503,0.15754324197769165,0.13577383756637573
113,0.0861421525478363,0.11292371898889542,0.11353158950805664,0.15095126628875732,0.12715992331504822
114,0.07989191263914108,0.10485115647315979,0.11509869992733002,0.14808082580566406,0.1166701465845108
115,0.0755460113286972,0.09887675940990448,0.11334967613220215,0.14661630988121033,0.11663883924484253
116,0.07485423982143402,0.0964934229850769,0.10261097550392151,0.13988253474235535,0.10757992416620255
117,0.064690962433815,0.08785101771354675,0.1008385494351387,0.14190508425235748,0.11458215117454529
118,0.05812971293926239,0.08017341047525406,0.09706201404333115,0.1372772753238678,0.09787584841251373
119,0.05461442470550537,0.07543562352657318,0.08975379168987274,0.13379348814487457,0.09541325271129608
120,0.051225148141384125,0.07486571371555328,0.0806613489985466,0.1295962929725647,0.09048347175121307
121,0.04850577190518379,0.06791354715824127,0.07953287661075592,0.12631633877754211,0.08457604795694351
122,0.048422131687402725,0.06685610115528107,0.07990723848342896,0.12378672510385513,0.08244504779577255
123,0.04862494021654129,0.06643258035182953,0.07545830309391022,0.12813524901866913,0.0847887322306633
124,0.04705418646335602,0.0683695524930954,0.07917405664920807,0.12308952957391739,0.08093971014022827
125,0.04450453072786331,0.06971167027950287,0.07504907995462418,0.12444273382425308,0.08674013614654541
126,0.042262203991413116,0.0627606138586998,0.07680931687355042,0.12389407306909561,0.08450990170240402
127,0.0443161204457283,0.06321407109498978,0.07456004619598389,0.12239924818277359,0.08247622847557068
128,0.040268465876579285,0.06337980926036835,0.07545705139636993,0.12181884050369263,0.07866977900266647
129,0.04125193879008293,0.06348409503698349,0.06860336661338806,0.128819078207016,0.07919337600469589
130,0.04054439812898636,0.06202851980924606,0.07131953537464142,0.12465716898441315,0.07827088981866837
131,0.04184022545814514,0.06005362793803215,0.07026772201061249,0.12625131011009216,0.07909723371267319
132,0.03980860859155655,0.06289266049861908,0.07655251026153564,0.11945578455924988,0.0775519460439682
133,0.042836327105760574,0.06158012896776199,0.07100911438465118,0.12080910801887512,0.08136294037103653
134,0.04045938327908516,0.06140006333589554,0.06906512379646301,0.1231546401977539,0.07735370844602585
135,0.041661106050014496,0.06470078229904175,0.07010719180107117,0.12693163752555847,0.07591041922569275
136,0.04155796021223068,0.06232582405209541,0.07166291773319244,0.1272367238998413,0.07821212708950043
137,0.040693171322345734,0.06013716012239456,0.07266940921545029,0.12069255113601685,0.0804159939289093
138,0.04003046452999115,0.06265862286090851,0.07076311111450195,0.12465371936559677,0.07904697954654694
139,0.040551379323005676,0.058326058089733124,0.06962515413761139,0.12499908357858658,0.07706812024116516
140,0.03785879537463188,0.06426794081926346,0.06986890733242035,0.1225428581237793,0.076759472489357
141,0.03926021605730057,0.06086248904466629,0.06862670928239822,0.11990334093570709,0.0754975900053978
142,0.04043573886156082,0.059752948582172394,0.06789103895425797,0.12396436184644699,0.08695405721664429
143,0.039413053542375565,0.059070829302072525,0.06854190677404404,0.12038546055555344,0.07988183200359344
144,0.04195263236761093,0.06211616098880768,0.06974141299724579,0.123085156083107,0.07305558025836945
145,0.039033129811286926,0.05890222266316414,0.06876539438962936,0.12107251584529877,0.07928290963172913
146,0.04433980956673622,0.059314899146556854,0.0689377710223198,0.12123126536607742,0.07855759561061859
147,0.04247911274433136,0.0671759620308876,0.06794761121273041,0.11733047664165497,0.07583592087030411
148,0.04348645359277725,0.05584233999252319,0.06707397848367691,0.12382325530052185,0.07561428099870682
149,0.03880075365304947,0.05734635889530182,0.06687524914741516,0.12839862704277039,0.07512950897216797
150,0.038148000836372375,0.05673752725124359,0.06728881597518921,0.12017244100570679,0.07565934956073761
151,0.4916616380214691,0.42624449729919434,0.3740386962890625,0.7756486535072327,0.4913550913333893
152,0.3175634443759918,0.29907187819480896,0.2660819888114929,0.4429788887500763,0.30080148577690125
153,0.2922342121601105,0.2585219442844391,0.2567411959171295,0.3402758538722992,0.2455572932958603
154,0.24720549583435059,0.2200607806444168,0.1971755474805832,0.28790250420570374,0.20797067880630493
155,0.18487845361232758,0.1755257397890091,0.15666262805461884,0.24289150536060333,0.230516716837883
156,0.22468571364879608,0.18295657634735107,0.130358025431633,0.20621120929718018,0.1860674023628235
157,0.17799733579158783,0.15689274668693542,0.12601040303707123,0.1970670223236084,0.17572934925556183
158,0.16517437994480133,0.1355486512184143,0.11236236244440079,0.17081384360790253,0.1589389443397522
159,0.13632164895534515,0.15870214998722076,0.11482026427984238,0.14703360199928284,0.13881677389144897
160,0.12740643322467804,0.14714469015598297,0.11018004268407822,0.13033801317214966,0.15567399561405182
161,0.11778988689184189,0.12656444311141968,0.10527371615171432,0.15774185955524445,0.19052691757678986
162,0.0968017503619194,0.12207672744989395,0.08826781064271927,0.11960499733686447,0.14318160712718964
163,0.0904204249382019,0.1027599349617958,0.07111988961696625,0.1149560809135437,0.11728813499212265
164,0.08367358893156052,0.10110411792993546,0.0739697590470314,0.10372719168663025,0.12346724420785904
165,0.08144659548997879,0.09449386596679688,0.0704910010099411,0.11537480354309082,0.10929577797651291
166,0.07136459648609161,0.07952257245779037,0.05963261052966118,0.09272683411836624,0.0988798439502716
167,0.0702093243598938,0.06837357580661774,0.05532868579030037,0.0985056534409523,0.09917709976434708
168,0.0659450888633728,0.060947224497795105,0.04574320837855339,0.08527293056249619,0.0982307568192482
169,0.06741105765104294,0.05787082388997078,0.04278715327382088,0.0780685767531395,0.09138870239257812
170,0.0507718063890934,0.04617229104042053,0.03884659335017204,0.08061689138412476,0.07549191266298294
171,0.041282594203948975,0.04544417932629585,0.028800496831536293,0.08204786479473114,0.07717147469520569
172,0.04380054399371147,0.04940192401409149,0.025130966678261757,0.07729039341211319,0.06864988058805466
173,0.04194808006286621,0.03918878361582756,0.02616036683320999,0.07415894418954849,0.0632270947098732
174,0.048604097217321396,0.03812230005860329,0.026772720739245415,0.06531545519828796,0.07085055857896805
175,0.03837744891643524,0.03701503574848175,0.022194283083081245,0.06637058407068253,0.05674946308135986
176,0.04438121244311333,0.037743184715509415,0.02333085983991623,0.06468511372804642,0.05809344723820686
177,0.04477662965655327,0.03837205097079277,0.021800557151436806,0.05852911248803139,0.06151578202843666
178,0.03806116059422493,0.043478477746248245,0.023352697491645813,0.07053545862436295,0.05817301943898201
179,0.039887361228466034,0.029277658089995384,0.021987058222293854,0.06261461973190308,0.05721614137291908
180,0.032995130866765976,0.031822241842746735,0.019251419231295586,0.05910215899348259,0.05849019065499306
181,0.036980029195547104,0.03099721670150757,0.020199837163090706,0.050386544317007065,0.056035321205854416
182,0.03737565875053406,0.026870490983128548,0.01894090138375759,0.06886901706457138,0.05080074071884155
183,0.03506385535001755,0.037911418825387955,0.0225739236921072,0.05416540801525116,0.05691388249397278
184,0.03590523824095726,0.029300568625330925,0.018069863319396973,0.05849836766719818,0.054829191416502
185,0.03698984161019325,0.02627827785909176,0.017196305096149445,0.06677388399839401,0.052472908049821854
186,0.037061210721731186,0.02851405180990696,0.017502570524811745,0.06488529592752457,0.052567511796951294
187,0.03329296410083771,0.027506835758686066,0.019786067306995392,0.054102573543787,0.05695916339755058
188,0.03393840789794922,0.02804083190858364,0.01917668990790844,0.056234803050756454,0.05700552463531494
189,0.03322852402925491,0.031229384243488312,0.020871011540293694,0.05629236623644829,0.05640144646167755
190,0.033690836280584335,0.028906041756272316,0.017373250797390938,0.05088342726230621,0.05956577882170677
191,0.03430354222655296,0.025853047147393227,0.020890653133392334,0.056761693209409714,0.05159394070506096
192,0.033615630120038986,0.02811908908188343,0.01806553266942501,0.05193223059177399,0.06272556632757187
193,0.033319782465696335,0.03111121617257595,0.018441837280988693,0.06062811613082886,0.05591516196727753
194,0.03626714646816254,0.0290779247879982,0.019570976495742798,0.054889243096113205,0.05689678713679314
195,0.03420691937208176,0.031463850289583206,0.016225814819335938,0.06263995915651321,0.05853019282221794
196,0.03230713680386543,0.03240641579031944,0.018454914912581444,0.05851506069302559,0.06377452611923218
197,0.03662240877747536,0.03370800241827965,0.0179537832736969,0.05228650942444801,0.05336703360080719
198,0.03506544232368469,0.033236369490623474,0.017914462834596634,0.06284592300653458,0.056742843240499496
199,0.03703579679131508,0.028585070744156837,0.01732889749109745,0.05572781339287758,0.057113587856292725
200,0.03548860922455788,0.029214302077889442,0.020200064405798912,0.05559337139129639,0.05633963644504547
201,0.5231285691261292,0.5557711124420166,0.43682506680488586,0.4150429666042328,0.7561559081077576
202,0.39274144172668457,0.29373347759246826,0.29617226123809814,0.2860124111175537,0.41068828105926514
203,0.26785993576049805,0.21308201551437378,0.2025120109319687,0.24441148340702057,0.26003357768058777
204,0.21967987716197968,0.17410551011562347,0.1971643567085266,0.20126557350158691,0.21950577199459076
205,0.18593837320804596,0.14240683615207672,0.17985425889492035,0.1751648187637329,0.18018746376037598
206,0.16295914351940155,0.13580752909183502,0.15809698402881622,0.17102934420108795,0.18145602941513062
207,0.15365368127822876,0.11387757211923599,0.15635371208190918,0.15775634348392487,0.1703685075044632
208,0.15772324800491333,0.1082550585269928,0.15616267919540405,0.1519278883934021,0.16146038472652435
209,0.1369132101535797,0.09490884095430374,0.12348321825265884,0.12741059064865112,0.15295131504535675
210,0.1246332898736,0.0866890624165535,0.10359662026166916,0.11128497123718262,0.1313999444246292
211,0.09876099973917007,0.0691777840256691,0.09295612573623657,0.11178711801767349,0.12010074406862259
212,0.09022342413663864,0.06188361719250679,0.08813150972127914,0.08345858007669449,0.11366554349660873
213,0.09238290786743164,0.05761411413550377,0.08296907693147659,0.09320425242185593,0.1072923019528389
214,0.08967512845993042,0.051471054553985596,0.07742806524038315,0.08180065453052521,0.10390486568212509
215,0.08063381165266037,0.049091894179582596,0.07132671773433685,0.07691875845193863,0.09775355458259583
216,0.0739312395453453,0.04342513158917427,0.07326067239046097,0.07570035010576248,0.09595143049955368
217,0.0751909539103508,0.040960606187582016,0.07177820056676865,0.0656733289361,0.09200626611709595
218,0.06757380813360214,0.03655669093132019,0.06186235323548317,0.06451886147260666,0.09175112098455429
219,0.06277211755514145,0.030794627964496613,0.05531875416636467,0.06816843897104263,0.093834787607193
220,0.07295644283294678,0.02681596577167511,0.04512360319495201,0.05359630286693573,0.07865141332149506
221,0.05610886588692665,0.024362171068787575,0.04004502668976784,0.05459187924861908,0.07240713387727737
222,0.06118878722190857,0.02606233023107052,0.04018567129969597,0.055474888533353806,0.07091272622346878
223,0.05523225665092468,0.020899616181850433,0.03698999807238579,0.048929665237665176,0.07454922050237656
224,0.05099012330174446,0.025039831176400185,0.03747524693608284,0.04658247530460358,0.0704280361533165
225,0.05421605706214905,0.019189445301890373,0.03744645416736603,0.04550093412399292,0.07150634378194809
226,0.04982258006930351,0.020726265385746956,0.033614981919527054,0.04662252590060234,0.0647878423333168
227,0.0518205463886261,0.022444313392043114,0.03525605425238609,0.04458174109458923,0.06851520389318466
228,0.051086749881505966,0.018179401755332947,0.03269646689295769,0.0415610671043396,0.06615085154771805
229,0.04788900911808014,0.01639617048203945,0.032867949455976486,0.04662367329001427,0.06533079594373703
230,0.04825142025947571,0.017823362722992897,0.029737038537859917,0.04291853681206703,0.06370624899864197
231,0.046639952808618546,0.018048591911792755,0.027553917840123177,0.03985900059342384,0.06532838195562363
232,0.04801524803042412,0.015989499166607857,0.02700069546699524,0.040696531534194946,0.06206671521067619
233,0.0453946478664875,0.01665600761771202,0.027841607108712196,0.04052533209323883,0.06387080997228622
234,0.043774720281362534,0.016941113397479057,0.02687837742269039,0.04167465493083,0.06544051319360733
235,0.0443572998046875,0.016349762678146362,0.02759198285639286,0.04050938040018082,0.06642484664916992
236,0.04858791455626488,0.018159113824367523,0.027305176481604576,0.039288461208343506,0.06395802646875381
237,0.04481431469321251,0.019179917871952057,0.026270510628819466,0.03913894668221474,0.06263677030801773
238,0.04628337547183037,0.01655552349984646,0.025538725778460503,0.04027717560529709,0.06267091631889343
239,0.044097453355789185,0.015296991914510727,0.02539658546447754,0.04025005176663399,0.06189856305718422
240,0.04523992910981178,0.01692219264805317,0.026191359385848045,0.04265471175312996,0.05993886664509773
241,0.04540310427546501,0.015966445207595825,0.027744000777602196,0.0404113344848156,0.06664425879716873
242,0.04511129856109619,0.015356258489191532,0.026010094210505486,0.03716105967760086,0.06422623246908188
243,0.044364649802446365,0.015187609009444714,0.026495732367038727,0.038620512932538986,0.05890273675322533
244,0.04868068918585777,0.015750600025057793,0.025883322581648827,0.039172250777482986,0.06015455350279808
245,0.04314379766583443,0.01584666222333908,0.027503229677677155,0.03981317579746246,0.06298425793647766
246,0.04536762833595276,0.015659263357520103,0.025695154443383217,0.03995383158326149,0.06406502425670624
247,0.045538198202848434,0.014895026572048664,0.024395279586315155,0.03861040994524956,0.06270509213209152
248,0.044183630496263504,0.016239501535892487,0.02527652122080326,0.03894060477614403,0.06248670816421509
249,0.04466431960463524,0.0164011400192976,0.025800460949540138,0.0428004264831543,0.06104382872581482
250,0.04578006640076637,0.015310697257518768,0.024616604670882225,0.040187522768974304,0.06075672805309296
