Epoch,Repetition 1,Repetition 2,Repetition 3,Repetition 4,Repetition 5
0,54.16138572032108,52.00675961132235,54.03464300802704,49.76763836079425,45.92310942120828
1,50.666666666666664,44.333333333333336,48.666666666666664,56.0,43.666666666666664
2,60.333333333333336,62.666666666666664,56.0,66.33333333333333,67.66666666666667
3,57.333333333333336,74.0,53.0,72.33333333333333,80.33333333333333
4,78.33333333333333,85.0,80.33333333333333,75.33333333333333,84.0
5,84.33333333333333,86.0,82.66666666666667,85.0,82.33333333333333
6,87.0,91.33333333333333,87.0,86.33333333333333,87.0
7,91.33333333333333,92.66666666666667,91.66666666666667,89.33333333333333,90.33333333333333
8,89.66666666666667,91.66666666666667,93.0,92.66666666666667,92.66666666666667
9,91.66666666666667,93.33333333333333,89.66666666666667,89.33333333333333,93.0
10,93.66666666666667,97.33333333333333,93.33333333333333,92.0,95.0
11,96.0,98.0,92.0,93.33333333333333,93.33333333333333
12,97.33333333333333,97.66666666666667,92.0,94.33333333333333,93.33333333333333
13,97.66666666666667,98.0,92.33333333333333,94.33333333333333,93.66666666666667
14,98.0,98.0,93.33333333333333,95.0,95.0
15,98.0,98.0,92.66666666666667,95.33333333333333,96.33333333333333
16,98.33333333333333,98.0,93.66666666666667,96.33333333333333,97.0
17,98.66666666666667,98.66666666666667,94.66666666666667,96.66666666666667,97.0
18,98.33333333333333,98.33333333333333,94.0,97.0,96.66666666666667
19,98.33333333333333,98.66666666666667,94.66666666666667,97.33333333333333,97.0
20,98.66666666666667,99.0,95.0,97.33333333333333,97.33333333333333
21,98.66666666666667,99.33333333333333,95.0,97.66666666666667,97.66666666666667
22,98.33333333333333,99.0,95.33333333333333,98.0,97.66666666666667
23,99.0,99.0,95.66666666666667,97.66666666666667,97.33333333333333
24,99.0,99.0,95.33333333333333,97.66666666666667,98.0
25,98.33333333333333,99.33333333333333,95.33333333333333,98.33333333333333,98.0
26,98.66666666666667,99.0,95.0,97.66666666666667,97.33333333333333
27,98.66666666666667,99.33333333333333,95.66666666666667,98.33333333333333,98.0
28,98.33333333333333,99.0,96.0,98.33333333333333,98.66666666666667
29,98.66666666666667,99.0,95.0,98.33333333333333,98.66666666666667
30,99.0,99.33333333333333,95.66666666666667,98.33333333333333,99.0
31,98.66666666666667,99.33333333333333,96.0,98.0,98.0
32,99.0,99.0,95.66666666666667,98.33333333333333,98.33333333333333
33,98.33333333333333,99.0,96.33333333333333,98.33333333333333,98.33333333333333
34,99.0,99.0,95.66666666666667,98.33333333333333,98.33333333333333
35,98.66666666666667,99.0,96.0,98.66666666666667,98.33333333333333
36,98.66666666666667,99.0,96.66666666666667,98.33333333333333,98.0
37,99.0,99.33333333333333,96.0,98.33333333333333,98.33333333333333
38,98.66666666666667,99.33333333333333,95.66666666666667,98.33333333333333,97.66666666666667
39,98.66666666666667,99.33333333333333,96.0,98.0,97.66666666666667
40,99.0,99.0,95.66666666666667,98.66666666666667,98.33333333333333
41,98.66666666666667,99.0,96.0,98.66666666666667,97.66666666666667
42,98.66666666666667,99.33333333333333,96.0,98.0,98.33333333333333
43,99.0,98.66666666666667,96.33333333333333,98.0,98.33333333333333
44,99.0,99.33333333333333,95.66666666666667,98.33333333333333,98.66666666666667
45,98.33333333333333,99.0,95.33333333333333,98.66666666666667,98.66666666666667
46,99.0,99.0,96.0,98.0,98.66666666666667
47,98.66666666666667,99.0,95.33333333333333,97.66666666666667,98.66666666666667
48,98.66666666666667,98.66666666666667,96.33333333333333,98.66666666666667,98.0
49,98.66666666666667,99.33333333333333,96.33333333333333,98.0,97.66666666666667
50,98.66666666666667,99.33333333333333,95.66666666666667,98.33333333333333,98.66666666666667
51,88.66666666666667,93.5,86.0,92.83333333333333,91.5
52,78.83333333333333,82.16666666666667,83.83333333333333,80.83333333333333,83.66666666666667
53,81.33333333333333,86.5,81.33333333333333,87.33333333333333,88.33333333333333
54,84.33333333333333,89.16666666666667,89.83333333333333,89.83333333333333,88.0
55,88.5,92.5,90.33333333333333,89.83333333333333,89.83333333333333
56,90.16666666666667,92.33333333333333,90.83333333333333,92.0,89.0
57,92.16666666666667,93.0,91.33333333333333,92.66666666666667,92.83333333333333
58,92.16666666666667,89.66666666666667,92.16666666666667,92.16666666666667,90.66666666666667
59,92.5,93.66666666666667,92.5,92.83333333333333,91.33333333333333
60,94.66666666666667,94.83333333333333,93.0,94.66666666666667,89.83333333333333
61,92.33333333333333,95.16666666666667,94.66666666666667,94.5,93.0
62,94.66666666666667,95.83333333333333,94.33333333333333,94.66666666666667,92.5
63,96.0,96.66666666666667,94.83333333333333,96.0,93.16666666666667
64,95.5,96.66666666666667,95.0,95.5,93.16666666666667
65,95.5,97.16666666666667,95.0,95.66666666666667,93.16666666666667
66,95.66666666666667,97.0,95.33333333333333,96.33333333333333,94.16666666666667
67,95.5,97.33333333333333,96.33333333333333,97.5,94.16666666666667
68,96.5,97.83333333333333,96.33333333333333,97.0,94.5
69,96.5,98.33333333333333,96.5,97.16666666666667,95.16666666666667
70,97.0,98.0,97.5,97.5,94.66666666666667
71,97.0,98.16666666666667,97.5,97.83333333333333,95.5
72,96.5,98.33333333333333,96.83333333333333,97.33333333333333,95.33333333333333
73,96.83333333333333,98.33333333333333,97.66666666666667,97.5,95.5
74,96.83333333333333,98.5,97.33333333333333,97.16666666666667,95.83333333333333
75,96.66666666666667,98.66666666666667,97.5,97.5,95.33333333333333
76,97.0,98.66666666666667,97.5,97.5,95.0
77,96.5,99.0,97.16666666666667,97.66666666666667,95.66666666666667
78,97.66666666666667,98.5,97.33333333333333,98.16666666666667,95.66666666666667
79,97.5,98.66666666666667,97.5,98.0,95.5
80,97.16666666666667,98.66666666666667,97.16666666666667,97.33333333333333,95.83333333333333
81,97.66666666666667,98.16666666666667,97.66666666666667,97.83333333333333,95.66666666666667
82,97.5,98.66666666666667,97.5,98.33333333333333,96.16666666666667
83,97.33333333333333,99.0,97.5,98.66666666666667,95.83333333333333
84,97.16666666666667,98.83333333333333,97.33333333333333,98.5,96.66666666666667
85,97.16666666666667,99.16666666666667,98.5,98.5,96.0
86,97.16666666666667,99.33333333333333,97.5,98.5,95.66666666666667
87,97.33333333333333,98.66666666666667,97.83333333333333,98.83333333333333,95.66666666666667
88,97.66666666666667,98.66666666666667,97.66666666666667,98.16666666666667,96.16666666666667
89,97.16666666666667,99.0,97.0,98.5,96.0
90,97.0,99.33333333333333,97.33333333333333,98.66666666666667,96.16666666666667
91,97.66666666666667,98.5,97.5,98.5,96.33333333333333
92,97.66666666666667,99.33333333333333,97.83333333333333,98.5,95.33333333333333
93,97.33333333333333,98.83333333333333,97.83333333333333,98.5,95.66666666666667
94,97.33333333333333,98.66666666666667,97.5,98.16666666666667,96.0
95,97.66666666666667,98.83333333333333,97.16666666666667,98.5,95.83333333333333
96,97.5,98.66666666666667,97.66666666666667,99.0,95.83333333333333
97,97.33333333333333,98.83333333333333,97.5,99.0,96.0
98,97.5,98.66666666666667,97.66666666666667,98.83333333333333,96.16666666666667
99,97.5,98.83333333333333,97.5,98.66666666666667,96.16666666666667
100,97.66666666666667,98.83333333333333,97.66666666666667,98.33333333333333,96.33333333333333
101,84.44444444444444,81.22222222222223,88.66666666666667,69.88888888888889,76.44444444444444
102,89.44444444444444,82.77777777777777,55.888888888888886,83.55555555555556,67.33333333333333
103,92.33333333333333,88.44444444444444,86.33333333333333,88.33333333333333,83.0
104,92.33333333333333,89.88888888888889,90.11111111111111,89.88888888888889,88.55555555555556
105,93.88888888888889,90.77777777777777,92.33333333333333,90.66666666666667,91.22222222222223
106,94.66666666666667,92.0,92.44444444444444,90.66666666666667,90.88888888888889
107,95.33333333333333,93.44444444444444,93.33333333333333,90.44444444444444,93.0
108,96.55555555555556,95.22222222222223,94.11111111111111,92.11111111111111,93.0
109,96.11111111111111,93.77777777777777,95.44444444444444,92.77777777777777,93.44444444444444
110,95.11111111111111,94.77777777777777,96.0,93.0,93.55555555555556
111,95.55555555555556,95.66666666666667,94.66666666666667,94.55555555555556,94.11111111111111
112,96.11111111111111,96.0,95.77777777777777,94.55555555555556,95.0
113,97.55555555555556,96.11111111111111,95.44444444444444,95.0,96.22222222222223
114,97.88888888888889,97.11111111111111,96.0,94.88888888888889,97.0
115,98.0,97.0,96.0,95.33333333333333,96.55555555555556
116,97.88888888888889,97.22222222222223,97.0,95.55555555555556,96.22222222222223
117,98.0,97.44444444444444,97.11111111111111,95.55555555555556,96.33333333333333
118,98.33333333333333,97.66666666666667,96.88888888888889,95.11111111111111,97.33333333333333
119,98.66666666666667,97.77777777777777,97.33333333333333,95.55555555555556,97.11111111111111
120,98.88888888888889,97.88888888888889,97.77777777777777,95.88888888888889,96.88888888888889
121,99.11111111111111,97.66666666666667,97.0,96.11111111111111,97.44444444444444
122,99.22222222222223,97.88888888888889,97.22222222222223,95.77777777777777,97.66666666666667
123,99.22222222222223,98.22222222222223,97.33333333333333,96.33333333333333,97.22222222222223
124,99.22222222222223,97.66666666666667,97.55555555555556,96.11111111111111,97.66666666666667
125,99.0,97.88888888888889,97.22222222222223,96.44444444444444,97.55555555555556
126,99.22222222222223,98.66666666666667,97.66666666666667,95.88888888888889,98.0
127,99.0,98.33333333333333,97.66666666666667,96.44444444444444,97.88888888888889
128,99.22222222222223,98.22222222222223,97.33333333333333,96.0,98.0
129,98.77777777777777,98.44444444444444,97.88888888888889,95.88888888888889,97.88888888888889
130,99.11111111111111,98.44444444444444,97.88888888888889,96.0,97.55555555555556
131,98.88888888888889,98.33333333333333,98.11111111111111,96.22222222222223,97.77777777777777
132,99.11111111111111,97.66666666666667,97.77777777777777,96.44444444444444,97.66666666666667
133,99.0,98.33333333333333,97.66666666666667,96.33333333333333,97.88888888888889
134,99.22222222222223,98.33333333333333,97.77777777777777,96.22222222222223,98.0
135,99.33333333333333,97.66666666666667,97.88888888888889,96.11111111111111,98.0
136,98.88888888888889,98.44444444444444,97.77777777777777,95.88888888888889,97.66666666666667
137,99.22222222222223,98.11111111111111,97.66666666666667,96.55555555555556,97.77777777777777
138,99.11111111111111,98.33333333333333,97.88888888888889,96.33333333333333,98.0
139,99.0,98.22222222222223,97.44444444444444,96.0,97.66666666666667
140,99.11111111111111,98.0,97.66666666666667,96.44444444444444,97.66666666666667
141,99.33333333333333,98.55555555555556,97.66666666666667,96.66666666666667,97.88888888888889
142,99.22222222222223,98.22222222222223,98.0,96.11111111111111,97.0
143,99.11111111111111,98.55555555555556,98.0,96.44444444444444,97.88888888888889
144,99.11111111111111,98.22222222222223,97.66666666666667,96.66666666666667,98.22222222222223
145,99.22222222222223,98.22222222222223,97.66666666666667,96.55555555555556,97.88888888888889
146,99.0,98.77777777777777,97.55555555555556,96.44444444444444,98.0
147,99.0,97.77777777777777,97.77777777777777,96.66666666666667,98.11111111111111
148,98.77777777777777,98.55555555555556,98.0,96.33333333333333,98.0
149,99.0,98.44444444444444,98.33333333333333,95.88888888888889,97.88888888888889
150,99.33333333333333,98.22222222222223,97.55555555555556,96.44444444444444,98.11111111111111
151,82.91666666666667,83.58333333333333,87.33333333333333,70.25,83.0
152,89.0,87.83333333333333,89.58333333333333,80.66666666666667,88.41666666666667
153,89.58333333333333,90.58333333333333,90.0,87.0,89.41666666666667
154,91.66666666666667,91.0,92.25,89.91666666666667,92.33333333333333
155,93.66666666666667,92.83333333333333,94.08333333333333,90.41666666666667,89.75
156,93.66666666666667,94.0,95.08333333333333,92.25,92.58333333333333
157,93.83333333333333,93.33333333333333,94.75,93.16666666666667,93.16666666666667
158,94.16666666666667,94.5,95.41666666666667,93.33333333333333,93.41666666666667
159,94.83333333333333,94.25,96.08333333333333,94.41666666666667,94.08333333333333
160,95.66666666666667,95.0,95.91666666666667,95.66666666666667,94.25
161,96.16666666666667,95.08333333333333,95.5,94.5,91.5
162,96.58333333333333,95.66666666666667,97.16666666666667,95.66666666666667,94.08333333333333
163,96.83333333333333,96.5,98.25,95.83333333333333,95.58333333333333
164,97.0,96.91666666666667,98.0,96.66666666666667,95.5
165,97.41666666666667,97.08333333333333,97.83333333333333,96.83333333333333,95.33333333333333
166,97.41666666666667,97.41666666666667,98.66666666666667,97.16666666666667,95.75
167,98.25,97.91666666666667,98.41666666666667,96.75,96.16666666666667
168,97.83333333333333,98.08333333333333,98.91666666666667,97.16666666666667,96.08333333333333
169,98.41666666666667,98.16666666666667,99.5,97.66666666666667,96.33333333333333
170,98.5,98.91666666666667,99.33333333333333,97.66666666666667,96.91666666666667
171,98.83333333333333,98.58333333333333,99.41666666666667,97.91666666666667,96.91666666666667
172,98.75,98.75,99.5,97.75,97.83333333333333
173,99.16666666666667,98.75,99.66666666666667,98.0,97.66666666666667
174,98.58333333333333,99.16666666666667,99.66666666666667,98.08333333333333,97.91666666666667
175,99.08333333333333,99.25,99.75,98.33333333333333,97.83333333333333
176,98.91666666666667,99.08333333333333,99.75,98.33333333333333,98.0
177,98.91666666666667,99.25,99.66666666666667,98.33333333333333,98.16666666666667
178,99.08333333333333,99.33333333333333,99.75,98.16666666666667,97.91666666666667
179,99.0,99.58333333333333,99.91666666666667,98.16666666666667,98.16666666666667
180,99.33333333333333,99.0,99.83333333333333,98.5,97.91666666666667
181,99.41666666666667,99.16666666666667,99.75,98.33333333333333,98.41666666666667
182,99.41666666666667,99.25,99.91666666666667,98.5,98.0
183,99.41666666666667,98.91666666666667,99.75,98.25,98.41666666666667
184,99.41666666666667,99.25,99.83333333333333,98.5,98.41666666666667
185,99.16666666666667,99.25,99.83333333333333,98.33333333333333,98.25
186,99.25,99.16666666666667,99.91666666666667,98.66666666666667,98.33333333333333
187,99.5,99.33333333333333,99.91666666666667,98.58333333333333,98.41666666666667
188,99.41666666666667,99.33333333333333,99.83333333333333,98.83333333333333,97.91666666666667
189,99.16666666666667,99.33333333333333,99.91666666666667,98.58333333333333,97.91666666666667
190,99.41666666666667,99.25,99.91666666666667,98.75,98.16666666666667
191,99.25,99.5,99.83333333333333,98.75,98.25
192,99.5,99.16666666666667,99.91666666666667,98.83333333333333,97.91666666666667
193,99.5,99.33333333333333,99.91666666666667,98.25,98.5
194,99.16666666666667,99.33333333333333,99.83333333333333,98.5,98.41666666666667
195,99.5,99.33333333333333,99.83333333333333,98.58333333333333,98.5
196,99.08333333333333,99.25,99.91666666666667,98.66666666666667,98.0
197,99.25,99.33333333333333,99.83333333333333,98.75,98.66666666666667
198,99.33333333333333,99.25,99.91666666666667,98.16666666666667,98.5
199,99.08333333333333,99.41666666666667,99.91666666666667,98.58333333333333,98.0
200,99.33333333333333,99.41666666666667,99.75,98.58333333333333,98.41666666666667
201,75.13333333333334,73.26666666666667,81.0,81.2,66.8
202,84.66666666666667,88.26666666666667,88.0,89.46666666666667,82.26666666666667
203,89.93333333333334,91.8,93.06666666666666,91.8,90.06666666666666
204,92.4,93.33333333333333,92.2,93.0,91.66666666666667
205,92.86666666666666,94.66666666666667,94.06666666666666,93.66666666666667,93.06666666666666
206,94.2,94.53333333333333,94.66666666666667,93.93333333333334,92.6
207,93.86666666666666,95.8,94.66666666666667,94.06666666666666,93.46666666666667
208,94.06666666666666,96.06666666666666,93.93333333333334,94.8,94.2
209,94.33333333333333,96.66666666666667,95.26666666666667,95.2,94.06666666666666
210,95.26666666666667,96.8,96.4,95.86666666666666,95.0
211,96.53333333333333,97.93333333333334,96.26666666666667,96.46666666666667,95.33333333333333
212,96.8,98.0,96.66666666666667,97.4,95.8
213,96.46666666666667,98.13333333333334,96.8,97.13333333333334,96.06666666666666
214,96.73333333333333,98.46666666666667,97.13333333333334,97.73333333333333,95.86666666666666
215,96.93333333333334,98.33333333333333,97.4,98.2,96.6
216,97.46666666666667,98.66666666666667,97.53333333333333,98.06666666666666,96.86666666666666
217,97.6,98.8,97.46666666666667,98.4,96.53333333333333
218,97.6,98.66666666666667,98.0,98.13333333333334,96.26666666666667
219,97.93333333333334,98.93333333333334,98.2,98.13333333333334,96.8
220,97.33333333333333,99.4,98.86666666666666,98.6,97.2
221,98.53333333333333,99.6,99.2,98.73333333333333,97.4
222,98.0,99.46666666666667,99.13333333333334,98.8,97.4
223,98.2,99.6,99.06666666666666,99.06666666666666,97.4
224,98.53333333333333,99.4,99.2,99.06666666666666,97.86666666666666
225,98.46666666666667,99.53333333333333,99.33333333333333,99.06666666666666,97.53333333333333
226,98.6,99.6,99.4,98.86666666666666,98.0
227,98.66666666666667,99.53333333333333,99.13333333333334,99.06666666666666,97.46666666666667
228,98.66666666666667,99.66666666666667,99.2,99.06666666666666,97.93333333333334
229,98.93333333333334,99.93333333333334,99.06666666666666,99.13333333333334,98.0
230,98.86666666666666,99.8,99.33333333333333,99.06666666666666,98.26666666666667
231,98.73333333333333,99.86666666666666,99.46666666666667,99.46666666666667,98.13333333333334
232,98.33333333333333,99.93333333333334,99.4,99.26666666666667,98.4
233,98.8,99.86666666666666,99.4,99.06666666666666,98.0
234,99.0,99.93333333333334,99.53333333333333,99.06666666666666,98.0
235,98.8,99.86666666666666,99.33333333333333,99.13333333333334,98.0
236,98.66666666666667,99.66666666666667,99.33333333333333,99.33333333333333,98.06666666666666
237,99.26666666666667,99.73333333333333,99.46666666666667,99.33333333333333,98.26666666666667
238,98.66666666666667,99.93333333333334,99.53333333333333,99.26666666666667,97.93333333333334
239,98.93333333333334,99.86666666666666,99.6,99.26666666666667,98.26666666666667
240,98.8,99.8,99.46666666666667,99.06666666666666,98.26666666666667
241,98.73333333333333,99.93333333333334,99.46666666666667,99.2,98.13333333333334
242,99.0,99.86666666666666,99.66666666666667,99.4,98.2
243,99.06666666666666,99.93333333333334,99.4,99.26666666666667,98.4
244,98.66666666666667,99.86666666666666,99.53333333333333,99.26666666666667,98.46666666666667
245,98.8,99.93333333333334,99.4,99.06666666666666,98.0
246,99.06666666666666,99.86666666666666,99.6,99.26666666666667,98.0
247,98.86666666666666,100.0,99.6,99.2,98.13333333333334
248,98.86666666666666,99.8,99.46666666666667,99.33333333333333,98.2
249,98.86666666666666,99.73333333333333,99.53333333333333,99.13333333333334,98.46666666666667
250,98.93333333333334,99.86666666666666,99.53333333333333,99.26666666666667,98.13333333333334
