Epoch,Train Loss,Train Accuracy,Val Loss,Val Accuracy
0,0.27095037153614815,3.0773636305276133,0.2820446740676368,4.143248364651454
1,0.02459352239834276,4.506785008308152,7.116518086037431,0.5188029212677235
2,0.15132980105484742,4.202644669993196,3.609891388159656,6.265934325812718
3,0.18047295267087055,10.42944549500755,1.732833885491093,10.2296663008581
4,0.05262008035634603,3.5739800409813913,2.275749835982477,10.440806541467092
5,0.025946823010672818,1.3888444437333107,3.8297380054961963,14.84346860035175
6,0.023182584687664255,1.8184242262647796,1.930580994165242,14.050729070984758
7,0.008434163596794539,1.1430952132988201,1.4820323543757619,9.492706695040837
8,0.014234115751792283,1.2183777921664702,1.1503545101922261,10.664768101236941
9,0.025207023743002002,1.6519348924485149,0.8672696036525716,8.200082621495858
10,0.021706384834591894,1.8061622912192075,0.4203614919912701,4.558538335781871
11,0.027943557071111593,2.166410241236257,0.3151511338694368,3.6900877014031197
12,0.02573545555556133,2.225109235770486,0.2540783118096746,3.3646576466478844
13,0.028304360472787667,2.246973272847031,0.2097207180485595,3.3716208457202734
14,0.027131940931115643,1.845113667079741,0.18319881801249518,3.60098526898725
15,0.027920924937137256,1.9821424996424661,0.15376759507276722,3.571071977397551
16,0.02430671609730535,1.6599866130651617,0.12497095113235333,3.3990632188167313
17,0.023443123939230155,1.4847371634213393,0.10112222440148368,3.2852043528962462
18,0.02160555528123122,1.5860503004493738,0.08550406123473198,3.087005451960976
19,0.01758883098574396,1.4079141387961902,0.05918587474143222,2.7586078571172683
20,0.017364707288452665,1.4079141387961926,0.049637752445808925,2.3790146909033862
21,0.01799545943225541,1.4757295747452432,0.041867807481468455,2.352867313719181
22,0.016440548402896757,1.2472191289246484,0.03964730921984048,2.146633950915473
23,0.017287820824527657,1.2364824660660927,0.04219115237214913,1.9693713155442356
24,0.017550940493539318,1.343296111973994,0.030843108775244737,1.7487432610434723
25,0.018226066387876678,1.3432961119739923,0.03270552422113085,1.5357093668978123
26,0.01644276358229234,1.4079141387961926,0.02773042818841402,1.3052379979531394
27,0.01610068035806868,1.2472191289246446,0.02505452596960063,1.086050208562602
28,0.01569620692898216,1.0624918300339485,0.025582594337673084,0.9769151262165999
29,0.017648515476346827,1.4817407180595252,0.018467193116744385,0.8998831745031861
30,0.015446626709737139,1.3399834161494493,0.015114224111769648,0.7892949825539002
31,0.018375953976843704,1.1155467020454335,0.022249982454072777,0.7501769700266905
32,0.017661527445469644,1.2364824660660916,0.020259122190917887,0.7272229361644243
33,0.016658330866601002,0.9043106644167034,0.019134569732738065,0.6590350215964547
34,0.01733082679153374,1.2364824660660916,0.020315824876180298,0.6431628976420792
35,0.01589193949893383,1.0873004286866736,0.021937181763238785,0.603770852047312
36,0.016403556286745148,0.8055363982396369,0.019229757858350616,0.6541419369240753
37,0.018127976850168113,1.1661903789690589,0.02088005311215952,0.651435074521212
38,0.015629683262039184,1.2543258481484492,0.018847962499254817,0.6428575614485248
39,0.015535808733583756,1.1234866364235137,0.02294877312177657,0.6541692218283349
40,0.017569814209067353,1.257864150940879,0.021255961106647632,0.6644295211929598
41,0.015464762143054282,1.0954451150103333,0.02283521301911345,0.7065582557539268
42,0.016902721219169563,1.1234866364235137,0.023898532290367567,0.7328949013715438
43,0.01694110177008889,0.9285592184789434,0.022066876097400497,0.7501293835525988
44,0.01726097737511237,1.3097921802925643,0.02664612978851381,0.7263634068555079
45,0.018300790319792138,1.3498971154211084,0.025154766656136158,0.7720331762485717
46,0.016454319487531434,1.1274356350191848,0.029597751410404726,0.7747564057846033
47,0.017977652316637234,1.343296111973995,0.02334616345790013,0.769091469105101
48,0.01553988008902624,0.9043106644167062,0.026425358758967045,0.7954893363710777
49,0.01694184884953234,1.011050059206874,0.025842826783321157,0.7987361080251079
50,0.015700481548703037,1.2754084313139307,0.026036608677717992,0.8416284468143668
51,0.30899966337640605,2.794836508833943,18.86478271072418,9.976336028882216
52,0.03480529878499595,1.869046102516827,4.378125615030677,11.579107342618176
53,0.050415885326919416,3.0228757463345692,0.7565896649984091,8.036143192106039
54,0.03670851876164729,2.061822279225616,0.5938979874281839,6.2421983165261725
55,0.018397649198564778,1.3012814197295426,0.3346666723046177,4.097199819744713
56,0.02616942037863795,1.2174654911833098,0.05976379258603855,2.2009078685302277
57,0.020721148533224102,0.6018490028422606,0.21204644094873093,10.607253669659443
58,0.01773148940677078,1.0295630140987,0.07730461749916182,2.491783069448871
59,0.03331929703431874,0.7498147919468022,0.2699712905707242,10.706529720932398
60,0.0213465555655432,1.9049642749639422,0.16376466178458762,6.5997358785726865
61,0.02317978517131197,1.0780641085864184,0.053671421019471595,2.7706805968854415
62,0.023758705372876696,1.0780641085864147,0.028720536127242274,1.041691799384421
63,0.02955039818779713,1.233783701554783,0.03251350047362221,1.2788110077215633
64,0.026545440874915394,1.1401754250991376,0.024057458727016482,0.9389041424031095
65,0.017799189011640293,1.2884098726725126,0.017770685673341034,0.4320007784085912
66,0.03269928741786112,0.9568466729604863,0.028361325271866536,0.5086228541029147
67,0.03147803373422986,1.2337837015547806,0.03757672714229064,0.9445521360652319
68,0.022458134005328288,1.0984838035522708,0.037044293474051616,1.1949118771373743
69,0.025854058605527776,1.0306416555826845,0.029274685604901332,1.0124972107573378
70,0.02610368110619077,1.1766241729815174,0.025523234399744164,0.8338304908812035
71,0.019633165046000663,0.9333333333333336,0.021175598813506193,0.8335307597786918
72,0.028829736903245598,0.9854496999396318,0.019539298257135688,0.8274917702513023
73,0.013132410163646064,0.9603240193925285,0.020543547919639485,0.8889675976082523
74,0.01873911126562361,0.85893991511501,0.018874744371405332,0.7782731856134835
75,0.015944701718871968,1.1025223605694177,0.021113949400754922,0.76669738616033
76,0.027461974796253143,1.1990737165736647,0.016131868546982883,0.7183826425222899
77,0.02356908605409635,1.1224972160321813,0.018154593086376816,0.6907703911887393
78,0.022931030160579836,0.9854496999396314,0.01626672315982661,0.6883372732463878
79,0.01680386502515344,1.0572501018102483,0.020263102963327343,0.6444104937191207
80,0.028475853478963243,0.8981462390205014,0.02285254567765722,0.6410781754591853
81,0.015479318456284386,0.8856886837057606,0.016617804702118665,0.6470364079113328
82,0.02220715476464111,0.8653836657164767,0.021196132424311374,0.6858434776595014
83,0.027867688972770668,1.1205157542647768,0.016158799598456647,0.6676452995400686
84,0.01861824599756079,0.8259674462242551,0.0182801096729315,0.6731298966828556
85,0.022483501161827346,1.1372481406154658,0.017786434947511736,0.6435512978227126
86,0.025100005174413437,1.244543646839628,0.019930550243491958,0.6467604979555411
87,0.042817644210113144,1.1401754250991363,0.02066332230202023,0.6656372586812395
88,0.01749580102660219,0.8366600265340756,0.01994378575080819,0.661009115863385
89,0.011496547370120931,1.0821788720498615,0.020352011487169974,0.6568648172294017
90,0.017197320145183992,1.1469767022723487,0.01817233781837667,0.6631119276124495
91,0.027592966092771457,0.7986099033807309,0.019582880782071696,0.7017421971629368
92,0.024100046603487416,1.3358309939675923,0.01952442173264563,0.6371684445973748
93,0.021843743239884868,1.1125546178852397,0.020743811659880096,0.6724401326852878
94,0.022393664897599735,0.9030811456096065,0.023661563856476935,0.6845410277058397
95,0.025356554542884564,1.0624918300339485,0.0217843495424957,0.666708966441194
96,0.010196790149856208,1.1085526098877283,0.019583689776192976,0.624635727191423
97,0.016147501778414657,1.0984838035522715,0.022417410430641636,0.6624386763498552
98,0.02326436093260314,0.9580071908799924,0.021932416100135,0.6459044280926394
99,0.027307076204839274,0.9637888196533956,0.018419444392601028,0.6733950023985806
100,0.024122663484887254,0.8406346808612323,0.022237564800645898,0.6789383106325305
101,0.36075864594658014,6.498394863538931,6.946382835934778,13.551762961213948
102,0.16876797986452868,12.354316484632777,9.242225722726534,14.805229440087317
103,0.05782109307818431,3.045660746490988,1.0643257121743708,11.19793839449359
104,0.033163195191195385,1.220402686021863,2.697413998014728,11.986381129139193
105,0.03394296792872237,1.209019600776482,2.232434598377236,12.863553500225603
106,0.02995539720165538,1.4305312835049862,1.1168139990639627,11.351463931180065
107,0.03216098786890581,1.5634719199411422,0.26318508177020294,8.160841981789805
108,0.027273501782337485,1.5751151241483872,0.5040297953746639,11.689135569979275
109,0.02599273753525424,1.2578641509408834,0.15545083963087497,6.016792770663174
110,0.015646528499406485,1.0809232450680273,0.17515552605535925,8.430972473911241
111,0.015562152463585015,0.6020540970730698,0.12957899830593703,6.828475267841298
112,0.01729276259452562,0.6069555681665624,0.1233378099876005,6.563828743485776
113,0.021119883870586748,0.8680899993166504,0.12401131150646001,6.560959326664097
114,0.021959302284702532,1.036137175722202,0.13774374029917857,6.639600586741785
115,0.023266462094212716,0.9037644181183461,0.12942831739103217,6.41177561878688
116,0.02101295636995944,0.8104258901693526,0.11644273121591314,5.861222786174756
117,0.02586205611091392,0.8577892918052793,0.1062333577873396,5.660455597559659
118,0.02598122030678561,1.0854821992728705,0.1057127048605694,5.645758351481037
119,0.026120098538276355,1.0173798348675198,0.11580979840612746,5.827509911507382
120,0.025614428947433352,1.01202644770984,0.12131674475126938,5.816172601254021
121,0.025670842373539827,0.9797958971132715,0.08685815597549729,4.4743428669179215
122,0.024870811351912128,1.1111111111111145,0.06829466045829043,3.184581418680652
123,0.02655810221387155,0.98130676292532,0.05351530460581564,2.345002782768692
124,0.02481366449707673,0.9848231024960161,0.045107749343450146,1.7768406145786182
125,0.026118328942634262,0.8391647817110754,0.03558186958024006,1.4947283676743524
126,0.027053577557618294,1.1352924243950966,0.028280821052632354,1.2778476006491732
127,0.025901927342647738,0.8444444444444442,0.02898412908366109,1.0778016900913205
128,0.0266186679883356,1.0666666666666693,0.021938935393896544,0.9387520500451841
129,0.029046421435672484,1.0036968702787743,0.020893104521557838,0.8525848683483317
130,0.027730358516870997,1.043261741716045,0.022611022689819123,0.8645797882407417
131,0.028240336799826044,0.8982836858403407,0.016640641581144474,0.8211041177244727
132,0.0259612900877157,0.8450290374147366,0.017659734037358904,0.7320420318475861
133,0.025954320732697593,0.8821970329457435,0.01466396176548759,0.7446126856567212
134,0.02733166566095384,0.9772725967687114,0.011291778663571492,0.7425724168998836
135,0.02805530953708276,1.0265608411067615,0.014517333010344493,0.7585292205585572
136,0.028361751117603213,1.0246348340798672,0.014289147368934232,0.7363207411587439
137,0.026534527273313745,0.8560604570781448,0.011197506529553888,0.736005550916111
138,0.02783548858897601,0.9070369614203823,0.010462968419394933,0.7435332407693379
139,0.02826261456708024,0.9913203565864658,0.012352702126392808,0.7693931054613595
140,0.02750146319805463,0.8520128672302596,0.0122377909047283,0.775723383934059
141,0.026498433268948546,0.8927693078489156,0.009401333744186119,0.7721718773024018
142,0.02833693432140103,1.067129529203821,0.01207943406594967,0.7715706593269681
143,0.02695800141888697,0.8916623398995074,0.011994195318063271,0.7658821592648658
144,0.026820286948863865,0.8024653371230126,0.011257677376370456,0.7406470298082033
145,0.027276450081082686,0.8618097524295713,0.01083955700958018,0.7299177246798049
146,0.025967037547432587,0.917861174580594,0.010082534143147963,0.7370233721240866
147,0.02432096935226796,0.7483314773547872,0.012812228564751569,0.7437732527968841
148,0.027532704081970845,0.8566371229953955,0.010498904588287053,0.7425964526479013
149,0.03008388067253518,1.0712862927283517,0.013061683939863691,0.7411529280807237
150,0.027328651589601145,0.9417608933518702,0.012662802629413527,0.7497723887276382
151,0.1390953487251048,5.8164040055308694,33.111766375323064,8.863053015963178
152,0.06116050943377543,3.269131722984286,3.2231401975456695,11.862550644406042
153,0.034532700298999346,1.2263314759431425,2.260101534150627,9.987334664378013
154,0.03252375428294337,0.8965985104208487,0.23937146430709036,6.2970057370789805
155,0.033041140008018395,1.7475379506290796,0.09228911066471221,8.347358807954336
156,0.031655515052457533,1.0184410744968122,0.37068746608476144,18.992982669887446
157,0.02401304960548903,0.6018490028422583,0.27130594587937407,14.355712112763554
158,0.021718920470590798,0.7655789385237252,0.5526988711649109,19.147627266038302
159,0.014453261096979999,0.7195677714974287,0.4802588913624711,19.92308270626268
160,0.015916721649153972,0.6069047152011062,1.0008447605705861,17.74005931704331
161,0.030810960429456538,1.6189845926107862,0.5531501576897262,19.749826131264392
162,0.019525061715817388,1.044828534577167,0.21129045194221668,13.720704993615957
163,0.017050642797557067,0.9389710680668866,0.12963255428885795,9.079281130419004
164,0.017148887441728957,0.7999999999999999,0.10072318345485465,6.985346781167075
165,0.016739803177593934,0.8521215354109489,0.08245220524459879,5.971131821364888
166,0.014192569426779838,0.9288583195395198,0.09910962258774285,5.726106135876592
167,0.017525947344848365,0.8850612031567836,0.1092463476972578,5.812249373232202
168,0.01849046808067599,0.9495613022162759,0.09246978938819192,5.021357945570109
169,0.01664823422897625,1.033333333333335,0.0807607741707806,4.409792451008069
170,0.01658772821560721,0.8714610974934222,0.08626835398067742,4.283987003270182
171,0.020923877917807775,0.8563488385776736,0.05482906684142351,2.6861150348201703
172,0.01848835111426261,0.6527718675855388,0.03306674555924517,1.4981276912776391
173,0.01733782580310282,0.7348469228349542,0.025551041913592046,1.0106445476015806
174,0.01644275728687911,0.6570134448142362,0.016565018143919506,0.7033935069967873
175,0.015612712894362266,0.6819090848492947,0.01690424605766411,0.5404717709230225
176,0.01469317153463523,0.6087327455916564,0.01330872006492564,0.45372396183637786
177,0.014408342617848154,0.5592653911854184,0.015112429959946442,0.4494950934776635
178,0.016308657311498484,0.6980130530457276,0.012542152268864066,0.4286827509578634
179,0.015640584231178093,0.7160850352980261,0.011701252491452046,0.43831727416452826
180,0.01582829917813066,0.6624868971450564,0.01087159744991326,0.4168189094861195
181,0.012972234478992133,0.5562773089426223,0.009089130114738908,0.37153850217018364
182,0.017726819700540533,0.6819090848492947,0.011820073659466634,0.3515952390631714
183,0.012730645423098949,0.5715476066494081,0.011320141778271021,0.34761305332867215
184,0.015309883830867755,0.5451809077932023,0.010364070131634475,0.38022813688212737
185,0.01783116840659545,0.5976807025680368,0.015446916034450493,0.38964080439945514
186,0.016875199622392284,0.5410894360249331,0.013441465912148535,0.3409774190786858
187,0.014711966955545676,0.5661762583821017,0.01414242776034296,0.3171664449366033
188,0.015230568967945292,0.6570134448142319,0.016232753340902316,0.3231317815964986
189,0.014299381198748979,0.6819090848492929,0.012664727320192413,0.29135512715786316
190,0.015216846565710658,0.5972157622389642,0.015181657372576802,0.2880900231724915
191,0.01407598705980809,0.559265391185416,0.01347524971288732,0.3151340295559172
192,0.016221738052670586,0.6778233135887586,0.015221170324613897,0.3352232264449087
193,0.015919381489487325,0.6267198558987731,0.012120912789289505,0.34493272288889143
194,0.014529877090752463,0.5312459150169714,0.015821787238302493,0.38941169824428584
195,0.01746821306361467,0.5228129047119369,0.013507816645319835,0.36912870568319084
196,0.017222722490934164,0.6355225321645881,0.013112048338887248,0.3953253085015481
197,0.013109681336809977,0.42491829279939575,0.014411572050443487,0.36748101779438463
198,0.01645227526422048,0.6249444419750887,0.016286792618323637,0.35713568576946664
199,0.015425706769674995,0.662486897145062,0.015139787021252949,0.3701427311163432
200,0.01440038976144334,0.5120763831912404,0.012857549108999188,0.36431028537913457
201,0.1212286092352152,5.358175477197855,30.04397062847059,9.92061663093099
202,0.05416514048058858,2.6626636621582116,72.73153254501958,12.837914135941775
203,0.02568120685170863,1.1835915211291796,7.906499854697453,7.079921472279697
204,0.016855047161141935,0.5893876294746726,0.22689814077723253,0.6943783792734995
205,0.015532228629018738,0.6572670690062027,0.2870361503482393,2.5491569452733174
206,0.015245854565880474,0.7392488680335554,0.03434239663588682,1.6206005145542324
207,0.019145641435359927,0.8116923336119694,0.04858196499328781,3.0276331843096007
208,0.019664404466095443,0.78474341170998,0.1358447132053754,5.916811124271793
209,0.019047479051344705,0.9107750057567001,0.05714625409119048,4.665333264309704
210,0.015789751137253078,0.6733003292241388,0.14330314915158718,13.016924251223381
211,0.01751410100428317,0.8333066662399891,0.1236909971298548,9.838012476484193
212,0.016522589878791703,0.7387677427837384,0.11248263361374874,7.535296902616817
213,0.016483639802085615,0.7022503510540671,0.09954770154445006,6.005613665169468
214,0.017234531405165336,0.8818163074019465,0.08486292532352009,4.676017930214204
215,0.015733808280608275,0.681957965469036,0.07958888111117987,4.1930878930056465
216,0.016781991461366587,0.6072158686259069,0.0825637904134497,4.174107028054535
217,0.016568250796128028,0.7883597599517066,0.08092585177893132,3.976391992497169
218,0.017549055244108432,0.808840047365501,0.07710089671194816,3.6073439039369726
219,0.02034873868200494,0.6889605697474057,0.06327797590129268,3.138798331942537
220,0.01884015627459227,0.8675892525331973,0.08423428134566309,3.5824246079952715
221,0.016221270254056584,0.7454752399196966,0.04814261441192068,1.970992939457568
222,0.015867661147193637,0.7573051637953556,0.027614741934070465,1.3101515955783285
223,0.017951996532212473,0.7763160868271763,0.018883073110877027,0.9223526184365147
224,0.015059325737336947,0.5536143864540489,0.01439597439112204,0.7391996983773003
225,0.017374571347877652,0.7222188034107107,0.01072803961253871,0.655858669043516
226,0.014956685756956179,0.5728680282384225,0.011152011220353968,0.6208524531498547
227,0.01550630946195311,0.7088018058667731,0.01235329328071878,0.657299431331853
228,0.01624795839343716,0.582103465411815,0.014969322783629863,0.5963645300896636
229,0.016365671262828483,0.6159365046640597,0.011198454929865705,0.5917073561474122
230,0.015713269824194263,0.5077182070575934,0.012907271534672157,0.5985751761120949
231,0.01625474654109724,0.6196773353931833,0.012920354682712075,0.5643491163327953
232,0.01605857714513961,0.6139127697718063,0.004595156309309928,0.5493159056831115
233,0.016033950242648677,0.6248199740725314,0.0114152232599673,0.5547799398793214
234,0.01650796044742264,0.6485539470408173,0.0075167426569090635,0.5361614554892229
235,0.016889442423028138,0.6191032941996728,0.007588842675636264,0.5461877317775115
236,0.01603102639793208,0.5741080037762937,0.006395291045440152,0.5348949568404379
237,0.015137015902452611,0.49959983987187234,0.010111973128373843,0.5306402524075251
238,0.016107460213258002,0.7004760286167293,0.009099687725228858,0.5128514036499707
239,0.01603609969287653,0.5568163471418934,0.012082769168340174,0.5048540514166316
240,0.015092616448157653,0.5306599664568642,0.012216607370816403,0.5062662333399285
241,0.017112366518865774,0.6176658571680242,0.012497028610627419,0.5021244199290568
242,0.016701346261487598,0.5896891836665581,0.01013501044103805,0.5043942409966156
243,0.014982027732284292,0.49781745873585237,0.011811938677842006,0.5082015761282807
244,0.015799363839707776,0.5242560867023298,0.011774402006715807,0.5155934800381605
245,0.01584178945793364,0.6430482960953349,0.01565491222959258,0.5118760027329435
246,0.016660689333927045,0.6416645021608492,0.008747367728634407,0.5143804395513102
247,0.016634260350694912,0.6388879227045812,0.011390712751367577,0.5159741323454826
248,0.015952907203258537,0.5545769158156101,0.00912783368296217,0.4926146462914515
249,0.015580204928940262,0.4548992562461863,0.01072898370968446,0.48494617160225506
250,0.015967847440161023,0.5923962637739438,0.01530091235794096,0.4878451227426596
