Epoch,Train Loss,Train Accuracy,Val Loss,Val Accuracy
0,0.7855958104133606,54.35149978876215,0.7825324058532714,55.40768905787917
1,0.7568427681922912,51.00000000000001,0.7164008259773255,55.51330798479087
2,0.7537843346595764,52.733333333333334,0.6959791064262391,59.02830587241234
3,0.7558266282081604,50.53333333333334,0.6919811129570007,58.145331643430495
4,0.7409900546073913,52.73333333333333,0.6917260885238647,56.092099704267
5,0.7222923636436462,53.266666666666666,0.69181387424469,54.419095901985635
6,0.71781485080719,55.6,0.6920799374580383,52.691170257710176
7,0.7041654348373413,56.4,0.6921155452728271,51.81242078580482
8,0.7010524868965149,56.33333333333333,0.6919010281562805,52.36586396282214
9,0.6909298658370971,57.6,0.6911017417907714,53.105196451204066
10,0.6951070189476013,56.53333333333334,0.6903084516525269,54.1318124207858
11,0.6932296633720398,57.2,0.6892554521560669,55.14997887621462
12,0.6855260968208313,59.666666666666664,0.6885403037071228,56.434305027460915
13,0.6874342322349548,58.666666666666664,0.6877056002616883,57.35530207013096
14,0.6876935482025146,57.06666666666666,0.6867630124092102,57.83692437684833
15,0.6856719136238099,57.266666666666666,0.686237370967865,58.37769328263626
16,0.6901079177856445,58.2,0.6854072093963623,58.91001267427123
17,0.676225745677948,60.8,0.6843412041664123,59.340937896070976
18,0.6754612445831298,61.13333333333334,0.683230209350586,59.742289818335436
19,0.6731869339942932,60.866666666666674,0.6826720237731934,60.04647232784114
20,0.6806322455406189,58.8,0.6819908261299134,60.397127165187996
21,0.682525897026062,58.53333333333334,0.6808398246765137,60.60836501901141
22,0.6749585390090942,58.666666666666664,0.6801867127418518,60.75200675961132
23,0.6837614178657532,59.0,0.6798558354377746,60.97591888466413
24,0.6819345593452454,59.6,0.679524838924408,61.20405576679341
25,0.6765701651573182,61.06666666666668,0.6787856817245483,61.38994507815801
26,0.6671334743499756,62.06666666666666,0.6782270312309265,61.66455428812843
27,0.6786274313926697,60.06666666666666,0.6773578286170959,61.93493874102239
28,0.6718630433082581,58.86666666666666,0.6766826272010803,62.251795521757494
29,0.6722850561141968,62.46666666666666,0.6760473608970642,62.534854245880865
30,0.678309154510498,59.06666666666666,0.67569420337677,62.8474862695395
31,0.6764959573745728,60.26666666666667,0.67457674741745,63.117870722433466
32,0.6741672992706299,60.4,0.674090564250946,63.39670468948036
33,0.6743148565292358,59.4,0.6735629677772522,63.67553865652725
34,0.6798169136047363,59.4,0.6729716062545776,63.941698352344744
35,0.6727788209915161,61.8,0.6718755245208741,64.1867342627799
36,0.6807230710983276,60.53333333333334,0.67168630361557,64.35994930291507
37,0.676039719581604,60.93333333333332,0.6711336255073548,64.60920997042669
38,0.6740412712097168,59.53333333333334,0.6703916430473328,64.75707646810308
39,0.6756688594818115,62.0,0.6703247427940369,65.0063371356147
40,0.6674414992332458,61.266666666666666,0.6691187500953675,65.19222644697929
41,0.6808221220970154,60.466666666666676,0.668700885772705,65.30629488804394
42,0.6748448491096497,59.533333333333324,0.6684887290000916,65.42881284326151
43,0.6819514393806457,59.93333333333334,0.6670822024345398,65.52175749894381
44,0.6823685526847839,59.266666666666666,0.66630117893219,65.68229826784959
45,0.6899753093719483,57.53333333333334,0.6664107203483581,65.64850021123786
46,0.6802047491073608,60.4,0.6658863663673401,65.72877059569075
47,0.6802108883857727,60.0,0.6656505107879639,65.80904098014364
48,0.6746174454689026,60.733333333333334,0.6650283575057984,65.89353612167301
49,0.6769012570381164,62.4,0.6648798584938049,65.90621039290241
50,0.67473384141922,61.2,0.6645326495170594,66.02027883396705
51,0.7855957984924317,54.35149978876215,0.7821285963058472,55.40768905787917
52,0.7749824523925781,50.266666666666666,0.6963625192642212,59.442332065906214
53,0.7442659497261047,51.53333333333334,0.6922962903976441,55.76256865230249
54,0.7374766945838929,52.333333333333336,0.6928301930427552,51.74482467258133
55,0.7107853889465332,55.233333333333334,0.6926823377609252,52.34474017743979
56,0.6941275119781494,55.5,0.6908537030220032,56.35825940008449
57,0.6850404739379883,57.333333333333336,0.6875975847244262,61.52513730460498
58,0.679278552532196,58.5,0.6821252346038819,63.76848331220955
59,0.6763136148452759,61.36666666666666,0.6750322699546814,63.17701732150401
60,0.6536872029304505,63.43333333333332,0.6663264393806457,61.83776932826362
61,0.6526808619499207,65.26666666666667,0.657321548461914,60.08449514152936
62,0.6474002718925476,66.0,0.6546520113945007,59.9197296155471
63,0.6382866859436035,68.23333333333332,0.651507568359375,60.008449514152936
64,0.6400466680526733,66.13333333333333,0.648396122455597,60.40557667934094
65,0.6277403235435486,66.96666666666667,0.6454708814620972,61.14913392479932
66,0.625281012058258,68.9,0.6431577563285827,61.99408534009295
67,0.6363949418067932,66.8,0.6390924096107483,63.143219264892274
68,0.6293341279029846,67.86666666666666,0.6341987490653992,64.28390367553865
69,0.6325445055961609,67.13333333333334,0.6313455462455749,65.2851711026616
70,0.6215198040008545,67.6,0.6271989464759826,66.32868610054922
71,0.6236337661743164,68.73333333333332,0.6231046915054321,67.33417828474862
72,0.6348464727401734,67.1,0.6206671595573425,68.0946345585129
73,0.6206375241279602,67.83333333333334,0.6183090329170227,68.9269117025771
74,0.6243738770484925,68.0,0.6170750260353088,69.66201943388255
75,0.6249314188957215,68.43333333333332,0.6143774390220642,70.198563582594
76,0.624255096912384,68.29999999999998,0.6118454217910767,70.5576679340938
77,0.6297317385673523,67.6,0.611827838420868,71.06463878326997
78,0.6258593082427979,67.93333333333334,0.6093487501144409,71.29277566539925
79,0.6251498341560364,67.4,0.6079025506973267,71.39416983523448
80,0.621986448764801,68.36666666666666,0.6072768092155456,71.6561047739755
81,0.621834659576416,67.73333333333333,0.6079112529754639,71.68567807351077
82,0.6252222418785095,68.33333333333334,0.6067106604576111,71.7617237008872
83,0.6298051595687866,67.73333333333333,0.6054210424423218,71.82931981411069
84,0.6259778499603271,68.80000000000001,0.6056290149688721,71.88424165610476
85,0.6252817392349244,67.2,0.6052291393280029,71.8800168990283
86,0.6267500042915344,66.86666666666667,0.6041261315345764,71.88846641318125
87,0.6235360622406005,67.3,0.6045111298561097,71.91803971271652
88,0.6275147080421448,66.66666666666666,0.6055165290832519,72.03210815378114
89,0.6117594361305236,68.03333333333333,0.6042253375053406,72.06168145331644
90,0.6119732022285461,69.53333333333333,0.604545283317566,72.11237853823405
91,0.6248845934867859,68.79999999999998,0.6046326279640197,72.09125475285171
92,0.6235071539878845,68.96666666666667,0.6048286557197571,72.08702999577525
93,0.6327239871025085,66.86666666666666,0.6037225723266602,72.19264892268696
94,0.6264813542366028,67.43333333333334,0.6040209650993347,72.10815378115758
95,0.6227636218070984,67.53333333333333,0.6038058996200562,72.11237853823404
96,0.6203566551208496,68.76666666666667,0.6040111064910889,72.01943388255174
97,0.629160463809967,68.66666666666667,0.6047342658042908,72.02788339670468
98,0.6183584332466125,69.16666666666666,0.6051534295082093,72.09125475285171
99,0.6225778222084045,68.36666666666666,0.60452960729599,72.16307562315167
100,0.6260802507400512,67.53333333333333,0.6040494918823243,72.04900718208702
101,0.6237797260284423,69.5,0.6040528535842895,72.09547950992818
102,0.7855958223342896,54.35149978876215,0.7831870675086975,55.40768905787917
103,0.7634242415428162,51.266666666666666,0.6963219046592712,59.311364596535704
104,0.7522774577140808,51.355555555555554,0.6920558333396911,56.4638783269962
105,0.7313396096229553,51.44444444444444,0.6923137664794922,53.56147021546261
106,0.7083016276359558,54.68888888888889,0.6919572234153748,53.87410223912125
107,0.698492705821991,56.42222222222222,0.6903406620025635,57.4313476975074
108,0.6854756712913513,58.44444444444444,0.6869677424430847,62.88973384030419
109,0.6809985280036926,60.24444444444445,0.6818095803260803,65.92310942120828
110,0.6779566168785095,61.666666666666664,0.6749405145645142,64.70637938318546
111,0.6639970302581787,62.31111111111111,0.6664720296859741,61.80397127165188
112,0.6481527328491211,64.82222222222222,0.6575253725051879,59.58174904942966
113,0.6452812075614929,66.62222222222222,0.6542211890220642,59.12125052809464
114,0.6406165599822998,66.77777777777779,0.6506207585334778,59.18039712716519
115,0.6351939678192139,66.97777777777777,0.6479976058006287,59.602872834812004
116,0.6366238117218017,66.44444444444444,0.6445785522460937,60.34220532319392
117,0.6396329164505005,65.82222222222222,0.6414573788642883,61.17870722433461
118,0.6352538943290711,66.62222222222222,0.6379527568817138,62.29404309252218
119,0.6354828476905823,66.88888888888889,0.6345708966255188,63.362906632868615
120,0.6353914856910705,67.37777777777777,0.631187629699707,64.40642163075623
121,0.6320915460586548,67.13333333333334,0.6269083261489868,65.40346430080271
122,0.6291788816452026,67.46666666666667,0.6235660791397095,66.59484579636671
123,0.6305761218070984,67.75555555555556,0.6206478357315064,67.78622729193071
124,0.6276414155960083,68.33333333333334,0.6182884097099304,68.76637093367133
125,0.6207468748092652,69.75555555555556,0.6161029815673829,69.50147866497676
126,0.6264619469642639,68.15555555555555,0.6138990759849549,70.25771018166455
127,0.6297003507614136,67.08888888888889,0.6125981330871582,70.71820870299958
128,0.6253059148788452,67.93333333333334,0.610089111328125,71.1406844106464
129,0.6286463975906372,67.95555555555555,0.6097907185554504,71.2843261512463
130,0.6292909026145935,68.28888888888889,0.6083723664283752,71.4575411913815
131,0.6256127715110779,68.35555555555555,0.6067315578460694,71.6434305027461
132,0.6346828937530518,66.60000000000001,0.6066670417785645,71.77017321504013
133,0.626724648475647,67.75555555555556,0.6063680648803711,71.97296155471062
134,0.6239514827728272,69.04444444444445,0.6049081087112427,72.04055766793411
135,0.6282526135444642,67.57777777777777,0.6054173946380615,72.12927756653993
136,0.6299780368804931,66.8,0.6048246145248413,72.21377270806929
137,0.6294531106948853,67.24444444444444,0.6050665497779846,72.2644697929869
138,0.6260749101638794,68.26666666666665,0.6044364333152771,72.3700887198986
139,0.624918520450592,68.4,0.6038725137710571,72.41656104773975
140,0.6287489056587219,67.95555555555555,0.6040782570838928,72.42923531896916
141,0.6290244698524475,68.22222222222221,0.6038893222808838,72.45880861850443
142,0.6289935350418091,66.75555555555556,0.603525972366333,72.50105618926912
143,0.6281851530075073,67.6,0.6040493249893188,72.4883819180397
144,0.6282567977905273,67.79999999999998,0.6044358730316162,72.517955217575
145,0.6285073280334472,67.88888888888889,0.6031998038291931,72.52217997465145
146,0.6281764030456543,67.95555555555555,0.6033408403396606,72.53062948880438
147,0.6290786504745484,68.04444444444445,0.6040332436561584,72.54752851711027
148,0.6310146450996399,67.42222222222222,0.6039437294006348,72.54752851711027
149,0.6274451494216919,67.91111111111111,0.6031371474266052,72.56020278833968
150,0.6266530632972718,67.44444444444444,0.6039166212081909,72.56020278833967
151,0.6248761534690856,68.57777777777777,0.6044884204864502,72.56442754541615
152,0.6253244519233704,68.80000000000001,0.6034410476684571,72.56865230249261
153,0.7855957984924317,54.35149978876215,0.782209324836731,55.40768905787917
154,0.7609506607055664,50.78333333333333,0.6922820210456848,58.394592310942116
155,0.733962893486023,51.28333333333334,0.6926714301109314,52.648922686945504
156,0.7119751095771789,53.9,0.6916600465774536,55.289395859738065
157,0.6903683185577393,56.3,0.6870239853858948,62.11660329531052
158,0.680400550365448,59.28333333333334,0.6780936479568481,65.93155893536121
159,0.670207965373993,62.35,0.6657997727394104,62.125052809463455
160,0.6487558245658874,64.88333333333333,0.6527472734451294,58.542458808618505
161,0.632260775566101,67.21666666666667,0.6405006408691406,57.67638360794253
162,0.613299560546875,68.21666666666667,0.6296024799346924,58.18757921419518
163,0.6016245603561401,69.35,0.6157031059265137,59.89015631601184
164,0.5929092168807983,70.55000000000001,0.6092941641807557,61.27587663709336
165,0.5873401761054993,70.66666666666666,0.6009670972824097,63.248838191803976
166,0.5896537661552429,70.78333333333333,0.5927852153778076,65.51330798479088
167,0.588512372970581,70.98333333333333,0.5861025214195251,67.5369666244191
168,0.5856096148490906,71.51666666666668,0.5775632977485656,69.3916349809886
169,0.5789446949958801,71.76666666666667,0.5714834570884705,71.14913392479932
170,0.5805001378059387,71.43333333333332,0.566196620464325,72.41656104773975
171,0.5790647625923157,72.01666666666667,0.5615080833435059,73.50232361639205
172,0.5819415807723999,72.26666666666667,0.5571991920471191,74.31347697507394
173,0.5706791520118714,72.58333333333333,0.5551169276237488,74.81622306717364
174,0.5741366744041443,72.80000000000001,0.5530741691589356,75.03591043514999
175,0.572084617614746,73.08333333333333,0.5517674922943115,75.09928179129699
176,0.5705743908882142,73.13333333333333,0.5512083172798157,75.22179974651458
177,0.5756426811218261,72.96666666666667,0.5505315065383911,75.26404731727926
178,0.5737178325653076,72.7,0.5506579875946045,75.27672158850866
179,0.5766790628433227,72.54999999999998,0.5503441452980041,75.29784537389101
180,0.5743443131446838,72.78333333333333,0.5499178886413574,75.44993662864385
181,0.5739999175071716,72.8,0.5496859788894654,75.4457118715674
182,0.5730868339538574,72.41666666666666,0.5479899883270264,75.4837346852556
183,0.5723674416542053,73.00000000000001,0.5486746191978454,75.4710604140262
184,0.5720393180847168,73.33333333333333,0.5490346789360047,75.4837346852556
185,0.571828055381775,73.33333333333333,0.5476637005805969,75.5090832277144
186,0.5726805448532104,73.58333333333333,0.5482854723930359,75.48795944233207
187,0.5731345057487488,73.36666666666666,0.5490965723991394,75.45416138572031
188,0.5760790586471558,72.38333333333334,0.5496819019317627,75.4710604140262
189,0.5717674255371094,73.08333333333334,0.5491042494773865,75.4710604140262
190,0.572079086303711,73.53333333333333,0.5494563341140747,75.52598225602028
191,0.5681595921516418,73.7,0.5490540623664856,75.59780312632024
192,0.5715175747871399,73.65,0.548147439956665,75.50063371356147
193,0.5746911883354187,73.26666666666668,0.5495513200759887,75.4837346852556
194,0.5707948803901672,72.83333333333333,0.54909588098526,75.4710604140262
195,0.5701767563819885,72.98333333333332,0.5478790402412415,75.51753274186734
196,0.5737270593643189,72.55,0.5490714907646179,75.47528517110267
197,0.5729988574981689,72.83333333333334,0.5495015025138855,75.42036332910857
198,0.5663688063621521,73.5,0.5488331079483032,75.44148711449091
199,0.5760908961296082,73.48333333333332,0.5499291181564331,75.43303760033798
200,0.5747658967971802,72.8,0.5501311302185059,75.44148711449091
201,0.5730539917945862,73.9,0.5500048518180847,75.40768905787917
202,0.5763502478599548,72.5,0.5469995260238647,75.46683565694973
203,0.5697242140769958,73.03333333333333,0.5490983247756958,75.45838614279678
204,0.7855958104133606,54.35149978876215,0.7825415253639221,55.40768905787917
205,0.770924425125122,48.693333333333335,0.692957878112793,57.82002534854246
206,0.7374518394470215,50.666666666666664,0.6945821285247803,47.596113223489645
207,0.7030226111412048,55.21333333333333,0.6966922998428344,47.207435572454585
208,0.6892203688621521,58.04,0.6951025605201722,47.79890156316012
209,0.6797227501869202,58.959999999999994,0.6870810151100158,51.49556400506971
210,0.666959261894226,62.18666666666667,0.6725621938705444,62.256020278833965
211,0.6495501160621643,64.84,0.6563731789588928,69.79721166032954
212,0.6302119612693786,67.42666666666666,0.6415172100067139,66.97929869032531
213,0.6143075942993164,70.0,0.6266110181808472,65.27672158850866
214,0.599166190624237,70.73333333333333,0.609691321849823,66.22729193071399
215,0.5878491997718811,72.12,0.6028037071228027,67.47359526827208
216,0.5892732501029968,71.90666666666667,0.5953928351402282,69.15504858470638
217,0.5843671321868896,72.86666666666667,0.5885422110557557,70.7393324883819
218,0.5860858798027039,72.02666666666667,0.5817272901535034,72.1715251373046
219,0.5841259956359863,71.91999999999999,0.5756712079048156,73.63329108576256
220,0.5797067999839782,72.6,0.5699204921722412,74.53738910012673
221,0.5812989830970764,72.42666666666666,0.5664209127426147,75.23024926066752
222,0.572065556049347,74.21333333333332,0.5625758767127991,75.86396282213772
223,0.574207353591919,73.29333333333332,0.5594344735145569,76.28221377270806
224,0.5722848773002625,73.66666666666666,0.5563792586326599,76.57794676806084
225,0.5715899586677551,73.72,0.5556418180465699,76.73003802281369
226,0.5703028559684753,73.75999999999999,0.5565760970115662,76.77228559357837
227,0.5725513935089112,73.91999999999999,0.5548050045967102,76.79763413603717
228,0.569171667098999,74.21333333333332,0.5546775460243225,76.83143219264892
229,0.5737261295318603,73.90666666666667,0.5538424253463745,76.86523024926066
230,0.572487723827362,73.73333333333333,0.5533877372741699,76.90325306294888
231,0.5695764064788819,74.66666666666666,0.5546862959861756,76.89480354879593
232,0.5724216341972351,73.6,0.5524431586265564,76.89480354879595
233,0.5703356862068176,74.09333333333333,0.5532671809196472,76.89057879171949
234,0.5678837180137635,74.16,0.5540417551994323,76.92015209125475
235,0.5705011367797852,74.41333333333333,0.5525042295455933,76.94127587663709
236,0.5693301439285279,74.26666666666668,0.5524900197982788,76.94127587663709
237,0.5675489425659179,74.37333333333332,0.5522220969200134,76.9539501478665
238,0.5713096737861634,73.86666666666667,0.5525216341018677,76.95817490494296
239,0.5683204531669617,74.93333333333332,0.552034068107605,76.92860160540768
240,0.5723097205162049,73.67999999999999,0.5520129442214966,76.93282636248416
241,0.5705171585083008,73.96000000000001,0.5527298450469971,76.94127587663709
242,0.5698725581169128,74.03999999999999,0.5536213040351867,76.93705111956062
243,0.5718150734901428,73.66666666666667,0.5522110104560852,76.94972539079004
244,0.5696341395378113,74.06666666666668,0.5523937702178955,76.94550063371355
245,0.5705435395240783,74.34666666666666,0.5523821592330933,76.96239966201942
246,0.5687164783477783,74.37333333333333,0.5533297657966614,76.95817490494296
247,0.5724328517913818,73.92,0.5526167035102845,76.9539501478665
248,0.5704919815063476,74.54666666666667,0.5516066908836365,76.9539501478665
249,0.5706602573394776,74.02666666666667,0.5530906558036804,76.95817490494296
250,0.5702995896339417,74.76,0.5530708312988282,76.9539501478665
251,0.5681662678718566,74.77333333333333,0.5524748086929321,76.9666244190959
252,0.5701825737953186,73.58666666666667,0.5525285243988037,76.9666244190959
253,0.5720190048217774,74.18666666666667,0.5524729490280151,76.94972539079004
254,0.5681349396705627,74.08,0.5527576446533203,76.9666244190959
