Epoch,Repetition 1,Repetition 2,Repetition 3,Repetition 4,Repetition 5
0,54.16138572032108,54.07689057879172,54.055766793409376,55.38656527249683,54.07689057879172
1,50.333333333333336,53.666666666666664,49.333333333333336,55.333333333333336,46.333333333333336
2,56.0,54.333333333333336,53.666666666666664,49.333333333333336,50.333333333333336
3,52.0,58.0,48.333333333333336,49.0,45.333333333333336
4,51.666666666666664,55.666666666666664,54.333333333333336,50.0,52.0
5,52.666666666666664,60.0,47.333333333333336,51.666666666666664,54.666666666666664
6,55.333333333333336,61.333333333333336,51.0,55.0,55.333333333333336
7,52.666666666666664,56.0,58.333333333333336,57.0,58.0
8,60.666666666666664,61.666666666666664,54.333333333333336,53.666666666666664,51.333333333333336
9,59.0,59.333333333333336,53.0,58.666666666666664,58.0
10,57.0,59.0,57.333333333333336,55.0,54.333333333333336
11,53.666666666666664,61.333333333333336,59.333333333333336,52.0,59.666666666666664
12,60.666666666666664,63.333333333333336,58.666666666666664,57.333333333333336,58.333333333333336
13,55.666666666666664,61.666666666666664,55.666666666666664,56.0,64.33333333333333
14,58.0,63.666666666666664,55.0,51.666666666666664,57.0
15,51.666666666666664,61.0,63.0,52.666666666666664,58.0
16,56.0,60.333333333333336,54.666666666666664,61.0,59.0
17,58.666666666666664,67.66666666666667,53.666666666666664,61.333333333333336,62.666666666666664
18,58.666666666666664,64.33333333333333,63.333333333333336,59.333333333333336,60.0
19,55.666666666666664,63.666666666666664,62.666666666666664,62.333333333333336,60.0
20,56.666666666666664,62.333333333333336,59.0,59.333333333333336,56.666666666666664
21,51.333333333333336,58.666666666666664,60.333333333333336,64.0,58.333333333333336
22,56.666666666666664,61.333333333333336,56.0,61.666666666666664,57.666666666666664
23,59.333333333333336,62.0,60.666666666666664,62.0,51.0
24,60.666666666666664,60.333333333333336,59.333333333333336,59.333333333333336,58.333333333333336
25,63.666666666666664,65.66666666666667,61.0,56.0,59.0
26,58.333333333333336,66.33333333333333,62.0,63.333333333333336,60.333333333333336
27,59.333333333333336,61.333333333333336,62.333333333333336,59.0,58.333333333333336
28,55.0,59.666666666666664,60.0,59.0,60.666666666666664
29,62.666666666666664,67.33333333333333,61.666666666666664,59.666666666666664,61.0
30,56.0,65.33333333333333,58.333333333333336,56.0,59.666666666666664
31,59.333333333333336,64.66666666666667,57.333333333333336,56.0,64.0
32,55.0,68.66666666666667,58.333333333333336,62.0,58.0
33,59.333333333333336,58.333333333333336,57.333333333333336,59.333333333333336,62.666666666666664
34,61.333333333333336,59.666666666666664,60.0,57.333333333333336,58.666666666666664
35,62.666666666666664,66.66666666666667,59.0,64.0,56.666666666666664
36,61.333333333333336,62.333333333333336,61.333333333333336,59.333333333333336,58.333333333333336
37,59.333333333333336,65.0,60.666666666666664,60.666666666666664,59.0
38,60.0,62.333333333333336,57.666666666666664,55.333333333333336,62.333333333333336
39,59.666666666666664,63.333333333333336,62.666666666666664,62.0,62.333333333333336
40,60.666666666666664,69.33333333333333,59.333333333333336,60.666666666666664,56.333333333333336
41,58.0,65.0,61.333333333333336,57.333333333333336,60.666666666666664
42,55.0,63.0,60.0,58.666666666666664,61.0
43,57.333333333333336,65.0,62.0,57.666666666666664,57.666666666666664
44,54.666666666666664,64.0,56.666666666666664,59.333333333333336,61.666666666666664
45,54.666666666666664,62.333333333333336,57.333333333333336,57.666666666666664,55.666666666666664
46,60.333333333333336,66.33333333333333,57.333333333333336,58.666666666666664,59.333333333333336
47,58.666666666666664,62.333333333333336,58.666666666666664,58.666666666666664,61.666666666666664
48,62.333333333333336,67.66666666666667,55.0,59.0,59.666666666666664
49,62.333333333333336,61.666666666666664,62.0,65.66666666666667,60.333333333333336
50,61.0,65.33333333333333,57.0,63.666666666666664,59.0
51,54.16138572032108,54.07689057879172,54.055766793409376,55.38656527249683,54.07689057879172
52,51.0,52.166666666666664,49.833333333333336,49.666666666666664,48.666666666666664
53,51.166666666666664,52.833333333333336,49.333333333333336,51.333333333333336,53.0
54,49.833333333333336,53.166666666666664,53.333333333333336,54.666666666666664,50.666666666666664
55,52.5,60.0,54.333333333333336,55.333333333333336,54.0
56,55.0,53.333333333333336,55.166666666666664,56.0,58.0
57,57.5,56.666666666666664,55.0,57.333333333333336,60.166666666666664
58,60.5,59.666666666666664,55.5,59.833333333333336,57.0
59,62.666666666666664,61.666666666666664,61.833333333333336,59.333333333333336,61.333333333333336
60,62.833333333333336,63.666666666666664,65.83333333333333,62.333333333333336,62.5
61,65.83333333333333,67.5,63.333333333333336,66.5,63.166666666666664
62,64.5,70.0,66.66666666666667,62.833333333333336,66.0
63,69.83333333333333,69.33333333333333,67.16666666666667,67.0,67.83333333333333
64,66.83333333333333,69.16666666666667,63.5,64.83333333333333,66.33333333333333
65,67.83333333333333,69.33333333333333,68.5,63.333333333333336,65.83333333333333
66,70.16666666666667,68.33333333333333,70.5,67.83333333333333,67.66666666666667
67,66.16666666666667,68.16666666666667,67.33333333333333,64.33333333333333,68.0
68,69.33333333333333,70.0,67.0,65.0,68.0
69,67.83333333333333,69.16666666666667,68.0,64.66666666666667,66.0
70,69.66666666666667,68.16666666666667,66.66666666666667,65.33333333333333,68.16666666666667
71,68.33333333333333,69.5,67.33333333333333,66.33333333333333,72.16666666666667
72,66.5,69.16666666666667,67.16666666666667,64.83333333333333,67.83333333333333
73,69.16666666666667,69.33333333333333,67.33333333333333,66.16666666666667,67.16666666666667
74,69.16666666666667,66.5,68.0,67.0,69.33333333333333
75,67.83333333333333,70.0,69.0,66.83333333333333,68.5
76,67.33333333333333,67.83333333333333,67.16666666666667,66.83333333333333,72.33333333333333
77,69.33333333333333,67.33333333333333,66.0,66.0,69.33333333333333
78,69.83333333333333,68.83333333333333,63.833333333333336,66.5,70.66666666666667
79,69.5,68.66666666666667,66.66666666666667,62.666666666666664,69.5
80,69.16666666666667,68.83333333333333,67.0,67.83333333333333,69.0
81,68.16666666666667,71.66666666666667,64.16666666666667,65.5,69.16666666666667
82,68.0,68.0,65.66666666666667,68.66666666666667,71.33333333333333
83,67.33333333333333,67.0,68.5,68.16666666666667,67.66666666666667
84,68.66666666666667,70.0,67.0,67.16666666666667,71.16666666666667
85,67.83333333333333,68.16666666666667,65.16666666666667,66.83333333333333,68.0
86,69.66666666666667,67.16666666666667,66.0,63.833333333333336,67.66666666666667
87,70.0,68.33333333333333,66.66666666666667,65.5,66.0
88,65.16666666666667,67.0,68.33333333333333,65.5,67.33333333333333
89,68.5,68.66666666666667,69.33333333333333,67.0,66.66666666666667
90,71.66666666666667,70.33333333333333,68.5,68.5,68.66666666666667
91,64.5,68.33333333333333,71.0,69.33333333333333,70.83333333333333
92,69.33333333333333,72.0,69.0,66.0,68.5
93,68.0,69.16666666666667,66.33333333333333,65.0,65.83333333333333
94,67.16666666666667,68.83333333333333,68.0,63.166666666666664,70.0
95,68.16666666666667,67.33333333333333,67.5,68.33333333333333,66.33333333333333
96,70.0,69.0,68.0,69.33333333333333,67.5
97,70.16666666666667,67.16666666666667,67.83333333333333,65.66666666666667,72.5
98,70.66666666666667,71.5,65.83333333333333,66.0,71.83333333333333
99,68.5,68.66666666666667,66.0,67.83333333333333,70.83333333333333
100,70.0,68.16666666666667,67.16666666666667,64.83333333333333,67.5
101,70.33333333333333,70.0,67.5,69.66666666666667,70.0
102,54.16138572032108,54.07689057879172,54.055766793409376,55.38656527249683,54.07689057879172
103,50.44444444444444,52.22222222222222,50.77777777777778,51.666666666666664,51.22222222222222
104,50.888888888888886,52.55555555555556,52.44444444444444,51.888888888888886,49.0
105,54.22222222222222,49.55555555555556,51.111111111111114,52.77777777777778,49.55555555555556
106,55.55555555555556,56.666666666666664,52.111111111111114,53.44444444444444,55.666666666666664
107,56.22222222222222,57.333333333333336,54.0,57.333333333333336,57.22222222222222
108,56.111111111111114,59.666666666666664,58.888888888888886,59.333333333333336,58.22222222222222
109,60.666666666666664,61.666666666666664,58.666666666666664,62.333333333333336,57.888888888888886
110,63.77777777777778,61.111111111111114,60.333333333333336,62.55555555555556,60.55555555555556
111,63.44444444444444,63.888888888888886,62.55555555555556,61.888888888888886,59.77777777777778
112,64.33333333333333,64.55555555555556,66.88888888888889,64.55555555555556,63.77777777777778
113,66.11111111111111,68.0,64.55555555555556,67.88888888888889,66.55555555555556
114,66.33333333333333,67.77777777777777,66.11111111111111,67.22222222222223,66.44444444444444
115,67.22222222222223,67.55555555555556,68.88888888888889,66.0,65.22222222222223
116,67.33333333333333,67.11111111111111,65.55555555555556,67.0,65.22222222222223
117,66.0,67.33333333333333,66.44444444444444,64.88888888888889,64.44444444444444
118,65.77777777777777,67.44444444444444,68.55555555555556,64.55555555555556,66.77777777777777
119,65.33333333333333,67.77777777777777,68.33333333333333,68.22222222222223,64.77777777777777
120,66.77777777777777,66.55555555555556,67.55555555555556,67.44444444444444,68.55555555555556
121,64.88888888888889,68.22222222222223,67.33333333333333,66.66666666666667,68.55555555555556
122,66.77777777777777,67.0,69.22222222222223,66.77777777777777,67.55555555555556
123,69.44444444444444,67.0,67.77777777777777,67.55555555555556,67.0
124,70.55555555555556,68.22222222222223,67.11111111111111,68.55555555555556,67.22222222222223
125,69.66666666666667,69.88888888888889,68.33333333333333,70.22222222222223,70.66666666666667
126,69.44444444444444,67.55555555555556,69.0,67.77777777777777,67.0
127,66.77777777777777,69.11111111111111,66.11111111111111,65.0,68.44444444444444
128,66.77777777777777,66.88888888888889,71.0,68.55555555555556,66.44444444444444
129,69.33333333333333,69.55555555555556,68.44444444444444,67.77777777777777,64.66666666666667
130,65.33333333333333,68.77777777777777,67.66666666666667,70.55555555555556,69.11111111111111
131,68.33333333333333,70.33333333333333,66.88888888888889,68.66666666666667,67.55555555555556
132,68.55555555555556,65.55555555555556,66.55555555555556,66.66666666666667,65.66666666666667
133,65.77777777777777,68.55555555555556,68.22222222222223,67.77777777777777,68.44444444444444
134,68.44444444444444,69.11111111111111,68.44444444444444,69.0,70.22222222222223
135,66.88888888888889,67.77777777777777,67.44444444444444,66.55555555555556,69.22222222222223
136,68.77777777777777,66.0,65.44444444444444,66.77777777777777,67.0
137,64.77777777777777,69.11111111111111,67.88888888888889,67.33333333333333,67.11111111111111
138,70.0,68.77777777777777,67.33333333333333,68.33333333333333,66.88888888888889
139,69.0,69.33333333333333,65.33333333333333,69.44444444444444,68.88888888888889
140,67.0,67.22222222222223,67.66666666666667,68.55555555555556,69.33333333333333
141,68.88888888888889,68.22222222222223,69.44444444444444,66.55555555555556,68.0
142,65.11111111111111,69.0,66.11111111111111,66.55555555555556,67.0
143,67.33333333333333,68.66666666666667,67.33333333333333,66.88888888888889,67.77777777777777
144,70.0,66.55555555555556,65.33333333333333,68.77777777777777,68.33333333333333
145,69.22222222222223,68.55555555555556,68.55555555555556,65.44444444444444,67.66666666666667
146,70.11111111111111,67.11111111111111,67.77777777777777,65.55555555555556,69.22222222222223
147,65.33333333333333,68.44444444444444,69.11111111111111,67.55555555555556,69.77777777777777
148,67.55555555555556,67.77777777777777,66.11111111111111,67.44444444444444,68.22222222222223
149,69.11111111111111,68.77777777777777,66.11111111111111,66.55555555555556,69.0
150,68.55555555555556,66.77777777777777,70.22222222222223,66.44444444444444,65.22222222222223
151,68.22222222222223,69.33333333333333,68.0,67.33333333333333,70.0
152,67.11111111111111,72.11111111111111,69.44444444444444,67.66666666666667,67.66666666666667
153,54.16138572032108,54.07689057879172,54.055766793409376,55.38656527249683,54.07689057879172
154,48.083333333333336,49.666666666666664,51.666666666666664,52.916666666666664,51.583333333333336
155,51.0,50.916666666666664,51.5,51.083333333333336,51.916666666666664
156,53.416666666666664,54.333333333333336,53.833333333333336,55.5,52.416666666666664
157,54.666666666666664,56.0,57.333333333333336,56.166666666666664,57.333333333333336
158,56.916666666666664,61.833333333333336,59.916666666666664,59.083333333333336,58.666666666666664
159,63.333333333333336,62.166666666666664,61.666666666666664,61.083333333333336,63.5
160,64.41666666666667,65.08333333333333,65.83333333333333,64.75,64.33333333333333
161,68.41666666666667,67.83333333333333,65.83333333333333,68.25,65.75
162,68.25,66.33333333333333,69.91666666666667,69.08333333333333,67.5
163,70.75,70.33333333333333,71.25,69.16666666666667,65.25
164,71.16666666666667,70.58333333333333,72.41666666666667,68.66666666666667,69.91666666666667
165,70.41666666666667,70.08333333333333,70.83333333333333,71.16666666666667,70.83333333333333
166,70.08333333333333,71.91666666666667,70.08333333333333,70.41666666666667,71.41666666666667
167,70.41666666666667,71.41666666666667,72.16666666666667,70.16666666666667,70.75
168,70.08333333333333,72.58333333333333,72.58333333333333,71.41666666666667,70.91666666666667
169,71.75,71.75,71.08333333333333,72.91666666666667,71.33333333333333
170,71.41666666666667,71.16666666666667,71.91666666666667,72.33333333333333,70.33333333333333
171,72.33333333333333,72.5,72.5,70.58333333333333,72.16666666666667
172,72.83333333333333,72.16666666666667,74.0,70.0,72.33333333333333
173,73.0,73.5,73.75,71.58333333333333,71.08333333333333
174,73.16666666666667,73.66666666666667,71.75,72.25,73.16666666666667
175,73.83333333333333,73.58333333333333,73.0,72.25,72.75
176,73.58333333333333,72.75,74.41666666666667,72.33333333333333,72.58333333333333
177,72.33333333333333,72.66666666666667,75.25,71.5,73.08333333333333
178,74.0,74.91666666666667,73.0,71.33333333333333,70.25
179,73.83333333333333,73.08333333333333,73.25,71.75,70.83333333333333
180,73.25,72.66666666666667,72.41666666666667,72.08333333333333,73.5
181,74.58333333333333,72.25,74.16666666666667,71.33333333333333,71.66666666666667
182,74.33333333333333,74.25,72.25,70.5,70.75
183,74.0,72.25,73.91666666666667,71.66666666666667,73.16666666666667
184,73.83333333333333,73.08333333333333,73.66666666666667,73.5,72.58333333333333
185,73.33333333333333,74.16666666666667,74.08333333333333,72.5,72.58333333333333
186,75.25,74.25,75.08333333333333,71.33333333333333,72.0
187,72.83333333333333,73.58333333333333,74.25,73.16666666666667,73.0
188,73.33333333333333,73.83333333333333,72.83333333333333,71.75,70.16666666666667
189,72.91666666666667,73.25,74.75,72.41666666666667,72.08333333333333
190,73.25,74.0,73.75,72.83333333333333,73.83333333333333
191,74.08333333333333,74.16666666666667,74.08333333333333,72.25,73.91666666666667
192,73.66666666666667,73.66666666666667,74.41666666666667,71.58333333333333,74.91666666666667
193,73.41666666666667,72.16666666666667,75.16666666666667,73.16666666666667,72.41666666666667
194,73.5,74.08333333333333,71.58333333333333,71.5,73.5
195,73.66666666666667,73.75,73.58333333333333,72.08333333333333,71.83333333333333
196,71.75,72.83333333333333,73.5,72.75,71.91666666666667
197,74.75,73.58333333333333,72.66666666666667,71.91666666666667,71.25
198,74.83333333333333,73.16666666666667,74.33333333333333,72.41666666666667,72.75
199,73.08333333333333,74.33333333333333,73.75,73.41666666666667,72.83333333333333
200,73.58333333333333,73.41666666666667,72.16666666666667,73.75,71.08333333333333
201,73.5,74.41666666666667,75.75,72.16666666666667,73.66666666666667
202,72.41666666666667,73.0,74.08333333333333,71.83333333333333,71.16666666666667
203,74.41666666666667,73.41666666666667,74.5,70.66666666666667,72.16666666666667
204,54.16138572032108,54.07689057879172,54.055766793409376,55.38656527249683,54.07689057879172
205,43.666666666666664,47.6,49.86666666666667,48.86666666666667,53.46666666666667
206,47.733333333333334,49.333333333333336,53.0,50.46666666666667,52.8
207,53.93333333333333,56.0,55.6,54.53333333333333,56.0
208,57.733333333333334,57.666666666666664,57.8,57.8,59.2
209,59.0,56.666666666666664,59.8,57.93333333333333,61.4
210,61.266666666666666,61.93333333333333,62.86666666666667,62.93333333333333,61.93333333333333
211,66.2,62.93333333333333,67.06666666666666,63.8,64.2
212,68.86666666666666,66.33333333333333,68.33333333333333,67.2,66.4
213,70.6,70.86666666666666,70.46666666666667,70.93333333333334,67.13333333333334
214,71.26666666666667,72.26666666666667,72.06666666666666,70.26666666666667,67.8
215,74.26666666666667,72.4,73.93333333333334,71.33333333333333,68.66666666666667
216,73.6,71.33333333333333,73.4,72.66666666666667,68.53333333333333
217,72.66666666666667,73.86666666666666,73.33333333333333,72.66666666666667,71.8
218,72.73333333333333,73.86666666666666,73.0,71.26666666666667,69.26666666666667
219,72.86666666666666,72.0,72.4,71.0,71.33333333333333
220,73.93333333333334,73.8,72.0,72.13333333333334,71.13333333333334
221,74.13333333333334,73.06666666666666,72.8,71.8,70.33333333333333
222,74.2,76.06666666666666,74.0,74.33333333333333,72.46666666666667
223,73.46666666666667,74.4,73.26666666666667,73.06666666666666,72.26666666666667
224,73.73333333333333,76.33333333333333,73.13333333333334,73.13333333333334,72.0
225,74.0,73.46666666666667,74.46666666666667,74.2,72.46666666666667
226,74.0,74.06666666666666,73.53333333333333,73.73333333333333,73.46666666666667
227,74.66666666666667,73.73333333333333,75.06666666666666,74.93333333333334,71.2
228,76.4,73.66666666666667,75.26666666666667,74.2,71.53333333333333
229,75.33333333333333,74.66666666666667,73.86666666666666,73.4,72.26666666666667
230,74.33333333333333,75.0,75.13333333333334,73.4,70.8
231,76.53333333333333,74.86666666666666,75.46666666666667,73.46666666666667,73.0
232,74.0,74.46666666666667,74.6,73.0,71.93333333333334
233,75.33333333333333,75.66666666666667,74.4,73.53333333333333,71.53333333333333
234,75.06666666666666,74.6,75.46666666666667,74.53333333333333,71.13333333333334
235,74.6,74.66666666666667,76.6,74.6,71.6
236,75.4,74.66666666666667,74.86666666666666,74.66666666666667,71.73333333333333
237,76.53333333333333,72.86666666666666,75.86666666666666,74.53333333333333,72.06666666666666
238,75.53333333333333,73.6,74.8,72.73333333333333,72.66666666666667
239,75.6,74.73333333333333,76.33333333333333,74.6,73.4
240,74.8,74.53333333333333,74.06666666666666,74.73333333333333,70.26666666666667
241,75.0,74.4,74.93333333333334,73.53333333333333,71.93333333333334
242,75.6,74.06666666666666,74.26666666666667,73.93333333333334,72.33333333333333
243,73.4,74.4,74.46666666666667,74.2,71.86666666666666
244,74.6,74.93333333333334,74.73333333333333,73.46666666666667,72.6
245,74.26666666666667,75.0,74.86666666666666,74.66666666666667,72.93333333333334
246,75.8,73.86666666666666,76.26666666666667,75.0,70.93333333333334
247,75.46666666666667,74.0,75.26666666666667,72.6,72.26666666666667
248,76.66666666666667,76.13333333333334,73.86666666666666,75.0,71.06666666666666
249,74.8,74.6,75.13333333333334,74.13333333333334,71.46666666666667
250,76.06666666666666,76.4,75.4,73.66666666666667,72.26666666666667
251,75.73333333333333,75.4,76.06666666666666,74.6,72.06666666666666
252,74.53333333333333,75.06666666666666,74.53333333333333,72.86666666666666,70.93333333333334
253,75.33333333333333,74.6,74.4,74.73333333333333,71.86666666666666
254,75.86666666666666,74.2,74.4,74.86666666666666,71.06666666666666
