Epoch,Repetition 1,Repetition 2,Repetition 3,Repetition 4,Repetition 5
0,0.7862224578857422,0.7862843871116638,0.7857727408409119,0.783599853515625,0.7860996127128601
1,0.7537567615509033,0.7469837069511414,0.779085636138916,0.7386078238487244,0.7657799124717712
2,0.7503699064254761,0.7423107028007507,0.7535111308097839,0.761502206325531,0.7612277269363403
3,0.7461462616920471,0.7396981716156006,0.7689586281776428,0.7552278637886047,0.7691022157669067
4,0.7386245131492615,0.7466522455215454,0.7308352589607239,0.7461011409759521,0.7427371144294739
5,0.7259025573730469,0.7043281197547913,0.7469083070755005,0.7145132422447205,0.7198095917701721
6,0.7282395958900452,0.7009445428848267,0.7216328382492065,0.7184884548187256,0.7197688221931458
7,0.7112696766853333,0.7110041975975037,0.7067288160324097,0.7009708881378174,0.6908535957336426
8,0.6972724199295044,0.686067521572113,0.7059024572372437,0.6974909901618958,0.7185290455818176
9,0.6966335773468018,0.6766514182090759,0.704227864742279,0.6899164915084839,0.6872199773788452
10,0.7072352170944214,0.6843481063842773,0.6842708587646484,0.7033292651176453,0.6963516473770142
11,0.7103902101516724,0.6712337136268616,0.692785382270813,0.7029184103012085,0.6888206005096436
12,0.6815528273582458,0.6730083227157593,0.6920163035392761,0.6930146813392639,0.6880383491516113
13,0.7027612924575806,0.6757192611694336,0.6934711933135986,0.694678544998169,0.6705408692359924
14,0.6971377730369568,0.6595264077186584,0.6909546256065369,0.7028586268424988,0.6879903078079224
15,0.7167678475379944,0.6632885932922363,0.6742282509803772,0.6963170766830444,0.6777577996253967
16,0.6966204047203064,0.6835715174674988,0.6916653513908386,0.683881402015686,0.6948009133338928
17,0.691611647605896,0.6449958682060242,0.6937812566757202,0.677856981754303,0.6728829741477966
18,0.6899358034133911,0.6513408422470093,0.6851920485496521,0.678954541683197,0.6718829870223999
19,0.6936085820198059,0.6607186198234558,0.6719914674758911,0.6608983278274536,0.6787176728248596
20,0.6823012232780457,0.6595972180366516,0.6872790455818176,0.682242751121521,0.6917409896850586
21,0.7060075998306274,0.6766508221626282,0.6720082759857178,0.672081470489502,0.6858813166618347
22,0.6858054399490356,0.660670816898346,0.6949254274368286,0.6578952670097351,0.6754957437515259
23,0.6849684715270996,0.6629443764686584,0.6869984269142151,0.6766447424888611,0.7072510719299316
24,0.6822913885116577,0.674757182598114,0.6885930299758911,0.6778269410133362,0.6862042546272278
25,0.6810101866722107,0.6556973457336426,0.6737653613090515,0.6893383860588074,0.6830395460128784
26,0.6766427755355835,0.6499266624450684,0.6734123826026917,0.6663184762001038,0.6693670749664307
27,0.6908660531044006,0.6692091822624207,0.6742876172065735,0.6775296926498413,0.6812446117401123
28,0.6837003827095032,0.6710361242294312,0.6672269105911255,0.6762282252311707,0.6611235737800598
29,0.6734739542007446,0.6606131792068481,0.6751302480697632,0.6809198260307312,0.6712880730628967
30,0.6957274079322815,0.6520203948020935,0.6754394769668579,0.6858845949172974,0.68247389793396
31,0.6804594397544861,0.6548078656196594,0.6956503391265869,0.6884572505950928,0.6631048917770386
32,0.680591344833374,0.6385504007339478,0.6843178272247314,0.6699289679527283,0.6974479556083679
33,0.6767445802688599,0.6684912443161011,0.6890499591827393,0.6782413125038147,0.6590471863746643
34,0.6862349510192871,0.666965663433075,0.6829735636711121,0.680367648601532,0.6825427412986755
35,0.6814424991607666,0.6456864476203918,0.6818736791610718,0.6676754355430603,0.68721604347229
36,0.6778660416603088,0.6671990752220154,0.6832637190818787,0.6895290613174438,0.6857574582099915
37,0.6799530982971191,0.6684495806694031,0.6752793192863464,0.6798087954521179,0.6767078042030334
38,0.6853557229042053,0.6539548635482788,0.6751243472099304,0.694310188293457,0.6614612340927124
39,0.6792051196098328,0.6561011672019958,0.6864586472511292,0.6758174896240234,0.6807618737220764
40,0.6671023964881897,0.642187774181366,0.6747839450836182,0.6666615009307861,0.6864718794822693
41,0.6892483234405518,0.6661774516105652,0.6793791055679321,0.6846165060997009,0.6846892237663269
42,0.68491530418396,0.6712746620178223,0.6770989894866943,0.6769825220108032,0.6639527678489685
43,0.7008756399154663,0.6568828225135803,0.673517107963562,0.6828241348266602,0.69565749168396
44,0.7023608684539795,0.6679772138595581,0.6877950429916382,0.6789998412132263,0.6747097969055176
45,0.6959407925605774,0.6725304126739502,0.6990793347358704,0.6871722340583801,0.6951537728309631
46,0.6803264021873474,0.6555892825126648,0.7056488990783691,0.6776820421218872,0.6817771196365356
47,0.6935161352157593,0.6643433570861816,0.6866422891616821,0.688224196434021,0.6683284640312195
48,0.6740846633911133,0.6515828967094421,0.7019827365875244,0.6756178736686707,0.6698190569877625
49,0.6717379689216614,0.6796683669090271,0.6881765127182007,0.6584880948066711,0.686435341835022
50,0.675319254398346,0.6590469479560852,0.6883186101913452,0.6633782982826233,0.6876060962677002
51,0.7862224578857422,0.7862843871116638,0.7857727408409119,0.783599853515625,0.7860995531082153
52,0.7839518785476685,0.7723454236984253,0.7857638597488403,0.760818362236023,0.7720327377319336
53,0.7404729127883911,0.7621102333068848,0.761819064617157,0.7316989898681641,0.7252285480499268
54,0.7367626428604126,0.733077347278595,0.7307846546173096,0.7428371906280518,0.7439216375350952
55,0.7269208431243896,0.700585126876831,0.7120261192321777,0.7104980945587158,0.7038967609405518
56,0.7141509056091309,0.6848016977310181,0.7018345594406128,0.6975141763687134,0.672336220741272
57,0.6781302094459534,0.6763713359832764,0.7009545564651489,0.6849321722984314,0.6848140954971313
58,0.6731544733047485,0.674760103225708,0.6813592910766602,0.6753515005111694,0.6917673945426941
59,0.6835065484046936,0.676986038684845,0.6590816974639893,0.6892127990722656,0.6727809906005859
60,0.6513001322746277,0.6361910104751587,0.6562048196792603,0.6632627248764038,0.6614773273468018
61,0.6464738845825195,0.6393347978591919,0.6595146656036377,0.6532711386680603,0.6648098230361938
62,0.6497448682785034,0.636478841304779,0.6387860178947449,0.669360876083374,0.6426307559013367
63,0.6419986486434937,0.6082780361175537,0.6483135223388672,0.6376129388809204,0.6552302837371826
64,0.6303718686103821,0.6407731771469116,0.6460206508636475,0.6379249691963196,0.645142674446106
65,0.6088988780975342,0.6192125082015991,0.610083818435669,0.6468431353569031,0.6536632776260376
66,0.6153463125228882,0.6223694682121277,0.6170748472213745,0.6315138339996338,0.6401005983352661
67,0.6320742964744568,0.6474581956863403,0.6569809317588806,0.6310135722160339,0.6144477128982544
68,0.6188591718673706,0.606015145778656,0.6490453481674194,0.6503515243530273,0.6223994493484497
69,0.6292153000831604,0.6082791090011597,0.6315462589263916,0.6553221940994263,0.6383596658706665
70,0.6198006868362427,0.6130366325378418,0.6250767111778259,0.6235617399215698,0.6261232495307922
71,0.619899570941925,0.613154411315918,0.6452896595001221,0.6242671608924866,0.6155580282211304
72,0.6355228424072266,0.6191167831420898,0.6323970556259155,0.6518436670303345,0.6353520154953003
73,0.62505042552948,0.6041703820228577,0.6100432872772217,0.6293885707855225,0.6345349550247192
74,0.6305810213088989,0.622868001461029,0.6129703521728516,0.6409914493560791,0.6144585609436035
75,0.6377038955688477,0.6027206778526306,0.6324155330657959,0.6218491792678833,0.6299678087234497
76,0.633888840675354,0.6007121205329895,0.6305688619613647,0.632000207901001,0.6241054534912109
77,0.604680061340332,0.6266132593154907,0.6197395324707031,0.6677574515342712,0.6298683881759644
78,0.628639280796051,0.6135759949684143,0.6431356072425842,0.6259589791297913,0.6179866790771484
79,0.6221423149108887,0.5994800329208374,0.6433629393577576,0.6426008343696594,0.6181630492210388
80,0.6169479489326477,0.5936636328697205,0.6423018574714661,0.6246708631515503,0.6323479413986206
81,0.6227904558181763,0.5979164242744446,0.6218507289886475,0.6458503007888794,0.6207653880119324
82,0.6181652545928955,0.5940259695053101,0.6358644366264343,0.636243462562561,0.6418120861053467
83,0.6357920169830322,0.6249948740005493,0.6375890970230103,0.6224194765090942,0.6282303333282471
84,0.6106187105178833,0.6128805875778198,0.6501086950302124,0.6223846673965454,0.6338965892791748
85,0.6291645169258118,0.6059188842773438,0.6333380937576294,0.6303184032440186,0.6276687979698181
86,0.6156856417655945,0.60868239402771,0.6374028325080872,0.6503292322158813,0.6216499209403992
87,0.6145352125167847,0.6080631017684937,0.6283899545669556,0.6288769245147705,0.6378151178359985
88,0.6311255693435669,0.6074435710906982,0.6293033361434937,0.6307287812232971,0.638972282409668
89,0.5994436144828796,0.5985450744628906,0.6172950267791748,0.6220998764038086,0.6214135885238647
90,0.6021208763122559,0.5897698402404785,0.6366819143295288,0.6171066164970398,0.6141867637634277
91,0.6305211782455444,0.615791916847229,0.6213630437850952,0.6369530558586121,0.6197937726974487
92,0.6143249273300171,0.6144180297851562,0.6295743584632874,0.6236181259155273,0.6356003284454346
93,0.6404759287834167,0.6195379495620728,0.6331136226654053,0.619887113571167,0.650605320930481
94,0.6083207130432129,0.6109046936035156,0.6364767551422119,0.6429163813591003,0.6337882280349731
95,0.6130331754684448,0.6050471067428589,0.6174701452255249,0.6392442584037781,0.6390234231948853
96,0.6163254976272583,0.6094768047332764,0.631356954574585,0.629563570022583,0.6150604486465454
97,0.6349891424179077,0.6235532760620117,0.6239480376243591,0.6330471038818359,0.6302647590637207
98,0.6151441335678101,0.6129512190818787,0.6192330121994019,0.6387472152709961,0.6057165861129761
99,0.610522985458374,0.6031574010848999,0.6384925842285156,0.6332910656929016,0.6274250745773315
100,0.6267713904380798,0.6140713691711426,0.6315292119979858,0.6429231762886047,0.6151061058044434
101,0.6237655282020569,0.607030987739563,0.6281161308288574,0.630585253238678,0.6294007301330566
102,0.7862224578857422,0.7862844467163086,0.7857728004455566,0.7835997939109802,0.7860996127128601
103,0.7592910528182983,0.7618085145950317,0.7654091119766235,0.7644259929656982,0.766186535358429
104,0.7573714852333069,0.7455278635025024,0.75236976146698,0.7446858286857605,0.7614323496818542
105,0.7266689538955688,0.7343465089797974,0.7298822999000549,0.724602222442627,0.7411980628967285
106,0.7045331001281738,0.7013778686523438,0.72313392162323,0.7109572887420654,0.7015059590339661
107,0.7045469284057617,0.6973674893379211,0.6993858814239502,0.6967936754226685,0.6943695545196533
108,0.6896791458129883,0.6844267845153809,0.6835376024246216,0.6801393032073975,0.6895955204963684
109,0.684258222579956,0.6735700964927673,0.6836035251617432,0.6769756078720093,0.6865851879119873
110,0.6736376881599426,0.6799869537353516,0.6799852848052979,0.673321545124054,0.6828516125679016
111,0.6559238433837891,0.6548805236816406,0.6634701490402222,0.6723952293395996,0.6733154058456421
112,0.6556081771850586,0.6395701169967651,0.6467644572257996,0.6476050019264221,0.6512159109115601
113,0.6502971053123474,0.637484073638916,0.6485417485237122,0.6427254676818848,0.6473576426506042
114,0.641238808631897,0.6352180242538452,0.650794506072998,0.6338672637939453,0.6419641971588135
115,0.6298803091049194,0.6290406584739685,0.6297311782836914,0.6428793668746948,0.6444383263587952
116,0.6340274810791016,0.6254226565361023,0.6443212628364563,0.6347377300262451,0.6446099281311035
117,0.644536018371582,0.61979079246521,0.6484743356704712,0.6409727334976196,0.6443907022476196
118,0.6387580633163452,0.6259123682975769,0.6273772120475769,0.6432108879089355,0.6410109400749207
119,0.6383935213088989,0.6225494146347046,0.6326945424079895,0.6276839971542358,0.6560927629470825
120,0.6386704444885254,0.6337413787841797,0.6358822584152222,0.6335240006446838,0.6351393461227417
121,0.644322395324707,0.6204351186752319,0.6356868743896484,0.6336669921875,0.6263463497161865
122,0.6308233737945557,0.6283518075942993,0.6275026798248291,0.6309040784835815,0.6283124685287476
123,0.6196001768112183,0.6258112192153931,0.6337032914161682,0.6311824321746826,0.6425834894180298
124,0.6187779903411865,0.6171003580093384,0.6311161518096924,0.6323521137237549,0.6388604640960693
125,0.6290053129196167,0.6108744740486145,0.6241172552108765,0.6168166399002075,0.6229206919670105
126,0.6271437406539917,0.6212105751037598,0.6288474798202515,0.6223359107971191,0.6327720284461975
127,0.6308150291442871,0.612920880317688,0.634479284286499,0.6428924798965454,0.6273940801620483
128,0.6292710304260254,0.6305334568023682,0.6164424419403076,0.6192240715026855,0.6310585737228394
129,0.62774658203125,0.616060733795166,0.6297986507415771,0.6262538433074951,0.6433721780776978
130,0.6399916410446167,0.6199873685836792,0.6333951950073242,0.6223292946815491,0.6307510137557983
131,0.624866783618927,0.613666296005249,0.6352158784866333,0.6206948161125183,0.6336200833320618
132,0.633480429649353,0.6301013827323914,0.6295120120048523,0.6387860178947449,0.6415346264839172
133,0.6368745565414429,0.6153883934020996,0.6244019269943237,0.6251859664916992,0.6317723989486694
134,0.6294184923171997,0.6172928214073181,0.6285886764526367,0.6194317936897278,0.6250256299972534
135,0.6284873485565186,0.6200873851776123,0.6319634318351746,0.6346702575683594,0.6260546445846558
136,0.6227531433105469,0.6267598867416382,0.6351941227912903,0.6265779137611389,0.6386051177978516
137,0.6318086385726929,0.6215020418167114,0.6281552314758301,0.6316020488739014,0.6341975927352905
138,0.6242508888244629,0.6195124387741089,0.6382259130477905,0.6152644157409668,0.6331208944320679
139,0.6293734312057495,0.6173546314239502,0.6304047703742981,0.6173840761184692,0.6300756931304932
140,0.6377702355384827,0.6283197402954102,0.6248209476470947,0.62708580493927,0.625747799873352
141,0.6329206228256226,0.6190876364707947,0.6225528717041016,0.6360991597175598,0.6344620585441589
142,0.6302222013473511,0.6238234043121338,0.6285182237625122,0.6252163648605347,0.6371874809265137
143,0.6252288222312927,0.6159150004386902,0.6313775777816772,0.6320109367370605,0.6363934278488159
144,0.6276994347572327,0.6249289512634277,0.6364288926124573,0.6270011067390442,0.6252256035804749
145,0.6247743368148804,0.6211104989051819,0.6200424432754517,0.6421418190002441,0.6344675421714783
146,0.6276508569717407,0.6269845962524414,0.6347842216491699,0.6290605068206787,0.6224018335342407
147,0.6380324363708496,0.61960768699646,0.6281441450119019,0.6309770345687866,0.6286319494247437
148,0.6364516019821167,0.6188768148422241,0.6357473731040955,0.6252593398094177,0.6387380957603455
149,0.6282354593276978,0.6231501698493958,0.634819746017456,0.6316915154457092,0.6193288564682007
150,0.6232895851135254,0.6218699216842651,0.6130942106246948,0.6324353218078613,0.642576277256012
151,0.6221764087677002,0.6167064905166626,0.6274227499961853,0.6311452388763428,0.6269298791885376
152,0.6278494596481323,0.612781822681427,0.6256144642829895,0.6275124549865723,0.6328640580177307
153,0.7862224578857422,0.7862843871116638,0.7857727408409119,0.7835997939109802,0.7860996127128601
154,0.7708735466003418,0.7578322291374207,0.7542740702629089,0.7567561268806458,0.7650173306465149
155,0.7355189323425293,0.7379605770111084,0.7326092720031738,0.7345095276832581,0.7292161583900452
156,0.7098821997642517,0.7134855389595032,0.7097280621528625,0.7138152718544006,0.7129644751548767
157,0.6990482211112976,0.6893311142921448,0.6913848519325256,0.6894130706787109,0.6826643347740173
158,0.6821615695953369,0.6731366515159607,0.6803543567657471,0.6774716377258301,0.6888785362243652
159,0.6698881983757019,0.680300235748291,0.6617861390113831,0.6767706871032715,0.6622945666313171
160,0.6531577706336975,0.6515818238258362,0.6438508629798889,0.6481924653053284,0.6469962000846863
161,0.6256882548332214,0.6373860239982605,0.6422554850578308,0.6197333931922913,0.6362407207489014
162,0.6135115027427673,0.6233969926834106,0.607210099697113,0.6121894717216492,0.6101897358894348
163,0.5998507142066956,0.5933783650398254,0.589989960193634,0.6055516600608826,0.6193521022796631
164,0.5802541375160217,0.5935497283935547,0.5866692066192627,0.6048562526702881,0.5992167592048645
165,0.5777586102485657,0.5935575366020203,0.5823717713356018,0.5927552580833435,0.5902577042579651
166,0.5815083384513855,0.5886485576629639,0.5913919806480408,0.5931224822998047,0.5935974717140198
167,0.5876656770706177,0.5836777687072754,0.5924696922302246,0.5900264382362366,0.588722288608551
168,0.5792383551597595,0.5835520625114441,0.5802182555198669,0.5973954796791077,0.5876439213752747
169,0.57091224193573,0.5834930539131165,0.5723242163658142,0.585180938243866,0.582813024520874
170,0.5780894756317139,0.5815422534942627,0.5678292512893677,0.5813798904418945,0.5936598181724548
171,0.5696808695793152,0.5741791129112244,0.5844902396202087,0.5871190428733826,0.5798545479774475
172,0.5750650763511658,0.5856108665466309,0.5723041892051697,0.5950309634208679,0.5816968083381653
173,0.5708118677139282,0.5614116191864014,0.5623974204063416,0.5835426449775696,0.575232207775116
174,0.5705122947692871,0.573569118976593,0.5738003253936768,0.5825067758560181,0.5702948570251465
175,0.5653367638587952,0.5718957781791687,0.5732683539390564,0.5765364766120911,0.5733857154846191
176,0.5628628730773926,0.5667183995246887,0.5673767924308777,0.5761733055114746,0.579740583896637
177,0.5696895122528076,0.5701324343681335,0.5700334906578064,0.5816680788993835,0.5866898894309998
178,0.5639398694038391,0.5664618015289307,0.5732042193412781,0.5878188610076904,0.5771644115447998
179,0.5700413584709167,0.5659924745559692,0.5714415907859802,0.5918660759925842,0.5840538144111633
180,0.5705576539039612,0.5727899670600891,0.5891865491867065,0.5803780555725098,0.5588093400001526
181,0.5688707232475281,0.562207043170929,0.573319137096405,0.5813814997673035,0.5842211842536926
182,0.562265157699585,0.5770213007926941,0.5712174773216248,0.5712575316429138,0.5836727023124695
183,0.5614598989486694,0.5721645355224609,0.5720986723899841,0.5768083930015564,0.5793057084083557
184,0.564731240272522,0.5790572762489319,0.5706010460853577,0.5703096985816956,0.5754973292350769
185,0.5679754018783569,0.5697570443153381,0.5673970580101013,0.5719905495643616,0.5820202231407166
186,0.5615132451057434,0.5723978877067566,0.5661043524742126,0.5865846276283264,0.5768026113510132
187,0.5655137896537781,0.5702853798866272,0.5726407170295715,0.5823649764060974,0.5748676657676697
188,0.566674530506134,0.5738873481750488,0.5778104662895203,0.5812102556228638,0.5808126926422119
189,0.5688086152076721,0.5793054103851318,0.5635735392570496,0.5748739838600159,0.5722755789756775
190,0.569936990737915,0.5802242755889893,0.5664873719215393,0.57071852684021,0.5730282664299011
191,0.5690041184425354,0.5722827315330505,0.5630298256874084,0.5669923424720764,0.5694889426231384
192,0.5647931098937988,0.5649234652519226,0.5728344917297363,0.5806078314781189,0.5744289755821228
193,0.5761361718177795,0.570088803768158,0.5664038062095642,0.5805256366729736,0.5803015232086182
194,0.5668027997016907,0.5692729353904724,0.5705419182777405,0.5787643790245056,0.568592369556427
195,0.5685023069381714,0.5655929446220398,0.5695913434028625,0.5728334784507751,0.5743637084960938
196,0.573553740978241,0.5671959519386292,0.5679180026054382,0.5834903120994568,0.5764772891998291
197,0.5707852244377136,0.5661370158195496,0.5690385699272156,0.5884174704551697,0.5706160068511963
198,0.5504970550537109,0.5633180141448975,0.56949383020401,0.5766668915748596,0.5718682408332825
199,0.574812650680542,0.5689534544944763,0.5787161588668823,0.5720343589782715,0.5859378576278687
200,0.5586429834365845,0.5696676969528198,0.5721613168716431,0.5939960479736328,0.5793614387512207
201,0.5613632798194885,0.5720627307891846,0.5752466320991516,0.5793048739433289,0.5772924423217773
202,0.574228048324585,0.5760089755058289,0.5748304724693298,0.5741599202156067,0.5825238227844238
203,0.5634394884109497,0.5724391341209412,0.562236487865448,0.573300838470459,0.5772051215171814
204,0.7862224578857422,0.7862844467163086,0.7857727408409119,0.7835997939109802,0.7860996127128601
205,0.7870700359344482,0.7769673466682434,0.7730397582054138,0.7702564597129822,0.7472885251045227
206,0.7397444844245911,0.7436778545379639,0.7301210761070251,0.7411991953849792,0.7325165867805481
207,0.7027376294136047,0.6996391415596008,0.7029796242713928,0.704489529132843,0.7052671313285828
208,0.6850258708000183,0.6973993182182312,0.6884472966194153,0.6860291957855225,0.6892001628875732
209,0.6753026843070984,0.6837028861045837,0.6793880462646484,0.6850630640983582,0.6751570701599121
210,0.6706379055976868,0.6614503860473633,0.6676174998283386,0.6668668389320374,0.6682236790657043
211,0.6435893177986145,0.6557000875473022,0.6498375535011292,0.6525461077690125,0.6460775136947632
212,0.6265254616737366,0.6367078423500061,0.6267301440238953,0.629323422908783,0.6317729353904724
213,0.616669237613678,0.6159151792526245,0.6114065647125244,0.6115071773529053,0.6160398125648499
214,0.6020357608795166,0.5978675484657288,0.5935796499252319,0.6012423634529114,0.6011056303977966
215,0.5846859812736511,0.5926401019096375,0.5775191783905029,0.5886141657829285,0.5957865715026855
216,0.5899800658226013,0.5954079031944275,0.583188533782959,0.58428955078125,0.5935001969337463
217,0.5928521752357483,0.5799406170845032,0.5811378359794617,0.5874928832054138,0.5804121494293213
218,0.5899353623390198,0.5844557285308838,0.5783275961875916,0.592685878276825,0.5850248336791992
219,0.5818917155265808,0.5865147709846497,0.5811248421669006,0.5849567651748657,0.5861418843269348
220,0.5802742838859558,0.5795744061470032,0.5768641233444214,0.5847781300544739,0.5770430564880371
221,0.578281581401825,0.5887534022331238,0.5747600197792053,0.5846306681632996,0.5800692439079285
222,0.5761093497276306,0.5710392594337463,0.5678296685218811,0.5730428695678711,0.5723066329956055
223,0.5700444579124451,0.5763773918151855,0.5694721341133118,0.5809810757637024,0.57416170835495
224,0.5732278823852539,0.5736231207847595,0.5714760422706604,0.5713514685630798,0.5717458724975586
225,0.5749796032905579,0.5746431946754456,0.5617792010307312,0.5712184309959412,0.5753293633460999
226,0.5683295130729675,0.5786747932434082,0.5660743117332458,0.572679877281189,0.5657557845115662
227,0.574760913848877,0.5778969526290894,0.5645875930786133,0.5682397484779358,0.5772717595100403
228,0.5668824315071106,0.5770806074142456,0.5618159770965576,0.5683505535125732,0.5717287659645081
229,0.567352294921875,0.5774846076965332,0.5738937854766846,0.5753803253173828,0.5745196342468262
230,0.5764256119728088,0.5722101330757141,0.5639240145683289,0.573387861251831,0.5764909982681274
231,0.5718492865562439,0.5728592276573181,0.5677293539047241,0.5707111358642578,0.5647330284118652
232,0.5675920844078064,0.5746017098426819,0.5650039911270142,0.5765681266784668,0.5783422589302063
233,0.5695481896400452,0.573485791683197,0.5638314485549927,0.5746641159057617,0.5701488852500916
234,0.5697078704833984,0.568078875541687,0.5636573433876038,0.5670954585075378,0.5708790421485901
235,0.5710121989250183,0.5763795971870422,0.5587359070777893,0.5766856074333191,0.5696923732757568
236,0.5721971988677979,0.5689935088157654,0.5657239556312561,0.569661557674408,0.5700744986534119
237,0.5641209483146667,0.5800812244415283,0.561812162399292,0.5612879395484924,0.5704424381256104
238,0.5712013244628906,0.5792006850242615,0.5645294785499573,0.5701109170913696,0.5715059638023376
239,0.5669269561767578,0.575501024723053,0.5624622702598572,0.5671142935752869,0.5695977210998535
240,0.5688173770904541,0.5733410716056824,0.5702226758003235,0.5739964842796326,0.5751709938049316
241,0.5692417621612549,0.5736718773841858,0.5654134750366211,0.5706526637077332,0.573606014251709
242,0.5689075589179993,0.5737976431846619,0.5641745924949646,0.5722877383232117,0.5701952576637268
243,0.5711341500282288,0.5753554105758667,0.567631185054779,0.5732995867729187,0.5716550350189209
244,0.574131190776825,0.5724096298217773,0.5606792569160461,0.5743353366851807,0.5666152834892273
245,0.5743066072463989,0.5760439038276672,0.5637962818145752,0.569805920124054,0.5687649846076965
246,0.5650529265403748,0.5700828433036804,0.5625360012054443,0.5715706944465637,0.5743399262428284
247,0.5653161406517029,0.576045572757721,0.5687989592552185,0.5746466517448425,0.5773569345474243
248,0.564609706401825,0.5733616352081299,0.5702580809593201,0.5678439736366272,0.5763865113258362
249,0.5690608024597168,0.574800431728363,0.5624814629554749,0.5684618353843689,0.5784967541694641
250,0.5661556720733643,0.5729954242706299,0.5644845366477966,0.5758232474327087,0.5720390677452087
251,0.5704857707023621,0.5689104199409485,0.5641099810600281,0.5683954358100891,0.5689297318458557
252,0.5661194324493408,0.570060670375824,0.5650195479393005,0.577124297618866,0.5725889205932617
253,0.5695863366127014,0.577490508556366,0.5628616809844971,0.5719305872917175,0.5782259106636047
254,0.5672686696052551,0.5699973702430725,0.5645571351051331,0.5675925612449646,0.5712589621543884
