Epoch,Train Loss,Train Accuracy,Val Loss,Val Accuracy
0,0.0010134880359314736,0.5188029212677235,0.0016175280513396552,0.5188029212677235
1,0.014239771368414913,3.1902629637347726,0.0008286548155790911,0.47685512664207574
2,0.007188140513083423,2.506879423595088,0.000637516825447181,0.5209658253980517
3,0.011856523731709274,4.292629341868065,0.000685497317359443,0.7327974808073281
4,0.0058301198761750985,2.0154955277107964,0.0007537811543912762,0.5634311918140549
5,0.014201204978573153,4.133333333333332,0.000999831028341705,1.23623062546551
6,0.009078891717459295,3.30252428706689,0.0012901884258843307,2.7140110410542877
7,0.007631776207593817,2.037427571991485,0.0016202210482738181,3.3948072225529105
8,0.010774735883780093,4.082482904638629,0.0020844573415421223,3.338199763978356
9,0.009252387437163058,2.341889076033373,0.0026975906311379905,3.5140989962392375
10,0.009480761460478779,1.6812693617224652,0.0031770634306775665,3.966225704200512
11,0.013355262700877947,3.667272677193352,0.003569459781033361,3.5352761157437524
12,0.007443045504083532,2.1291625896895083,0.0035550478709186818,3.066213315116052
13,0.012218592406861233,3.6392917503883138,0.0035786317168588076,2.6857429028451683
14,0.014988552218383959,3.946306289852998,0.0036081859719955655,2.1613256017533313
15,0.018840808086148703,4.469153536558499,0.0031188388984007176,2.1980351809129033
16,0.0054471335668809405,2.463962481676845,0.0032094883708009532,2.577427310160103
17,0.017516062594546203,4.61206148171413,0.0035597333748810475,2.9882325307539372
18,0.013498164762827345,2.266666666666666,0.003960528511354272,3.479322794518797
19,0.012292523093920753,2.8643401411921117,0.0034059752126263942,3.965438101438042
20,0.01109446478439682,2.0933757957476797,0.0029127883949733725,4.377068535027297
21,0.012781800422561048,4.12364455845123,0.0033402353944956015,4.619678654802676
22,0.014226136066127477,2.375803957494062,0.0035865431585952747,4.844785192491647
23,0.01447546431120182,4.120409904096651,0.0029921729823801425,5.064752541717463
24,0.00512015861717302,0.8273115763993892,0.002793054290102768,5.230696287748899
25,0.011559720238975026,3.401960219246154,0.002944701749551508,5.2797024306011355
26,0.009290630414709327,2.711293254355032,0.002723421397028262,5.484727315684161
27,0.007285271835294507,1.5114378731672848,0.003031422941932562,5.546061819986049
28,0.007703131114050787,2.0066555924389875,0.0028588827973941248,5.722214732315198
29,0.00665273677790701,2.6212804335116657,0.0027861536861465926,5.832163528972459
30,0.014679658535650031,3.4344658326376667,0.0026119067700236267,5.989707359862709
31,0.01533209724853086,3.4922135609890126,0.0035493828300606806,6.0618271450281975
32,0.01986362228994343,4.692310494604741,0.002507035222988257,6.101072901979397
33,0.010054452499646599,1.7938165396098262,0.002898575352023778,6.213562098578924
34,0.006693933380673751,1.3399834161494522,0.002903558559392695,6.215635710961303
35,0.015008333654473164,3.5627704575699717,0.003097848022110919,6.244565401904472
36,0.007751212694511691,1.4696938456699067,0.0027314140834936835,6.195968868211661
37,0.004198933680487515,2.14372469210847,0.002580353692455949,6.125163483228205
38,0.014844123262243363,2.721110884261141,0.0023897090276510484,5.980719276361042
39,0.010370922060532728,1.2472191289246484,0.002277515765557523,6.031683769431115
40,0.01452267813116824,4.33282048247251,0.002421634595399808,6.0214779526082225
41,0.007961172837243959,2.7292652653944955,0.0023565331421600325,5.924392981500545
42,0.006963455029443128,2.6716619879351837,0.0025836778491989255,5.804416487018443
43,0.01578807354331557,3.06521704868604,0.00337714461153932,5.65169868228777
44,0.011884905360272,3.3492951165547926,0.0032676204051147457,5.53218348474086
45,0.009565232912108987,2.638181191654586,0.0029492544757820822,5.3284789450904135
46,0.01588821678168575,3.1226769143014295,0.0035359131040536393,5.160028428989375
47,0.011623907889419449,1.6465452046971305,0.002985111454270669,4.990752581259319
48,0.016147810005695054,4.186751591495357,0.0033071510467542753,4.829852711702877
49,0.010875579507673126,1.7688665548562146,0.0028774732849613017,4.652932710629642
50,0.0120466641215177,3.0228757463345675,0.0029162364925801633,4.524251304728772
51,0.0010134821103314209,0.5188029212677235,0.001401306284076947,0.5188029212677235
52,0.009088075010796438,1.2046207333061767,0.000391218667558087,0.807912304045724
53,0.015239872510961972,1.330830985178475,0.0004098217669112833,0.948022685578829
54,0.005194607453397824,1.7981471945681562,0.0007298446994049692,2.2663606857869363
55,0.009093661235477031,2.5508168626278653,0.001007838187379402,2.8396842261668866
56,0.014378007886537099,1.5202339001321834,0.0012914655456962164,3.585945336069735
57,0.00867440726911759,1.6699966733167124,0.002063489714715921,4.010462892500376
58,0.006835833756738164,1.9177533151523367,0.0025730552060295076,2.316823808289893
59,0.010276164765336323,1.107549848389075,0.0027866088797008455,5.485117809562273
60,0.009700823777412444,1.2849556844930896,0.004111943007938537,6.450176143322137
61,0.009064270414844573,1.7307673314329557,0.005445611281504568,5.1997578276770415
62,0.01186588866837797,2.396757068299673,0.004704165925983554,4.931444402687379
63,0.01613923555104325,1.147945023848168,0.006172484096545114,4.661333602184289
64,0.005661959334671054,1.9160143817599904,0.006579501028605636,4.612509985609403
65,0.01884883466512121,2.1535500406950776,0.0062781281797435196,4.954640486898709
66,0.009305747584484571,1.1953614051360753,0.006819438131721871,5.066880636470384
67,0.01466619610011232,1.419702629269792,0.006544481365222095,5.2652813713257025
68,0.01750344283716129,1.7713773674115223,0.006293063359494356,5.248083638936374
69,0.01518900102208286,1.5965240019770723,0.006255892494087441,4.906989417295397
70,0.0047525227745595965,1.477986618493027,0.006199756508325647,4.715139308338993
71,0.011474820611914268,2.0127372185934074,0.005828453799880555,4.451410637423852
72,0.010421520447544423,1.4360439485692036,0.005516945697238123,4.179576752122575
73,0.011598256122984579,1.2247448713915876,0.005233417814916659,3.8590560135842757
74,0.010443121023923035,1.130388330520878,0.004352536296228789,3.7006894596393463
75,0.012225633452543575,1.0677078252031331,0.005703682871543136,3.4449105456479714
76,0.012222549015361054,2.042329824272051,0.00438803063248898,3.3154089029101166
77,0.020895593541065308,1.4966629547095744,0.004412995513432736,3.0724878051730973
78,0.010188883783703253,2.4801433650317692,0.003667459608123728,2.923336525898809
79,0.01645025009376636,2.5832795693330097,0.0044877570364665696,2.8520208253072528
80,0.016461171415817058,0.8259674462242588,0.004310113047055825,2.701116864541622
81,0.015171619222526168,2.6616619703569513,0.002958569900852139,2.692088670628487
82,0.017509740291747396,1.813529401164723,0.003122857285054802,2.618715597171304
83,0.005943052804474888,0.5436502143433377,0.0022439435690204718,2.572269982621317
84,0.014596962173356553,1.6103829772241554,0.0033292231417775967,2.5160193077969764
85,0.009858671276039224,1.1175369742826795,0.0037330916996523014,2.4360917915092997
86,0.015128332673887693,1.9246933377669413,0.0038797869267608,2.321441544705592
87,0.010736892574353769,1.6546231527987798,0.003654136807256909,2.321833628808344
88,0.010589563967868483,1.1785113019775761,0.002705561065930575,2.3069649552743066
89,0.010555273037190909,1.0241527663824792,0.003386729341997052,2.2863938774444628
90,0.01569604956633293,1.2710450643291749,0.0029140432372160414,2.236505155617017
91,0.007725456735300793,2.3650229033422336,0.003714855707631828,2.149749694380564
92,0.008366523992015871,1.9160143817599884,0.0034374323661964935,2.1517911715796374
93,0.011988689863708258,1.5107025591499572,0.0035059451333360166,2.0744632766730224
94,0.014112758805561799,2.3299976156401727,0.0035616651904471263,2.1312465329888766
95,0.013946826951623097,0.7102425250887521,0.0035457678576000426,2.1039714408932615
96,0.008584230289224393,0.9043106644167017,0.0024045233729905182,2.1293194784000216
97,0.00466709491121868,2.4037008503093253,0.0040293126001426476,2.117248294671578
98,0.01109822785115866,2.681210340292028,0.003398904534949329,2.181276077667923
99,0.013520509881858074,1.5542057635833013,0.003004948658408361,2.153233974575842
100,0.01075637566758043,1.667999467092909,0.00342110574681771,2.185118528826351
101,0.008686031662319207,1.0219806477837254,0.004035915156470745,2.1806049988799256
102,0.0010135216936920596,0.5188029212677235,0.0009880979913782927,0.5188029212677235
103,0.0025403663624878857,0.6308919807368171,0.00050364862097865,0.7113918895787424
104,0.006526247568329633,1.3173111409136828,0.0002496036243887688,0.6290491627162862
105,0.0059255667621456705,1.8297945644656792,0.00039345538733836886,1.3714917594435856
106,0.008189881935944623,1.66206772900579,0.0007873870596695814,2.560481635007491
107,0.0034235819501098005,1.2812031382577405,0.0010845925716151388,3.2732298913956073
108,0.003687152132867999,1.2629575323006939,0.0012453117234202634,0.993437949650918
109,0.004898731855354622,1.7089452381982575,0.0013592700653837517,3.4179146400210136
110,0.0038035714678078996,1.3090379088909454,0.0011275306704483102,5.171875761963956
111,0.007822103472684661,1.444273494157503,0.0019078212925013795,4.333237588414577
112,0.005307642100360029,1.0717471601588875,0.001685679785445768,3.3703289192579047
113,0.004635278719374887,1.268030454905519,0.0015979405126503898,3.0132441240900207
114,0.006008179308511757,0.6245986365580077,0.002553113595750446,2.8901352878724085
115,0.00693489405528321,1.2715306223039946,0.0020143538900385233,2.6711224990046265
116,0.007194343937122759,0.8748897637790874,0.0020754654478342504,2.7296835177035224
117,0.010201496183702098,1.0460979818613168,0.0019925690374285095,2.743861822217465
118,0.007183909175398454,1.3727506854649338,0.0011111766460540071,2.5260373348334166
119,0.011568154861001486,1.5186088500684365,0.001333930865629095,2.407689020813395
120,0.0018582979431050158,0.7013215039137568,0.0015931723177947967,2.3794047892401746
121,0.008171678780274595,1.3041245112107762,0.0020706898949157215,2.4875318004758897
122,0.0014089027132561634,0.9226906440900796,0.0013435177492090065,2.472064176836092
123,0.007713615808825333,0.8982836858403431,0.001846865972749541,2.3211954973363103
124,0.008364277854608472,1.2432533982843867,0.0015482204407088374,2.0860462678531198
125,0.006280092170162016,0.7869302759833711,0.0010848672433429083,1.9781790610145231
126,0.0042561442367681,0.9178611745805947,0.0012375989731907005,1.8436115734054446
127,0.009848680085186872,1.5062011735849377,0.0012097263754004793,1.7612423978243181
128,0.006191807345588031,1.699091986988026,0.0020218745416335877,1.6450208050527317
129,0.0087533903773141,1.7632741711002087,0.001403427214244518,1.5829370419105508
130,0.007328064874375509,1.7421428553350804,0.001956763929231763,1.5519528819831132
131,0.008047332060145837,1.1661903789690593,0.002204140482274497,1.531997346738917
132,0.0047530211517378546,1.0763449811833181,0.0021394540823537066,1.47773523791148
133,0.007277000412286112,1.024152766382484,0.0019703519830438164,1.4817639082183587
134,0.00484377768751786,0.6501661705923494,0.001656091219275896,1.495743009487528
135,0.005030177920533555,0.9253627917180917,0.00299727771886481,1.50145988287792
136,0.005928751842057423,1.133986739748716,0.0018000554333394425,1.4612774556130006
137,0.0044177040073959195,1.4149117670872564,0.0013099823071315996,1.3951936428519702
138,0.008491791797358244,1.0990456016780665,0.003103351924826091,1.367151234148263
139,0.006172873993745722,1.5469603807961887,0.0020606763996837973,1.3235294803008928
140,0.004664117704082064,0.8709296863229051,0.002838186911098621,1.2933140027433976
141,0.006861790665803442,0.9762614505106119,0.0013702396596916144,1.2832695273313237
142,0.004687719215232706,1.2850517595378619,0.0021109418852777746,1.2852152660300133
143,0.00709225646286076,0.6028737762778046,0.0021603494218017058,1.2758906262785206
144,0.004217422155612525,1.6561147452343743,0.002246311065950779,1.2546888386073103
145,0.008505599038887847,1.3184352865947866,0.0022009611115556093,1.2931759888913223
146,0.00398715842003503,1.5972198067614598,0.002642265312334463,1.299797855380106
147,0.005908403092832396,1.5421645842575535,0.0029177231816287777,1.2785457941428424
148,0.007642792250950175,0.7076303701373622,0.0020988190817035207,1.2801501940639781
149,0.00561002584559195,1.3003323411846914,0.002881042965189091,1.268623572721803
150,0.010050046479876243,1.7511900715418276,0.002420430775634862,1.2833112526629258
151,0.004980690499416947,0.9594236953299068,0.003178533847021113,1.2704793553486795
152,0.006714318088121664,1.8330302779823353,0.0028694031836110348,1.2577152195743906
153,0.001013511512941723,0.5188029212677235,0.0011303923181156356,0.5188029212677235
154,0.006113870431763219,1.70342791648683,0.0003432130596965881,0.6335163754618287
155,0.002934802365594724,0.37490739597339917,0.0008749843052205696,3.0335285626787414
156,0.0017930940847599361,1.0184410744968138,0.0014923393682426181,4.4956179804739556
157,0.005248117867962365,0.9910712498212355,0.0017104537156267655,4.011219406455257
158,0.005221538519378921,1.607793519081354,0.001439694051382255,5.494513821348536
159,0.0074642417924342345,0.9374907406950159,0.0011102593501823076,5.065094365544475
160,0.003311667288015529,0.5441609239104818,0.003234470960888783,2.1358894399503314
161,0.00827206976393809,1.1792181967539168,0.002167531280279804,1.3336856176125444
162,0.0054770045697815585,1.2411911841273933,0.003428235168021799,1.2803593154004451
163,0.010355655875311315,2.1624317587177426,0.005441651895332412,1.4431982893607822
164,0.00874088978441066,1.2501111061732784,0.004312956674267187,1.3188010784712472
165,0.006212601791829238,0.3763863263545417,0.003404383074751321,1.4162328444996515
166,0.004426389757817568,0.7483314773547918,0.004141446664292871,1.3544020349861685
167,0.0029012799332798884,0.7253351715662983,0.004529292305586474,1.3460609102349184
168,0.006586930087708005,0.9695359714832644,0.005544543132429102,1.3888467209965705
169,0.006048029620573409,0.6289320754704437,0.004238878489271328,1.266046283428629
170,0.008263169057828264,0.6819090848492934,0.0021749531068576133,1.0836646019575764
171,0.00643207608267398,0.7272474743090492,0.00466434296504732,1.0023097044242137
172,0.008062519941444154,1.3021349989749735,0.0029994638474562605,0.9069954243818777
173,0.008254594170236962,1.0606601717798236,0.004447816007883484,0.8567407364739342
174,0.004435978734078466,0.6964194138592081,0.003945728476224359,0.8272760472699131
175,0.003700873586840044,0.5700877125495669,0.002965773765692501,0.8104929715670441
176,0.006323412867475611,0.7666666666666694,0.004871105359578212,0.7257488341023982
177,0.007149997011682584,1.2545472844372545,0.003995354903810903,0.663031173556545
178,0.00847632300383327,1.7066861978049113,0.0037889346770805287,0.6724666751523971
179,0.009702842173234716,1.0962055768270231,0.0035127253309108738,0.6367481210180187
180,0.0101468043143624,0.5233439489369198,0.0031712127285220735,0.6798315471973235
181,0.008059851504809304,1.3256025883432117,0.004792645761782744,0.6526668582273981
182,0.007092110494448739,1.6440127060876915,0.003891919048687027,0.5773559883686182
183,0.006114727959771663,0.9174239296348587,0.00422202050466153,0.639237995975835
184,0.004892397963967246,0.45030853620354494,0.0040881302201106265,0.6049816730406439
185,0.005341768462752101,0.7090682462060893,0.004156359884922862,0.5586592308397473
186,0.008698847451787988,1.6150335393834194,0.0036513822897948282,0.5522324757386011
187,0.005561332421010316,0.5071708018234315,0.004872140341750603,0.6296163847997148
188,0.0053848489296454225,1.3055437351710724,0.0036134552801077814,0.6298147918406156
189,0.005340870173218995,0.924962461700774,0.003234447820256647,0.6955341149896673
190,0.0045815284917476344,0.43011626335213227,0.002646921548117514,0.5698882544627708
191,0.0030710796630052137,0.7295356209413095,0.003014556606917659,0.5958854742596917
192,0.006025678388278504,1.1370038600540395,0.0039806162978120495,0.6712446353855233
193,0.005611902854865247,1.0559356040971437,0.00423562288549286,0.7048637173797753
194,0.0041636757100233296,1.0762589527308628,0.0032452582732776145,0.6893478007392038
195,0.003122388819582245,0.8422852512328876,0.004263269274594238,0.6190386486039804
196,0.005988579330944151,0.6424778422465447,0.004358357769511948,0.6155689978387493
197,0.007887718591798208,1.233783701554782,0.0049615505578414956,0.6710052803305253
198,0.009025297062285406,0.9294562329065754,0.00397834890069379,0.6916999570280583
199,0.005880257364624295,0.5254627590144818,0.005017363725412451,0.6574894846628009
200,0.011693087989024896,1.0241527663824819,0.0051398426185452475,0.6973537139708141
201,0.006316660619023999,1.1754431788336959,0.0040963548919140625,0.6806187235934764
202,0.003157229084599095,0.998610145263014,0.0032733794873706108,0.6876887181876025
203,0.0058598776359599,1.453539740694342,0.003288030232687141,0.6757498613648392
204,0.0010135196123735707,0.5188029212677235,0.0012427060321556409,0.5188029212677235
205,0.013120779175023951,3.18289874869504,0.000812745855421371,0.6340514519562168
206,0.005218409172545434,2.020780927155527,0.002703806464332428,4.124656968290119
207,0.0019349753554720331,0.8352245207128456,0.005281683774810022,4.345084092904849
208,0.00436510391952942,0.5821034654118171,0.007716564954796886,4.241567737420612
209,0.004119584391715815,1.610852086457489,0.00707991577862045,6.080002309604823
210,0.003030534690728119,0.6316116950574407,0.004917596862572419,7.281199375553894
211,0.004346741745207542,1.5449415666763728,0.0025104659283211707,7.618941483047749
212,0.003771894543548187,1.0194551921928119,0.0018593437017515955,7.112556397404781
213,0.0023418187967051683,1.4434526509572616,0.0032969383595316815,5.378256802979672
214,0.0031369495417450117,1.626994502483371,0.0023863976470663755,4.483209814153223
215,0.00637581491719865,2.0257892837662608,0.003224605266791072,4.276685509106323
216,0.004855134769469902,1.8645702513507574,0.0027141186422073482,3.9674360572777885
217,0.005048377036838999,0.6979334575094591,0.002341387477572408,3.457013159671048
218,0.004946770104897596,1.614159568044965,0.002830542728831508,3.0958159672798335
219,0.002211748749731566,0.6816972283287579,0.0036848953184728246,2.543058122760311
220,0.0028717344821635885,1.0905656024895196,0.0025183288446268435,2.3652452567787163
221,0.004899867401729558,1.2834675254516168,0.003628791482236821,2.1990499766079927
222,0.002696722270037028,1.1441833574893279,0.004768026377133144,1.9616980632116163
223,0.004250799110458404,0.6871519320920091,0.0033790799719288223,1.7332011197965702
224,0.000948277002485732,1.4465284112123193,0.004425016937919404,1.441961021644783
225,0.005122188718884264,0.7072953178599917,0.004253617537320169,1.3414917652680909
226,0.0048618945159945,0.24073960113690274,0.005339048409056428,1.2844651160005272
227,0.00524883297107854,1.4375287436739783,0.007162348150769315,1.1648843555795334
228,0.005081556730906751,1.6353864646892777,0.005781103420055473,1.1941498397369288
229,0.0034101626851256784,1.054598396441876,0.005984379598014268,1.107772875506152
230,0.004599077941842621,1.589968553148145,0.006067913606547672,1.1235471189013688
231,0.002969862751894605,1.2947758278730888,0.008032211138339665,1.1208273357864238
232,0.005202805143981832,1.0048769963422257,0.004835238406900308,1.113397837412928
233,0.0037846696300349978,1.4815007406155585,0.005451303891195074,1.145524787838268
234,0.0024827879851351425,1.5506844366995538,0.00784188193568635,1.1261652442109764
235,0.006513676179955147,1.601887775234097,0.0062732633029260665,1.1233882485340738
236,0.002097704473310397,1.2947758278730903,0.007858949730817901,1.1140549031752949
237,0.007061053117131007,1.703643155123749,0.006141863508947727,1.1053211197254855
238,0.004684578801994446,1.1352924243950915,0.005731033613311625,1.1136382722978102
239,0.00426396489291197,0.9906226997870211,0.0058580961302157585,1.1021192054667004
240,0.002393656623061609,1.7258299130820764,0.005648578015421655,1.1086264891192246
241,0.003071998159819718,1.1412274094149684,0.006573230361021918,1.1145354375838494
242,0.0033088233225207356,1.040170926124911,0.006198601867460437,1.1039800336510837
243,0.0025585917173365754,0.9770704512299375,0.006849663982720423,1.1008228610824413
244,0.005278853765597259,0.8934328302800527,0.007110609532712178,1.0977541669843378
245,0.004327759529440005,0.7488064577119432,0.0058446127377763755,1.0891846538390768
246,0.004318716904638893,1.902793268387876,0.00886943493375161,1.0996061502321917
247,0.004605475141892263,1.3181805642627282,0.005542419682408651,1.109189836070313
248,0.00411456461148153,1.9894834617167492,0.006683674577194914,1.109189836070313
249,0.005528756082839268,1.3203366574055604,0.005629777313818496,1.0952962805927084
250,0.004284646962034599,1.5632444893020847,0.0065473604404584435,1.087987738255677
251,0.0021458198230969367,1.4382705664172601,0.004502878721094072,1.1052888235306577
252,0.004408148105165384,1.519298083546037,0.007061782208306076,1.0868880392658204
253,0.005625749823495892,1.2010365893214463,0.005745189042192618,1.1029286469641049
254,0.002326948551553272,1.6129476122924757,0.005871231057366253,1.1052888235306577
