Epoch,Train Loss,Train Accuracy,Val Loss,Val Accuracy
0,0.6938302755355835,48.81284326151247,0.6938006520271301,48.85931558935361
1,0.7634177684783936,50.86666666666666,0.8238870024681091,45.086607520067595
2,1.288625967502594,57.53333333333334,0.7155439019203186,58.20870299957753
3,1.0587571382522583,53.533333333333324,7.364596557617188,51.128010139416986
4,0.562700617313385,72.46666666666667,19.111885261535644,48.132657372201095
5,0.47992809414863585,78.99999999999999,25.08970727920532,47.01732150401352
6,0.4250211179256439,81.86666666666666,25.914533805847167,45.98225602027883
7,0.38136287927627566,84.66666666666666,23.89165606498718,47.19898605830165
8,0.34340759217739103,86.26666666666668,19.60515365600586,50.37600337980566
9,0.32594394087791445,86.8,13.917793202400208,57.38487536966625
10,0.3326861560344696,86.6,10.011642408370971,62.792564427545415
11,0.2701033979654312,89.4,4.470178556442261,71.2716518800169
12,0.2619090467691422,89.8,2.32451092004776,74.05576679340939
13,0.2501859784126282,90.46666666666667,1.3786888480186463,75.53020701309674
14,0.24118172228336335,91.4,0.9651683092117309,76.5694972539079
15,0.2302239179611206,92.26666666666667,0.7509833216667176,77.8411491339248
16,0.22028379738330842,92.93333333333334,0.6142051637172699,79.0325306294888
17,0.21061434149742125,93.46666666666667,0.5367791771888732,80.21968736797635
18,0.20293365120887757,93.0,0.4706388771533966,81.37727080692859
19,0.19908810257911683,93.4,0.42097113132476804,82.89818335445713
20,0.19362510442733766,94.0,0.3898352086544037,84.17828474862696
21,0.18715626001358032,94.73333333333333,0.36478917598724364,84.93451626531473
22,0.18428390324115754,94.4,0.3511238098144531,85.68229826784959
23,0.1843768149614334,94.86666666666667,0.3384430825710297,86.22306717363752
24,0.1864307254552841,94.73333333333332,0.328863263130188,86.83143219264893
25,0.18285488188266755,94.6,0.324456650018692,87.3257287705957
26,0.1826781302690506,94.93333333333334,0.3150563299655914,87.82002534854244
27,0.17763372361660004,95.33333333333334,0.3076743960380554,88.12843261512462
28,0.1803193897008896,95.2,0.3012199103832245,88.43683988170679
29,0.1781849592924118,95.26666666666668,0.29516211450099944,88.71144909167722
30,0.17454377710819244,95.2,0.2957498550415039,88.89311364596536
31,0.17316654324531555,95.4,0.2902922749519348,89.05787917194762
32,0.17577020227909088,94.86666666666666,0.2829651653766632,89.22264469792987
33,0.17474327385425567,95.66666666666667,0.28129133582115173,89.41698352344741
34,0.17492213547229768,95.2,0.2809237062931061,89.57752429235317
35,0.1745661586523056,95.4,0.27926563620567324,89.72116603295311
36,0.17360243201255798,95.2,0.2763709664344788,89.79721166032952
37,0.17561194896697999,95.66666666666666,0.27584807872772216,89.84790874524715
38,0.17373184561729432,95.33333333333334,0.2709029793739319,89.89860583016477
39,0.17403582334518433,95.46666666666667,0.27381567358970643,89.99155048584706
40,0.17508909106254578,95.4,0.2717790812253952,90.01689902830587
41,0.1744457483291626,95.53333333333333,0.2710778474807739,90.0929446556823
42,0.17239051163196564,95.4,0.27267293632030487,90.1309674693705
43,0.17369677126407623,95.13333333333334,0.2671887159347534,90.14786649767639
44,0.17160257399082185,95.46666666666667,0.27082735300064087,90.16476552598226
45,0.17410686910152434,95.4,0.26819759905338286,90.198563582594
46,0.17600553333759308,95.53333333333333,0.2704009205102921,90.20278833967048
47,0.17529191970825195,95.33333333333334,0.26847352385520934,90.20701309674693
48,0.17519257664680482,95.26666666666667,0.2680220067501068,90.23658639628222
49,0.1736613243818283,95.66666666666667,0.2690701484680176,90.2492606675116
50,0.17245143353939058,95.6,0.2688456058502197,90.21968736797635
51,0.5522078692913055,88.83333333333334,1.0097351908683776,73.00802703844529
52,0.4039049088954926,82.86666666666666,0.8531769156455994,67.97634136037178
53,0.3837688028812408,83.53333333333333,0.9107536673545837,62.88128432615124
54,0.3061342179775238,86.9,0.8922247290611267,58.386142796789194
55,0.2868679046630859,89.03333333333333,0.6844941794872283,69.1930713983946
56,0.26376373171806333,89.43333333333332,0.6060749650001526,72.97845373891002
57,0.2507955104112625,90.36666666666667,0.5299302339553833,72.89818335445712
58,0.23125970661640166,91.16666666666667,0.5889420747756958,68.08618504435995
59,0.22374945282936096,91.2,0.5311647653579712,75.53865652724969
60,0.18912072479724884,92.6,0.500161224603653,74.36839881706803
61,0.20132771730422974,92.03333333333333,0.44566269516944884,78.32699619771863
62,0.17364865243434907,92.43333333333332,0.4051091134548187,82.54330376003381
63,0.18045217990875245,93.63333333333334,0.3682964324951172,85.39079002957331
64,0.16428618133068085,93.4,0.34417524933815,86.97507393324885
65,0.15784669816493987,94.16666666666666,0.3259540259838104,87.9045204900718
66,0.15381238758563995,94.39999999999999,0.30617583990097047,89.02830587241233
67,0.13801803141832353,95.0,0.2800325840711594,90.15209125475285
68,0.1269198626279831,95.03333333333333,0.2601631283760071,91.22095479509929
69,0.1365235298871994,95.23333333333335,0.24704022705554962,91.58428390367554
70,0.12979395389556886,95.63333333333333,0.24088039100170136,91.8800168990283
71,0.12578663378953933,95.63333333333334,0.22745521366596222,91.94338825517532
72,0.13402227014303209,95.66666666666667,0.21903657615184785,92.03633291085762
73,0.12636511772871017,95.76666666666668,0.21263658106327057,92.10392902408111
74,0.12041934877634049,95.76666666666667,0.20955116152763367,92.17574989438108
75,0.12415774762630463,95.83333333333333,0.20745495557785035,92.13350232361638
76,0.11792414039373397,95.96666666666667,0.20270256996154784,92.1715251373046
77,0.10625826120376587,96.13333333333334,0.20243053436279296,92.18842416561047
78,0.12170602828264236,96.20000000000002,0.20524634420871735,92.23067173637517
79,0.1107009619474411,96.1,0.2038063198328018,92.19687367976341
80,0.11117832362651825,96.13333333333334,0.20266219675540925,92.26446979298692
81,0.11554157137870788,96.46666666666667,0.19837009608745576,92.25602027883397
82,0.11100185364484787,96.2,0.20212749540805816,92.29826784959866
83,0.11203483641147613,96.3,0.2011205345392227,92.29826784959866
84,0.09943968504667282,96.43333333333332,0.20219678282737732,92.34896493451626
85,0.11732634752988816,96.2,0.20179080963134766,92.32361639205746
86,0.10907515287399291,96.33333333333334,0.1984694093465805,92.42501056189269
87,0.12240690141916274,96.3,0.20035508275032043,92.39966201943386
88,0.11500368565320969,96.23333333333332,0.2060017317533493,92.42078580481623
89,0.11688014268875122,96.26666666666668,0.20042881965637208,92.41656104773975
90,0.10722316652536393,96.53333333333333,0.20230984985828399,92.43346007604563
91,0.12145026475191116,96.06666666666668,0.20400187075138093,92.45880861850443
92,0.11259025633335114,96.46666666666667,0.2028317630290985,92.46725813265736
93,0.1010646641254425,96.36666666666667,0.20133103728294371,92.44190959019856
94,0.11096824407577514,96.36666666666666,0.20368557274341584,92.44190959019856
95,0.11983804851770401,96.23333333333332,0.2048897087574005,92.41656104773976
96,0.11733221858739853,96.20000000000002,0.2035424917936325,92.42501056189269
97,0.09862026274204254,96.36666666666666,0.20576100647449494,92.40388677651035
98,0.1089556559920311,96.46666666666665,0.20614419579505922,92.39966201943388
99,0.11152364313602448,96.16666666666667,0.20587781369686126,92.42078580481623
100,0.10358118861913682,96.36666666666667,0.2050069808959961,92.4376848331221
101,0.5845944702625274,80.64444444444443,1.7389467716217042,51.212505280946345
102,0.8208701848983765,59.46666666666666,16.20465269088745,48.15378115758344
103,0.4619805872440338,79.88888888888889,24.61279125213623,55.483734685255605
104,0.37325761318206785,84.75555555555555,17.468646812438966,64.36417405999154
105,0.31987127661705017,87.37777777777778,9.5323566198349,65.297845373891
106,0.2758087575435638,89.06666666666666,4.001982033252716,68.62272919307141
107,0.2391834080219269,91.11111111111111,3.1638831377029417,65.16265314744402
108,0.21268835365772248,92.06666666666668,2.6263774275779723,67.31727925644276
109,0.1934502065181732,93.11111111111111,1.3676173329353332,69.86058301647655
110,0.17951043248176574,93.2,0.6605513989925385,76.90325306294888
111,0.1593460649251938,94.53333333333333,0.4511500120162964,81.67722855935784
112,0.15158603191375733,94.55555555555554,0.37208619713783264,84.59231094212082
113,0.14390689879655838,95.08888888888887,0.322377422451973,86.73848753696663
114,0.1431813970208168,95.13333333333333,0.28662640452384947,88.73257287705955
115,0.1369576096534729,95.02222222222221,0.2629616171121597,90.34643008027038
116,0.13303304314613343,95.57777777777778,0.24618412554264069,91.03929024081116
117,0.13231472671031952,95.71111111111111,0.24165214002132415,91.15758343895226
118,0.12575588673353194,95.86666666666667,0.2455187439918518,91.00971694127588
119,0.12329567074775696,95.73333333333332,0.24852775335311889,90.76468103084073
120,0.11488252431154251,96.22222222222223,0.2575076580047607,90.48584706379383
121,0.11140158921480178,96.28888888888888,0.2344333380460739,91.25897760878749
122,0.11162066012620926,96.4,0.22097142934799194,91.73637515842839
123,0.11100321561098099,96.26666666666668,0.21247778534889222,92.02788339670468
124,0.11032545417547227,96.42222222222222,0.20042955577373506,92.33629066328686
125,0.11018273830413819,96.55555555555556,0.1981785476207733,92.55597803126321
126,0.10898444056510925,96.5111111111111,0.1916894257068634,92.65737220109844
127,0.10868701338768005,96.42222222222222,0.19047549664974212,92.72074355724547
128,0.1062812089920044,96.33333333333334,0.18575576543807984,92.80523869877483
129,0.10724558681249619,96.51111111111109,0.18559082746505737,92.8728348119983
130,0.10549926906824111,96.55555555555556,0.1838271677494049,92.9404309252218
131,0.10686219930648803,96.77777777777779,0.18249622881412506,92.9657794676806
132,0.10520943701267242,96.64444444444443,0.18356560170650482,92.96577946768062
133,0.10537596195936202,96.73333333333333,0.18505325615406037,93.0207013096747
134,0.10268320143222809,96.80000000000001,0.18457368314266204,93.06294888043936
135,0.10629928857088089,96.75555555555555,0.18384028375148773,93.10942120828054
136,0.10771179646253586,96.57777777777777,0.1819148600101471,93.10519645120405
137,0.10580815225839615,96.57777777777777,0.18428242206573486,93.10942120828051
138,0.10516418069601059,96.73333333333332,0.1803806722164154,93.113645965357
139,0.1045019268989563,96.6888888888889,0.18325358629226685,93.10519645120407
140,0.10482363849878311,96.53333333333333,0.1828402668237686,93.09252217997464
141,0.10383557379245759,96.86666666666667,0.1825845032930374,93.1263202365864
142,0.10632560551166534,96.68888888888888,0.1846417009830475,93.12209547950992
143,0.104887455701828,96.5111111111111,0.1826253890991211,93.11787072243347
144,0.10423257946968079,96.66666666666667,0.1806873857975006,93.10942120828054
145,0.10402789860963821,96.73333333333333,0.18093772530555724,93.10942120828051
146,0.10504965484142303,96.57777777777777,0.18289959132671357,93.10942120828051
147,0.10598595440387726,96.93333333333332,0.18389808535575866,93.09674693705112
148,0.10600100308656693,96.62222222222222,0.1829911470413208,93.10519645120405
149,0.10531277507543564,96.8,0.17898039817810057,93.10519645120405
150,0.10244468450546265,96.73333333333333,0.18120005428791047,93.12209547950992
151,0.5267407417297363,81.85,22.236269569396974,54.385297845373884
152,0.358348149061203,85.08333333333334,9.475682866573333,57.08491761723701
153,0.26771160662174226,90.1,1.0126125633716583,78.4621884241656
154,0.21385667026042937,92.4,0.5156884372234345,81.74904942965779
155,0.18657047748565675,92.91666666666666,0.38420661687850954,84.60920997042669
156,0.18901186883449556,92.78333333333333,0.5156421899795532,76.51035065483735
157,0.18040773272514343,93.23333333333332,0.5143949806690216,76.91592733417829
158,0.15999147593975066,94.15,0.49721468687057496,76.41740599915506
159,0.16845158636569976,93.85,0.516693526506424,76.72581326573723
160,0.15511643439531325,94.4,0.6205719947814942,68.96493451626532
161,0.14217524081468583,94.74999999999999,0.4946070373058319,75.01478664976764
162,0.12598496079444885,95.56666666666668,0.3774649739265442,82.16307562315167
163,0.11756007671356201,95.60000000000001,0.32555449604988096,86.40050697084918
164,0.11906284242868423,95.8,0.3155334651470184,86.52302492606675
165,0.10986980199813842,96.26666666666667,0.3060779064893723,87.03844528939587
166,0.09883383512496949,96.48333333333333,0.2958866596221924,88.4621884241656
167,0.10278772264719009,96.74999999999999,0.28860852122306824,88.75369666244191
168,0.09076191782951355,96.89999999999999,0.2974563479423523,88.00168990283059
169,0.0864804744720459,97.25,0.30001949667930605,87.27503168567807
170,0.0760757364332676,97.31666666666666,0.3347511887550354,85.55978031263201
171,0.07780304774641991,97.35,0.2579843133687973,90.04224757076467
172,0.07684517353773117,97.46666666666667,0.2052336722612381,92.31094212082806
173,0.06939060389995574,97.85,0.1791184812784195,93.49387410223912
174,0.07245094329118729,97.65,0.16457914113998412,93.85720321081537
175,0.06654167920351028,97.83333333333334,0.16126238703727722,93.96704689480354
176,0.0677645742893219,97.85000000000001,0.16009126603603363,93.99239543726237
177,0.06622524559497833,98.11666666666666,0.16008222699165345,94.00506970849176
178,0.0693721778690815,98.11666666666666,0.1601512610912323,93.97972116603296
179,0.06397168636322022,98.21666666666667,0.1609369248151779,94.0261934938741
180,0.06059234663844108,98.43333333333332,0.1598750740289688,94.11068863540348
181,0.06067735254764557,98.33333333333334,0.15875712633132935,94.20785804816224
182,0.06070491448044777,98.3,0.15779751539230347,94.16138572032108
183,0.06441591084003448,98.23333333333333,0.15518690645694733,94.14026193493875
184,0.057699153944849965,98.38333333333333,0.15689970552921295,94.13603717786228
185,0.05817490629851818,98.26666666666667,0.16255734264850616,94.12758766370933
186,0.06153358742594719,98.4,0.1563489705324173,94.11068863540348
187,0.05782157406210899,98.41666666666667,0.1592063009738922,94.1022391212505
188,0.05717091374099255,98.35000000000001,0.16290565431118012,94.10223912125052
189,0.060393133014440534,98.4,0.16374237835407257,94.11068863540348
190,0.06003654301166535,98.51666666666667,0.15942924916744233,94.12336290663288
191,0.059883029013872144,98.4,0.15867850184440613,94.14448669201522
192,0.06092727556824684,98.41666666666666,0.16069637537002562,94.14026193493875
193,0.059440044686198235,98.29999999999998,0.1620643585920334,94.15293620616815
194,0.0579762414097786,98.38333333333334,0.1617193877696991,94.14026193493874
195,0.0633625753223896,98.21666666666667,0.1613418310880661,94.14871144909168
196,0.05913658067584038,98.46666666666667,0.1601296991109848,94.15293620616815
197,0.05889550410211086,98.43333333333332,0.16292788088321686,94.12758766370933
198,0.06038191169500351,98.3,0.1606815904378891,94.17405999155048
199,0.05887925736606121,98.46666666666667,0.1629902720451355,94.16138572032108
200,0.06060449779033661,98.38333333333334,0.16141289472579956,94.13603717786228
201,0.5615131199359894,77.21333333333334,63.05346870422363,43.17279256442755
202,0.3608060747385025,85.17333333333333,23.514497089385987,53.3248838191804
203,0.2467346966266632,90.81333333333333,7.985097455978393,68.85086607520067
204,0.1977536588907242,92.94666666666667,1.5021815776824952,77.16096324461344
205,0.1787225604057312,93.29333333333332,0.8011148512363434,80.95057034220532
206,0.16019747257232667,93.96000000000001,0.93041130900383,73.82762991128008
207,0.148964062333107,94.78666666666668,0.7086218416690826,72.25602027883397
208,0.14547245055437089,94.6,0.4630848616361618,76.77228559357836
209,0.12800813913345338,95.44000000000001,0.49005645215511323,79.03675538656528
210,0.13151145577430726,95.08,0.34427824318408967,84.82467258132658
211,0.10740362405776978,96.36,0.3064524382352829,86.96239966201944
212,0.09991627782583237,96.58666666666667,0.2837734937667847,88.15800591465991
213,0.0963172048330307,96.66666666666666,0.27118665277957915,88.9649345162653
214,0.09063631445169448,96.94666666666667,0.2529080271720886,89.64512040557668
215,0.0844533920288086,97.26666666666668,0.25121177136898043,89.21419518377692
216,0.08256610929965973,97.46666666666667,0.26000959277153013,88.32699619771863
217,0.07831215709447861,97.38666666666667,0.2705939829349518,87.32150401351922
218,0.07503276243805886,97.68000000000002,0.27530619502067566,87.38487536966625
219,0.07191335186362266,97.84,0.25241500437259673,88.7959442332066
220,0.06692343354225158,98.01333333333334,0.23496435284614564,90.48584706379384
221,0.06304019466042518,98.10666666666667,0.19272647500038148,92.57287705956908
222,0.062379501014947894,98.18666666666667,0.17118769586086274,93.60371778622729
223,0.060857541114091876,98.32000000000001,0.16223826706409455,94.10646387832699
224,0.058136621862649916,98.41333333333334,0.1547422230243683,94.27122940430925
225,0.05787884965538979,98.38666666666668,0.15044253468513488,94.35572454583861
226,0.05640855431556702,98.30666666666666,0.15159748494625092,94.37684833122094
227,0.056912895292043686,98.36,0.15293608903884887,94.43177017321504
228,0.054613935947418216,98.48,0.15006647408008575,94.5416138572032
229,0.05354078486561775,98.57333333333334,0.14918856024742128,94.47401774397972
230,0.05394405946135521,98.58666666666667,0.15228067040443422,94.47401774397972
231,0.05239474847912788,98.65333333333334,0.15003734827041626,94.5162653147444
232,0.051379916816949846,98.58666666666667,0.14685303568840027,94.53738910012676
233,0.05144760012626648,98.74666666666667,0.1474565178155899,94.57118715673849
234,0.052582694590091704,98.52000000000001,0.1502317488193512,94.55851288550909
235,0.05222667828202247,98.53333333333333,0.14647223949432372,94.56696239966202
236,0.050906617939472196,98.52000000000001,0.1492912381887436,94.57963667089143
237,0.051878322660923,98.65333333333334,0.1491832971572876,94.61765948457965
238,0.05066821053624153,98.74666666666667,0.15104558169841767,94.60920997042669
239,0.05099540948867798,98.61333333333333,0.14731468856334687,94.61765948457963
240,0.05176806449890137,98.62666666666667,0.14707705676555632,94.63455851288549
241,0.05164332464337349,98.6,0.15216821432113647,94.65145754119138
242,0.05086645111441612,98.72,0.15151277482509612,94.65568229826785
243,0.05019970685243606,98.57333333333334,0.14911293089389802,94.63878326996198
244,0.05097442641854286,98.62666666666667,0.14759616553783417,94.65145754119138
245,0.05065859481692314,98.79999999999998,0.14894574880599976,94.63878326996198
246,0.051484343409538266,98.62666666666667,0.1511467546224594,94.6472327841149
247,0.049614267796278,98.89333333333335,0.14995055198669432,94.65990705534432
248,0.05001782476902008,98.72,0.15000265538692475,94.65568229826786
249,0.050496889650821684,98.62666666666667,0.15041364133358,94.65568229826786
250,0.0508298248052597,98.65333333333334,0.14733162820339202,94.65145754119138
