Epoch,Repetition 1,Repetition 2,Repetition 3,Repetition 4,Repetition 5
0,0.6924567818641663,0.6949063539505005,0.6950801610946655,0.6923521161079407,0.6943559646606445
1,0.7701365351676941,0.7877238988876343,0.7119258046150208,0.7374131679534912,0.8098894357681274
2,1.2511048316955566,1.4000059366226196,1.5449281930923462,0.9171314835548401,1.3299593925476074
3,1.162200927734375,1.2314049005508423,0.9268665909767151,1.1798311471939087,0.7934821248054504
4,0.5565903782844543,0.6264621615409851,0.5936221480369568,0.5353477001190186,0.5014806985855103
5,0.49842602014541626,0.5543563365936279,0.4224754571914673,0.5045993328094482,0.4197833240032196
6,0.4407646358013153,0.5278642177581787,0.34972766041755676,0.4552176892757416,0.35153138637542725
7,0.416197270154953,0.4978829026222229,0.2826591432094574,0.41513434052467346,0.2949407398700714
8,0.3436087667942047,0.47628286480903625,0.27997106313705444,0.3696496784687042,0.24752558767795563
9,0.32265710830688477,0.42711082100868225,0.2658228576183319,0.3308759033679962,0.283253014087677
10,0.42183393239974976,0.3892781138420105,0.22803741693496704,0.2738826870918274,0.35039862990379333
11,0.2938416600227356,0.3585594892501831,0.22287245094776154,0.24979497492313385,0.22544841468334198
12,0.2920588254928589,0.3429773449897766,0.21989095211029053,0.22443713247776031,0.23018097877502441
13,0.2774881422519684,0.33154815435409546,0.2085169106721878,0.21112678945064545,0.22224989533424377
14,0.26527488231658936,0.3230487108230591,0.19534681737422943,0.20886875689029694,0.2133694440126419
15,0.23975789546966553,0.31188830733299255,0.191191628575325,0.20379950106143951,0.20448225736618042
16,0.22313624620437622,0.3076760470867157,0.18160879611968994,0.19806928932666779,0.1909286081790924
17,0.21025657653808594,0.3034140169620514,0.1773170828819275,0.18377386033535004,0.17831017076969147
18,0.2104412168264389,0.2901272773742676,0.1716621369123459,0.1756044626235962,0.16683316230773926
19,0.2061535120010376,0.2791295051574707,0.17181724309921265,0.17540089786052704,0.16293935477733612
20,0.19703781604766846,0.2797410786151886,0.16500099003314972,0.17081037163734436,0.1555352658033371
21,0.1877269744873047,0.2584674656391144,0.1673673838376999,0.16740575432777405,0.1548137217760086
22,0.1832181215286255,0.25905436277389526,0.1651313602924347,0.16037626564502716,0.15363940596580505
23,0.18507036566734314,0.2538975179195404,0.16778914630413055,0.16337738931179047,0.1517496556043625
24,0.181576207280159,0.26556479930877686,0.16625159978866577,0.1644180417060852,0.15434297919273376
25,0.18555909395217896,0.2555755078792572,0.16287676990032196,0.15833008289337158,0.151932954788208
26,0.18732807040214539,0.2562655806541443,0.1622970551252365,0.15671467781066895,0.15078526735305786
27,0.18091772496700287,0.24596810340881348,0.16256408393383026,0.1508094072341919,0.14790929853916168
28,0.17813076078891754,0.2640726864337921,0.16039499640464783,0.1510908007621765,0.14790770411491394
29,0.18125319480895996,0.2545661926269531,0.15870845317840576,0.15298061072826385,0.14341634511947632
30,0.1718076914548874,0.2445962131023407,0.16066275537014008,0.1536722630262375,0.14197996258735657
31,0.1722826212644577,0.24282501637935638,0.15961863100528717,0.14752881228923798,0.14357763528823853
32,0.17285846173763275,0.25047704577445984,0.1598217487335205,0.15299220383167267,0.14270155131816864
33,0.17780336737632751,0.24594393372535706,0.15446871519088745,0.14897161722183228,0.14652873575687408
34,0.17413772642612457,0.24764303863048553,0.16226013004779816,0.15023173391819,0.14033804833889008
35,0.17391645908355713,0.2528526484966278,0.15546366572380066,0.15148738026618958,0.13911063969135284
36,0.17116154730319977,0.24748408794403076,0.15668295323848724,0.15049049258232117,0.14219307899475098
37,0.17548029124736786,0.2492540329694748,0.1572590470314026,0.15125298500061035,0.1448133885860443
38,0.1741514354944229,0.2508799433708191,0.15573552250862122,0.14920835196971893,0.1386839747428894
39,0.17174933850765228,0.24653930962085724,0.1616256684064865,0.1504916399717331,0.1397731602191925
40,0.17078211903572083,0.25656697154045105,0.15762893855571747,0.14883512258529663,0.1416323035955429
41,0.1708357334136963,0.25592997670173645,0.15677350759506226,0.14771054685115814,0.14097897708415985
42,0.1684291660785675,0.2506837844848633,0.15726269781589508,0.1480567902326584,0.13752011954784393
43,0.17392413318157196,0.24702413380146027,0.15721523761749268,0.14782747626304626,0.14249287545681
44,0.17183011770248413,0.24565353989601135,0.15925025939941406,0.14441518485546112,0.13686376810073853
45,0.17169004678726196,0.2538634240627289,0.15971598029136658,0.14529761672019958,0.13996727764606476
46,0.17698122560977936,0.2506963610649109,0.16239647567272186,0.15042291581630707,0.13953068852424622
47,0.176313579082489,0.24707743525505066,0.1584988385438919,0.1498682200908661,0.1447015255689621
48,0.17638802528381348,0.2507122755050659,0.15699449181556702,0.1496644914150238,0.14220359921455383
49,0.17492997646331787,0.24871069192886353,0.1619083136320114,0.14287064969539642,0.1398869901895523
50,0.17138005793094635,0.24255143105983734,0.1544027030467987,0.14751257002353668,0.14641040563583374
51,0.734693169593811,0.7209118008613586,0.4666215777397156,0.32113906741142273,0.5176737308502197
52,0.4595774710178375,0.3932986855506897,0.4555649757385254,0.3412083387374878,0.36987507343292236
53,0.4712061285972595,0.3666592240333557,0.37488773465156555,0.2812158465385437,0.42487508058547974
54,0.3993014693260193,0.265540212392807,0.29052233695983887,0.25513213872909546,0.3201749324798584
55,0.3357159495353699,0.33261674642562866,0.2600649297237396,0.23747828602790833,0.2684636116027832
56,0.3090604543685913,0.2508339285850525,0.19382497668266296,0.25996625423431396,0.30513304471969604
57,0.2811741232872009,0.26304876804351807,0.22057771682739258,0.2487276941537857,0.24044924974441528
58,0.2344171404838562,0.20251473784446716,0.24428068101406097,0.1872272789478302,0.2878586947917938
59,0.29381096363067627,0.16974642872810364,0.16790607571601868,0.27594441175460815,0.21133938431739807
60,0.2064574658870697,0.1744890958070755,0.16995090246200562,0.19268456101417542,0.20202159881591797
61,0.2889305353164673,0.15622657537460327,0.1768932044506073,0.20796185731887817,0.17662641406059265
62,0.20934727787971497,0.14575988054275513,0.18258064985275269,0.1542550027370453,0.17630045115947723
63,0.19274231791496277,0.22306685149669647,0.15185342729091644,0.14880762994289398,0.18579067289829254
64,0.20295676589012146,0.15612807869911194,0.10680943727493286,0.17484566569328308,0.1806909590959549
65,0.20230281352996826,0.149095356464386,0.12636367976665497,0.1406508982181549,0.17082074284553528
66,0.174118310213089,0.15770448744297028,0.11664704978466034,0.1224917620420456,0.19810032844543457
67,0.15781112015247345,0.09042005985975266,0.10964027047157288,0.164284348487854,0.1679343581199646
68,0.1416243314743042,0.12626618146896362,0.10064324736595154,0.11466723680496216,0.15139831602573395
69,0.16888636350631714,0.11392548680305481,0.12320912629365921,0.10950059443712234,0.1670960783958435
70,0.17650635540485382,0.11417971551418304,0.09105972945690155,0.10700787603855133,0.1602160930633545
71,0.14547376334667206,0.1538829356431961,0.07921210676431656,0.11735035479068756,0.1330140084028244
72,0.165605366230011,0.12596866488456726,0.10385341197252274,0.11738204956054688,0.1573018580675125
73,0.1602577269077301,0.1223919466137886,0.11553595215082169,0.10934614390134811,0.12429381906986237
74,0.13975468277931213,0.12862536311149597,0.0938752070069313,0.10306179523468018,0.13677969574928284
75,0.17176195979118347,0.12744536995887756,0.07768981903791428,0.11692746728658676,0.12696412205696106
76,0.16796253621578217,0.11557105928659439,0.09225873649120331,0.08215577900409698,0.13167259097099304
77,0.15378576517105103,0.11789579689502716,0.07205739617347717,0.0728287398815155,0.11472360789775848
78,0.16003729403018951,0.08945027738809586,0.09499365836381912,0.14750486612319946,0.11654404550790787
79,0.1314816176891327,0.11691151559352875,0.09581522643566132,0.08679856359958649,0.12249788641929626
80,0.12990234792232513,0.083585724234581,0.07820740342140198,0.1341223269701004,0.13007381558418274
81,0.137119859457016,0.12218882143497467,0.08629665523767471,0.09413503855466843,0.13796748220920563
82,0.1474401354789734,0.140724316239357,0.07024462521076202,0.0783747062087059,0.11822548508644104
83,0.15970170497894287,0.09878495335578918,0.07368163764476776,0.10738760977983475,0.12061827629804611
84,0.1254454255104065,0.0899515226483345,0.0718310996890068,0.09096501022577286,0.11900536715984344
85,0.1485445499420166,0.09807337820529938,0.0910719782114029,0.09964998811483383,0.14929184317588806
86,0.17193642258644104,0.09864601492881775,0.08038061112165451,0.09391015768051147,0.10050255805253983
87,0.20186945796012878,0.08546276390552521,0.06616608053445816,0.11210227012634277,0.14643393456935883
88,0.14583155512809753,0.09732475131750107,0.08646947145462036,0.12883996963500977,0.1165526807308197
89,0.13057491183280945,0.14701040089130402,0.07849332690238953,0.09986492991447449,0.12845714390277863
90,0.12899571657180786,0.10325812548398972,0.09021288901567459,0.09705891460180283,0.11659018695354462
91,0.20294640958309174,0.09189054369926453,0.09124963730573654,0.09557437896728516,0.12559035420417786
92,0.11886654049158096,0.1143551617860794,0.09724796563386917,0.0820806473493576,0.15040096640586853
93,0.12216106057167053,0.09567587077617645,0.08033902943134308,0.07765400409698486,0.1294933557510376
94,0.14053119719028473,0.12266875803470612,0.08114178478717804,0.09265963733196259,0.11783984303474426
95,0.15801437199115753,0.10830478370189667,0.09181296825408936,0.11266876012086868,0.1283893585205078
96,0.13442090153694153,0.16188740730285645,0.07879161834716797,0.09752185642719269,0.11403930932283401
97,0.11330677568912506,0.08579100668430328,0.10024773329496384,0.08885045349597931,0.10490534454584122
98,0.11578330397605896,0.08264787495136261,0.09591268002986908,0.11077751964330673,0.1396569013595581
99,0.1706065535545349,0.08493725955486298,0.0863085687160492,0.08363696932792664,0.13212886452674866
100,0.15190422534942627,0.09328455477952957,0.07350543141365051,0.07302708923816681,0.1261846423149109
101,0.38946282863616943,0.9914652109146118,0.39003461599349976,0.45127102732658386,0.7007386684417725
102,0.7906767129898071,0.651627779006958,0.6566314697265625,0.7476441860198975,1.2577707767486572
103,0.4116889238357544,0.5058050155639648,0.3728522062301636,0.4265599548816681,0.5929968357086182
104,0.344083309173584,0.43081146478652954,0.31265151500701904,0.30813735723495483,0.47060441970825195
105,0.2828117609024048,0.38876086473464966,0.25453218817710876,0.258517861366272,0.4147337079048157
106,0.24026569724082947,0.34724754095077515,0.21234571933746338,0.22032079100608826,0.35886403918266296
107,0.20992013812065125,0.29782354831695557,0.19824257493019104,0.18808391690254211,0.30184686183929443
108,0.21326802670955658,0.24087950587272644,0.17880859971046448,0.1668504774570465,0.26363515853881836
109,0.18779703974723816,0.21902227401733398,0.17169567942619324,0.1471967101097107,0.24153932929039001
110,0.197212815284729,0.18956030905246735,0.1483214944601059,0.13937553763389587,0.22308200597763062
111,0.1514115035533905,0.17995372414588928,0.13816218078136444,0.12635013461112976,0.20085278153419495
112,0.14772319793701172,0.17184412479400635,0.13223347067832947,0.12129265069961548,0.1848367154598236
113,0.14304804801940918,0.15810629725456238,0.12658527493476868,0.11424580961465836,0.1775490641593933
114,0.1433308720588684,0.1600811779499054,0.12126941233873367,0.11652183532714844,0.1747036874294281
115,0.13027328252792358,0.15600642561912537,0.1156439483165741,0.11509904265403748,0.16776534914970398
116,0.12638942897319794,0.15147536993026733,0.11711865663528442,0.10810534656047821,0.1620764136314392
117,0.1252559870481491,0.15203426778316498,0.11084361374378204,0.10752621293067932,0.16591355204582214
118,0.1200142353773117,0.14309844374656677,0.10209453105926514,0.1060861125588417,0.15748611092567444
119,0.1179562583565712,0.14014932513237,0.0972619354724884,0.10730024427175522,0.15381059050559998
120,0.1043701171875,0.13601848483085632,0.09112784266471863,0.10196957737207413,0.14092659950256348
121,0.09917565435171127,0.12920540571212769,0.08270397782325745,0.09857134521007538,0.14735156297683716
122,0.10546145588159561,0.13602866232395172,0.08272510766983032,0.0959792286157608,0.13790884613990784
123,0.10008242726325989,0.1320670247077942,0.08241388201713562,0.09814911335706711,0.14230363070964813
124,0.10382215678691864,0.13063734769821167,0.08466854691505432,0.09597881883382797,0.1365204006433487
125,0.0992780476808548,0.13359874486923218,0.08090339601039886,0.09650659561157227,0.1406269073486328
126,0.0994252935051918,0.12999922037124634,0.0799466148018837,0.09524686634540558,0.14030420780181885
127,0.09864632785320282,0.12983649969100952,0.08321991562843323,0.09479080140590668,0.13694152235984802
128,0.09593565762042999,0.12645187973976135,0.07724924385547638,0.09569472074508667,0.13607454299926758
129,0.09543884545564651,0.13166797161102295,0.07449251413345337,0.09825839102268219,0.1363702118396759
130,0.09410949051380157,0.12454668432474136,0.07480926811695099,0.09557417035102844,0.13845673203468323
131,0.09485271573066711,0.12894117832183838,0.07193928956985474,0.09885910153388977,0.13971871137619019
132,0.09558020532131195,0.1267664134502411,0.07819285988807678,0.09305590391159058,0.13245180249214172
133,0.09529807418584824,0.12638279795646667,0.07070821523666382,0.09517881274223328,0.13931190967559814
134,0.09202775359153748,0.12092812359333038,0.07432514429092407,0.09411248564720154,0.13202250003814697
135,0.09536615014076233,0.12929841876029968,0.07487278431653976,0.09947554767131805,0.13248354196548462
136,0.09624803066253662,0.13087674975395203,0.07411056756973267,0.09851744025945663,0.13880619406700134
137,0.09356538951396942,0.12810584902763367,0.0747990533709526,0.09244886040687561,0.14012160897254944
138,0.0954405814409256,0.12918493151664734,0.07507546246051788,0.09354617446660995,0.13257375359535217
139,0.09620020538568497,0.12440057843923569,0.07286344468593597,0.09333409368991852,0.13571131229400635
140,0.09373727440834045,0.12814560532569885,0.07207780331373215,0.09636598825454712,0.13379152119159698
141,0.0932157039642334,0.1250464916229248,0.07063353061676025,0.09326611459255219,0.13701602816581726
142,0.09637349098920822,0.12701889872550964,0.06932895630598068,0.0963219404220581,0.14258474111557007
143,0.09526588022708893,0.12525813281536102,0.07072180509567261,0.096520334482193,0.13667112588882446
144,0.0979241281747818,0.12657463550567627,0.07149386405944824,0.0948483943939209,0.13032187521457672
145,0.0941571295261383,0.1265001893043518,0.06920862942934036,0.09429323673248291,0.13598030805587769
146,0.09854897111654282,0.12217075377702713,0.07328198850154877,0.09427830576896667,0.13696825504302979
147,0.09522533416748047,0.13420957326889038,0.06846226751804352,0.09346048533916473,0.1385721117258072
148,0.0960598886013031,0.12771347165107727,0.07371839880943298,0.09827829152345657,0.1342349648475647
149,0.09135088324546814,0.12227516621351242,0.07201939821243286,0.10807806253433228,0.1328403651714325
150,0.08822707831859589,0.1246555894613266,0.0704708844423294,0.09249503910541534,0.136374831199646
151,0.4159741699695587,0.5800637006759644,0.3629358112812042,0.7355433106422424,0.5391867160797119
152,0.3303189277648926,0.4030184745788574,0.29428890347480774,0.38287702202796936,0.3812374174594879
153,0.25176146626472473,0.30555546283721924,0.20995645225048065,0.2760178744792938,0.2952667772769928
154,0.20000331103801727,0.2180098295211792,0.1799749881029129,0.20474286377429962,0.2665523588657379
155,0.16044482588768005,0.18960052728652954,0.18374961614608765,0.1680043488740921,0.23105306923389435
156,0.20562784373760223,0.20725850760936737,0.15648134052753448,0.16472338140010834,0.2109682708978653
157,0.16242724657058716,0.1885836124420166,0.1694013923406601,0.1618482768535614,0.2197781354188919
158,0.1546781361103058,0.15976457297801971,0.1325666308403015,0.15064777433872223,0.2023002654314041
159,0.17946495115756989,0.1582821160554886,0.15220439434051514,0.15358388423919678,0.19872258603572845
160,0.1718662828207016,0.15936364233493805,0.11823242902755737,0.12422528117895126,0.20189453661441803
161,0.1536005288362503,0.11973419040441513,0.11114966869354248,0.12946675717830658,0.1969250589609146
162,0.11988133937120438,0.12237481027841568,0.10386016964912415,0.1070045530796051,0.17680393159389496
163,0.11996432393789291,0.10448741912841797,0.09800242632627487,0.10077470541000366,0.16457150876522064
164,0.12815208733081818,0.10984029620885849,0.09800714999437332,0.10208710283041,0.15722757577896118
165,0.1101052537560463,0.10811593383550644,0.08670728653669357,0.10678742080926895,0.13763311505317688
166,0.09093025326728821,0.09769367426633835,0.08791878074407578,0.08680564165115356,0.13082082569599152
167,0.09344944357872009,0.0921715721487999,0.08982592076063156,0.10807976871728897,0.13041190803050995
168,0.08513575792312622,0.08495503664016724,0.06635994464159012,0.0829017385840416,0.13445711135864258
169,0.08182994276285172,0.09024015814065933,0.06735680997371674,0.07558134943246841,0.1173941120505333
170,0.06658484786748886,0.07034004479646683,0.05839432403445244,0.07584879547357559,0.10921066999435425
171,0.0561290942132473,0.0828646719455719,0.054005637764930725,0.08390114456415176,0.11211469024419785
172,0.0628039538860321,0.08914311975240707,0.04610252380371094,0.07268210500478745,0.11349416524171829
173,0.058460984379053116,0.06795775890350342,0.0443108044564724,0.07475478947162628,0.10146868228912354
174,0.06469973176717758,0.06918724626302719,0.044655367732048035,0.07368049025535583,0.11003188043832779
175,0.05524585768580437,0.06724680215120316,0.046033453196287155,0.07171368598937988,0.09246859699487686
176,0.06178123131394386,0.07282813638448715,0.04214240238070488,0.06893235445022583,0.09313874691724777
177,0.05838984251022339,0.06804496049880981,0.03557684272527695,0.06620078533887863,0.10291379690170288
178,0.05343471094965935,0.07041587680578232,0.04485064744949341,0.07655191421508789,0.10160773992538452
179,0.056366872042417526,0.057206958532333374,0.03690295293927193,0.07035259157419205,0.0990290567278862
180,0.044847723096609116,0.061946917325258255,0.03493403270840645,0.06475730240345001,0.0964757576584816
181,0.05167030170559883,0.05951613187789917,0.038909390568733215,0.062104422599077225,0.0911865159869194
182,0.049760375171899796,0.053567927330732346,0.035102877765893936,0.07492979615926743,0.09016359597444534
183,0.05109609290957451,0.07031235843896866,0.04157938435673714,0.062412768602371216,0.0966789498925209
184,0.04763682559132576,0.0527101568877697,0.029335645958781242,0.0651877149939537,0.09362542629241943
185,0.05152782425284386,0.048522334545850754,0.031148476526141167,0.07488881796598434,0.08478707820177078
186,0.04789723828434944,0.05259736254811287,0.03693418577313423,0.07598188519477844,0.09425726532936096
187,0.046401217579841614,0.052748095244169235,0.03497527539730072,0.06400615721940994,0.09097712486982346
188,0.04678661748766899,0.0509454645216465,0.029053544625639915,0.06453590840101242,0.0945330336689949
189,0.044313471764326096,0.05609109625220299,0.0397394560277462,0.06349495053291321,0.09832669049501419
190,0.04705208167433739,0.05242224410176277,0.03231115639209747,0.06701108068227768,0.10138615220785141
191,0.04630250856280327,0.0538775809109211,0.034187402576208115,0.07631231099367142,0.08873534202575684
192,0.04819439724087715,0.053857553750276566,0.0331590436398983,0.06413453072309494,0.10529085248708725
193,0.048211470246315,0.05279172956943512,0.030298976227641106,0.07190825790166855,0.0939897894859314
194,0.04850325360894203,0.05298614501953125,0.03490741178393364,0.059811756014823914,0.09367264062166214
195,0.0493973083794117,0.06605745851993561,0.03034769743680954,0.07342720776796341,0.09758320450782776
196,0.04505816102027893,0.04993416741490364,0.03165338933467865,0.06982919573783875,0.09920798987150192
197,0.04752236604690552,0.05530260130763054,0.0278907660394907,0.0692315325140953,0.09453025460243225
198,0.044418007135391235,0.06381339579820633,0.029941000044345856,0.07542833685874939,0.08830881863832474
199,0.05153580382466316,0.058886077255010605,0.029066281393170357,0.061423178762197495,0.09348494559526443
200,0.04765739664435387,0.05852031707763672,0.03410343453288078,0.06497392803430557,0.0977674126625061
201,0.625190258026123,0.3208398222923279,0.725330650806427,0.7807369232177734,0.35546794533729553
202,0.3928506672382355,0.2316034585237503,0.4666386842727661,0.3147237300872803,0.39821383357048035
203,0.22441303730010986,0.18526484072208405,0.31769827008247375,0.23230735957622528,0.2739899754524231
204,0.19874882698059082,0.17073242366313934,0.2360498160123825,0.18244479596614838,0.20079243183135986
205,0.17189373075962067,0.1595040261745453,0.20452101528644562,0.17025679349899292,0.1874372363090515
206,0.1510840654373169,0.1463911235332489,0.18611080944538116,0.14812906086444855,0.1692723035812378
207,0.13484419882297516,0.1273059844970703,0.1769782453775406,0.14548859000205994,0.16020329296588898
208,0.12420103698968887,0.11563464999198914,0.16566810011863708,0.1374480128288269,0.1844104528427124
209,0.11120086908340454,0.11040040105581284,0.1418565958738327,0.12327232211828232,0.15331050753593445
210,0.13850536942481995,0.12233956903219223,0.13300229609012604,0.12060446292161942,0.14310558140277863
211,0.10029500722885132,0.10014054924249649,0.11534931510686874,0.10213202238082886,0.11910122632980347
212,0.09578768163919449,0.0896327868103981,0.10891100764274597,0.09389591217041016,0.11135400086641312
213,0.09052359312772751,0.08412211388349533,0.10343027114868164,0.0964551568031311,0.10705488920211792
214,0.08415982127189636,0.07603751868009567,0.10287785530090332,0.08736055344343185,0.10274582356214523
215,0.07927516102790833,0.07385148853063583,0.09333648532629013,0.08350291103124619,0.0923009142279625
216,0.07753992080688477,0.06864944100379944,0.0919773057103157,0.08206150680780411,0.09260237216949463
217,0.07293498516082764,0.06389224529266357,0.09025385230779648,0.0740199014544487,0.09045980125665665
218,0.068311408162117,0.05896842107176781,0.08341183513402939,0.07161460071802139,0.09285754710435867
219,0.06594181805849075,0.05417483672499657,0.0790092945098877,0.07029683142900467,0.09014397859573364
220,0.07307049632072449,0.052428875118494034,0.07405542582273483,0.058924559503793716,0.07613781094551086
221,0.060298044234514236,0.04926114156842232,0.07303670793771744,0.05639639124274254,0.0762086883187294
222,0.06539713591337204,0.04691505432128906,0.0703577995300293,0.059293437749147415,0.06993407756090164
223,0.06394325196743011,0.04401552677154541,0.07024242728948593,0.05324321612715721,0.0728432834148407
224,0.0604301355779171,0.04540259763598442,0.06791166216135025,0.05108826979994774,0.06585044413805008
225,0.06239306926727295,0.0394584946334362,0.07133394479751587,0.049520060420036316,0.06668867915868759
226,0.058801669627428055,0.041982997208833694,0.06849396973848343,0.049641892313957214,0.06312224268913269
227,0.061938896775245667,0.04200857877731323,0.0696738064289093,0.048319119960069656,0.06262407451868057
228,0.05926726385951042,0.03921743482351303,0.06697016209363937,0.046465009450912476,0.06114980950951576
229,0.05704298987984657,0.03658704832196236,0.06741705536842346,0.04832381010055542,0.05833302065730095
230,0.058151911944150925,0.03716183453798294,0.06603369861841202,0.04751202091574669,0.060860831290483475
231,0.05716302990913391,0.0391143299639225,0.0638464093208313,0.04485731199383736,0.05699266120791435
232,0.060225535184144974,0.03437742590904236,0.062213439494371414,0.04434726759791374,0.05573591589927673
233,0.056032806634902954,0.036735113710165024,0.06524497270584106,0.04421943426132202,0.055005673319101334
234,0.05838844180107117,0.03474945202469826,0.06642153859138489,0.04517260193824768,0.058181438595056534
235,0.055011216551065445,0.035125382244586945,0.06648340821266174,0.04598787799477577,0.058525506407022476
236,0.05827397108078003,0.03478524461388588,0.06228088214993477,0.04413989186286926,0.05505309998989105
237,0.05673737823963165,0.03870990872383118,0.06341012567281723,0.04324357584118843,0.05729062482714653
238,0.057010624557733536,0.03643130138516426,0.06306788325309753,0.042400017380714417,0.05443122610449791
239,0.057197291404008865,0.034296002238988876,0.06415488570928574,0.04381747916340828,0.055511388927698135
240,0.056032102555036545,0.037639766931533813,0.06513030081987381,0.04568937048316002,0.05434878170490265
241,0.05741498991847038,0.03341846168041229,0.0646648034453392,0.044422198086977005,0.058296170085668564
242,0.057683687657117844,0.03298677131533623,0.06434065848588943,0.043224453926086426,0.05609668418765068
243,0.05649460479617119,0.03466309607028961,0.06433641910552979,0.04069000110030174,0.054814413189888
244,0.06241871789097786,0.03336210548877716,0.06574597209692001,0.0416068397462368,0.051738496869802475
245,0.05613548681139946,0.03460043668746948,0.06463249772787094,0.04205230996012688,0.05587224289774895
246,0.05871817469596863,0.03473886847496033,0.06374216824769974,0.04430336132645607,0.05591914430260658
247,0.05727327987551689,0.03265656530857086,0.060715168714523315,0.041841357946395874,0.05558496713638306
248,0.053943317383527756,0.03562218323349953,0.062173109501600266,0.042947083711624146,0.05540343001484871
249,0.05604808032512665,0.03630344942212105,0.06387234479188919,0.044136956334114075,0.05212361738085747
250,0.05864829942584038,0.034692734479904175,0.06195511296391487,0.04392369091510773,0.05492928624153137
