Epoch,Repetition 1,Repetition 2,Repetition 3,Repetition 4,Repetition 5
0,54.16138572032108,45.796366708914235,32.23489649345163,57.79467680608365,54.07689057879172
1,55.0,46.666666666666664,50.666666666666664,51.0,51.0
2,56.333333333333336,54.0,56.0,65.66666666666667,55.666666666666664
3,49.666666666666664,43.666666666666664,70.0,43.333333333333336,61.0
4,75.33333333333333,66.66666666666667,71.66666666666667,70.66666666666667,78.0
5,77.66666666666667,71.33333333333333,85.33333333333333,78.33333333333333,82.33333333333333
6,80.66666666666667,75.66666666666667,86.0,79.66666666666667,87.33333333333333
7,83.0,79.0,90.33333333333333,84.33333333333333,86.66666666666667
8,88.33333333333333,79.33333333333333,89.33333333333333,85.66666666666667,88.66666666666667
9,87.33333333333333,83.0,88.66666666666667,86.33333333333333,88.66666666666667
10,81.0,84.33333333333333,92.0,91.33333333333333,84.33333333333333
11,88.33333333333333,86.33333333333333,92.33333333333333,89.0,91.0
12,88.66666666666667,86.0,92.66666666666667,91.33333333333333,90.33333333333333
13,88.33333333333333,87.66666666666667,92.66666666666667,92.66666666666667,91.0
14,91.33333333333333,88.66666666666667,92.66666666666667,93.0,91.33333333333333
15,92.66666666666667,88.33333333333333,94.33333333333333,94.0,92.0
16,93.33333333333333,90.0,93.66666666666667,95.0,92.66666666666667
17,94.66666666666667,89.33333333333333,94.66666666666667,94.66666666666667,94.0
18,92.66666666666667,90.0,94.33333333333333,94.0,94.0
19,93.66666666666667,91.66666666666667,94.0,93.66666666666667,94.0
20,93.66666666666667,91.0,95.0,95.0,95.33333333333333
21,95.33333333333333,91.66666666666667,95.66666666666667,95.66666666666667,95.33333333333333
22,94.33333333333333,91.66666666666667,95.0,95.66666666666667,95.33333333333333
23,95.33333333333333,92.66666666666667,95.0,95.66666666666667,95.66666666666667
24,96.0,92.0,95.33333333333333,95.0,95.33333333333333
25,94.66666666666667,92.0,95.0,96.33333333333333,95.0
26,94.33333333333333,93.0,96.0,95.66666666666667,95.66666666666667
27,96.0,93.0,94.66666666666667,97.0,96.0
28,95.0,92.33333333333333,95.66666666666667,97.33333333333333,95.66666666666667
29,94.66666666666667,93.33333333333333,96.0,96.66666666666667,95.66666666666667
30,95.33333333333333,92.66666666666667,95.66666666666667,96.0,96.33333333333333
31,96.0,93.0,95.0,97.0,96.0
32,96.0,91.66666666666667,95.33333333333333,95.33333333333333,96.0
33,96.0,94.0,95.0,97.66666666666667,95.66666666666667
34,95.33333333333333,93.0,95.66666666666667,96.66666666666667,95.33333333333333
35,95.66666666666667,93.33333333333333,95.33333333333333,97.0,95.66666666666667
36,96.66666666666667,92.0,95.33333333333333,96.66666666666667,95.33333333333333
37,96.0,93.33333333333333,96.0,97.0,96.0
38,95.66666666666667,93.33333333333333,95.33333333333333,96.66666666666667,95.66666666666667
39,95.33333333333333,94.0,95.33333333333333,96.66666666666667,96.0
40,95.66666666666667,93.0,94.66666666666667,97.33333333333333,96.33333333333333
41,96.33333333333333,92.66666666666667,95.33333333333333,97.0,96.33333333333333
42,96.33333333333333,92.66666666666667,95.0,96.66666666666667,96.33333333333333
43,96.0,92.66666666666667,95.33333333333333,96.0,95.66666666666667
44,95.66666666666667,93.0,96.0,97.0,95.66666666666667
45,96.33333333333333,93.33333333333333,94.66666666666667,97.0,95.66666666666667
46,96.0,93.0,95.33333333333333,97.33333333333333,96.0
47,95.66666666666667,93.0,95.66666666666667,96.33333333333333,96.0
48,95.66666666666667,92.66666666666667,94.66666666666667,97.0,96.33333333333333
49,95.66666666666667,93.33333333333333,95.66666666666667,97.66666666666667,96.0
50,96.0,94.0,95.66666666666667,96.33333333333333,96.0
51,87.0,86.16666666666667,89.66666666666667,92.16666666666667,89.16666666666667
52,82.33333333333333,80.0,85.16666666666667,82.33333333333333,84.5
53,78.66666666666667,83.16666666666667,85.33333333333333,87.83333333333333,82.66666666666667
54,85.33333333333333,86.66666666666667,87.5,89.66666666666667,85.33333333333333
55,86.83333333333333,87.66666666666667,90.83333333333333,89.66666666666667,90.16666666666667
56,85.5,90.33333333333333,91.5,92.33333333333333,87.5
57,87.5,91.16666666666667,90.16666666666667,92.5,90.5
58,90.5,91.16666666666667,90.66666666666667,93.5,90.0
59,88.5,92.0,92.83333333333333,89.66666666666667,93.0
60,93.16666666666667,92.83333333333333,92.5,92.5,92.0
61,89.66666666666667,93.5,93.5,92.66666666666667,90.83333333333333
62,90.66666666666667,93.5,93.83333333333333,93.33333333333333,90.83333333333333
63,93.0,94.5,94.5,94.0,92.16666666666667
64,92.33333333333333,94.5,95.16666666666667,93.66666666666667,91.33333333333333
65,93.83333333333333,95.33333333333333,95.0,94.33333333333333,92.33333333333333
66,93.83333333333333,95.5,95.33333333333333,95.0,92.33333333333333
67,94.33333333333333,96.33333333333333,95.16666666666667,95.66666666666667,93.5
68,94.5,95.66666666666667,95.33333333333333,95.33333333333333,94.33333333333333
69,93.66666666666667,96.66666666666667,96.0,95.66666666666667,94.16666666666667
70,94.33333333333333,96.33333333333333,96.0,96.5,95.0
71,94.0,95.33333333333333,97.0,97.16666666666667,94.66666666666667
72,94.16666666666667,95.66666666666667,96.5,97.0,95.0
73,94.0,96.16666666666667,97.0,96.5,95.16666666666667
74,93.83333333333333,96.16666666666667,97.16666666666667,96.33333333333333,95.33333333333333
75,93.83333333333333,97.0,97.0,97.0,94.33333333333333
76,93.5,96.5,97.5,97.16666666666667,95.16666666666667
77,94.66666666666667,96.5,97.0,97.33333333333333,95.16666666666667
78,94.5,96.66666666666667,97.16666666666667,97.16666666666667,95.5
79,94.0,96.33333333333333,97.0,97.16666666666667,96.0
80,94.66666666666667,97.0,97.16666666666667,96.5,95.33333333333333
81,94.5,97.16666666666667,97.16666666666667,97.0,96.5
82,94.33333333333333,97.0,97.16666666666667,97.0,95.5
83,95.0,96.33333333333333,97.16666666666667,97.33333333333333,95.66666666666667
84,95.33333333333333,96.5,97.33333333333333,97.33333333333333,95.66666666666667
85,94.83333333333333,97.5,97.33333333333333,96.66666666666667,94.66666666666667
86,95.0,96.5,97.16666666666667,97.0,96.0
87,94.66666666666667,97.33333333333333,97.0,96.83333333333333,95.66666666666667
88,95.33333333333333,96.83333333333333,96.66666666666667,96.33333333333333,96.0
89,94.5,96.83333333333333,97.16666666666667,97.16666666666667,95.66666666666667
90,95.0,96.5,97.33333333333333,97.33333333333333,96.5
91,94.66666666666667,96.5,96.83333333333333,97.16666666666667,95.16666666666667
92,95.33333333333333,97.0,97.16666666666667,97.33333333333333,95.5
93,95.16666666666667,96.66666666666667,97.33333333333333,97.0,95.66666666666667
94,94.83333333333333,96.83333333333333,97.16666666666667,97.33333333333333,95.66666666666667
95,95.0,96.33333333333333,96.83333333333333,97.0,96.0
96,94.5,97.16666666666667,97.16666666666667,96.5,95.66666666666667
97,95.0,96.83333333333333,96.83333333333333,97.0,96.16666666666667
98,94.83333333333333,97.0,97.33333333333333,97.83333333333333,95.33333333333333
99,95.0,97.0,97.16666666666667,96.66666666666667,95.0
100,94.66666666666667,97.0,97.33333333333333,97.16666666666667,95.66666666666667
101,84.88888888888889,69.22222222222223,84.44444444444444,87.11111111111111,77.55555555555556
102,66.66666666666667,70.44444444444444,63.111111111111114,60.77777777777778,36.333333333333336
103,83.55555555555556,79.33333333333333,83.33333333333333,80.55555555555556,72.66666666666667
104,87.11111111111111,82.77777777777777,86.88888888888889,87.88888888888889,79.11111111111111
105,90.33333333333333,83.66666666666667,90.11111111111111,89.88888888888889,82.88888888888889
106,91.44444444444444,85.33333333333333,91.55555555555556,91.44444444444444,85.55555555555556
107,92.66666666666667,88.33333333333333,91.44444444444444,94.0,89.11111111111111
108,91.77777777777777,90.44444444444444,92.66666666666667,94.22222222222223,91.22222222222223
109,93.33333333333333,91.55555555555556,93.55555555555556,95.77777777777777,91.33333333333333
110,92.55555555555556,92.33333333333333,94.33333333333333,95.44444444444444,91.33333333333333
111,94.55555555555556,93.11111111111111,95.33333333333333,96.11111111111111,93.55555555555556
112,94.33333333333333,93.55555555555556,95.44444444444444,95.88888888888889,93.55555555555556
113,95.44444444444444,94.11111111111111,95.77777777777777,96.55555555555556,93.55555555555556
114,94.66666666666667,94.33333333333333,96.11111111111111,96.44444444444444,94.11111111111111
115,95.33333333333333,93.88888888888889,95.66666666666667,96.33333333333333,93.88888888888889
116,95.88888888888889,94.55555555555556,96.33333333333333,97.11111111111111,94.0
117,95.88888888888889,95.22222222222223,96.44444444444444,96.77777777777777,94.22222222222223
118,96.22222222222223,94.66666666666667,96.66666666666667,96.88888888888889,94.88888888888889
119,95.77777777777777,94.88888888888889,96.55555555555556,96.55555555555556,94.88888888888889
120,96.11111111111111,94.88888888888889,97.22222222222223,97.11111111111111,95.77777777777777
121,96.66666666666667,95.0,97.33333333333333,97.11111111111111,95.33333333333333
122,96.66666666666667,95.22222222222223,97.11111111111111,97.44444444444444,95.55555555555556
123,96.44444444444444,95.44444444444444,97.55555555555556,97.0,94.88888888888889
124,96.55555555555556,95.33333333333333,96.88888888888889,97.33333333333333,96.0
125,96.88888888888889,95.0,97.88888888888889,97.33333333333333,95.66666666666667
126,96.77777777777777,95.22222222222223,97.55555555555556,97.33333333333333,95.66666666666667
127,96.33333333333333,95.22222222222223,97.55555555555556,97.44444444444444,95.55555555555556
128,96.22222222222223,95.44444444444444,97.44444444444444,97.0,95.55555555555556
129,96.77777777777777,95.0,97.88888888888889,97.33333333333333,95.55555555555556
130,96.77777777777777,95.22222222222223,97.77777777777777,97.33333333333333,95.66666666666667
131,97.11111111111111,95.22222222222223,98.11111111111111,97.33333333333333,96.11111111111111
132,96.77777777777777,95.55555555555556,97.88888888888889,97.44444444444444,95.55555555555556
133,96.88888888888889,95.33333333333333,98.44444444444444,97.44444444444444,95.55555555555556
134,96.55555555555556,95.55555555555556,98.22222222222223,97.44444444444444,96.22222222222223
135,96.66666666666667,95.66666666666667,98.22222222222223,97.33333333333333,95.88888888888889
136,96.88888888888889,95.44444444444444,97.77777777777777,97.33333333333333,95.44444444444444
137,96.66666666666667,95.44444444444444,98.0,97.11111111111111,95.66666666666667
138,96.55555555555556,95.55555555555556,98.0,97.77777777777777,95.77777777777777
139,97.0,95.55555555555556,98.0,97.66666666666667,95.22222222222223
140,96.77777777777777,95.44444444444444,97.88888888888889,97.0,95.55555555555556
141,97.11111111111111,95.55555555555556,98.33333333333333,97.44444444444444,95.88888888888889
142,96.77777777777777,95.22222222222223,98.33333333333333,97.55555555555556,95.55555555555556
143,96.77777777777777,95.0,98.22222222222223,97.33333333333333,95.22222222222223
144,97.0,95.11111111111111,98.11111111111111,97.22222222222223,95.88888888888889
145,96.55555555555556,95.44444444444444,98.22222222222223,97.44444444444444,96.0
146,96.55555555555556,95.33333333333333,97.88888888888889,97.33333333333333,95.77777777777777
147,97.33333333333333,95.33333333333333,98.44444444444444,97.44444444444444,96.11111111111111
148,96.55555555555556,95.22222222222223,98.22222222222223,97.11111111111111,96.0
149,97.22222222222223,95.66666666666667,98.11111111111111,97.22222222222223,95.77777777777777
150,97.22222222222223,95.0,98.0,97.66666666666667,95.77777777777777
151,82.08333333333333,83.5,87.41666666666667,74.16666666666667,82.08333333333333
152,86.66666666666667,83.75,87.33333333333333,82.41666666666667,85.25
153,90.41666666666667,89.16666666666667,92.33333333333333,90.75,87.83333333333333
154,93.08333333333333,91.25,93.66666666666667,93.25,90.75
155,94.25,92.75,92.33333333333333,93.5,91.75
156,93.16666666666667,92.16666666666667,94.16666666666667,94.41666666666667,90.0
157,93.66666666666667,92.83333333333333,94.0,94.83333333333333,90.83333333333333
158,94.41666666666667,94.25,95.91666666666667,94.75,91.41666666666667
159,92.25,94.83333333333333,94.75,94.91666666666667,92.5
160,93.16666666666667,95.16666666666667,95.66666666666667,95.25,92.75
161,94.08333333333333,95.83333333333333,96.0,95.75,92.08333333333333
162,95.25,95.66666666666667,96.83333333333333,96.41666666666667,93.66666666666667
163,95.58333333333333,95.91666666666667,96.91666666666667,96.66666666666667,92.91666666666667
164,95.58333333333333,96.25,97.16666666666667,96.75,93.25
165,95.91666666666667,96.83333333333333,97.33333333333333,96.83333333333333,94.41666666666667
166,96.5,96.75,97.25,97.0,94.91666666666667
167,97.08333333333333,97.0,97.08333333333333,97.25,95.33333333333333
168,96.75,97.08333333333333,98.08333333333333,97.5,95.08333333333333
169,96.91666666666667,97.08333333333333,98.25,97.91666666666667,96.08333333333333
170,97.41666666666667,97.58333333333333,98.25,98.08333333333333,95.25
171,98.08333333333333,96.83333333333333,98.0,98.08333333333333,95.75
172,98.0,96.83333333333333,98.5,98.25,95.75
173,98.5,97.58333333333333,98.75,98.25,96.16666666666667
174,97.41666666666667,97.66666666666667,98.91666666666667,98.16666666666667,96.08333333333333
175,98.16666666666667,98.16666666666667,99.08333333333333,97.75,96.0
176,98.25,97.41666666666667,98.91666666666667,97.91666666666667,96.75
177,98.0,98.25,99.16666666666667,98.33333333333333,96.83333333333333
178,98.41666666666667,98.33333333333333,99.16666666666667,98.33333333333333,96.33333333333333
179,98.33333333333333,98.58333333333333,99.41666666666667,98.41666666666667,96.33333333333333
180,98.83333333333333,99.0,99.33333333333333,98.5,96.5
181,98.5,98.41666666666667,99.33333333333333,98.5,96.91666666666667
182,98.83333333333333,98.5,99.33333333333333,98.16666666666667,96.66666666666667
183,98.75,98.33333333333333,98.91666666666667,98.5,96.66666666666667
184,98.58333333333333,98.5,99.5,98.5,96.83333333333333
185,98.58333333333333,98.33333333333333,99.58333333333333,98.0,96.83333333333333
186,99.0,98.66666666666667,99.41666666666667,98.25,96.66666666666667
187,98.75,98.75,99.41666666666667,98.5,96.66666666666667
188,98.66666666666667,98.66666666666667,99.33333333333333,98.41666666666667,96.66666666666667
189,98.58333333333333,98.75,99.41666666666667,98.33333333333333,96.91666666666667
190,98.75,98.83333333333333,99.58333333333333,98.5,96.91666666666667
191,98.83333333333333,98.75,99.41666666666667,98.33333333333333,96.66666666666667
192,98.75,98.83333333333333,99.5,98.33333333333333,96.66666666666667
193,98.58333333333333,98.75,99.33333333333333,98.08333333333333,96.75
194,98.75,98.75,99.33333333333333,98.16666666666667,96.91666666666667
195,98.58333333333333,98.5,99.33333333333333,98.16666666666667,96.5
196,98.91666666666667,98.83333333333333,99.5,98.16666666666667,96.91666666666667
197,98.75,98.83333333333333,99.58333333333333,98.41666666666667,96.58333333333333
198,98.66666666666667,98.66666666666667,99.41666666666667,97.75,97.0
199,98.83333333333333,98.75,99.5,98.25,97.0
200,98.75,98.66666666666667,99.5,98.25,96.75
201,74.0,87.73333333333333,68.93333333333334,71.06666666666666,84.33333333333333
202,81.8,91.73333333333333,79.66666666666667,87.86666666666666,84.8
203,92.66666666666667,92.8,87.86666666666666,91.53333333333333,89.2
204,93.4,93.73333333333333,91.26666666666667,93.46666666666667,92.86666666666666
205,93.26666666666667,94.0,92.13333333333334,94.13333333333334,92.93333333333334
206,94.86666666666666,94.0,93.0,94.66666666666667,93.26666666666667
207,95.06666666666666,95.06666666666666,93.66666666666667,95.53333333333333,94.6
208,95.66666666666667,96.06666666666666,93.26666666666667,95.13333333333334,92.86666666666666
209,95.86666666666666,95.53333333333333,94.86666666666666,96.46666666666667,94.46666666666667
210,94.53333333333333,94.8,95.13333333333334,96.0,94.93333333333334
211,96.66666666666667,96.53333333333333,95.93333333333334,96.86666666666666,95.8
212,96.73333333333333,96.8,96.06666666666666,97.26666666666667,96.06666666666666
213,97.06666666666666,96.66666666666667,96.33333333333333,97.06666666666666,96.2
214,97.06666666666666,97.4,96.8,97.0,96.46666666666667
215,97.66666666666667,97.4,97.06666666666666,97.46666666666667,96.73333333333333
216,97.86666666666666,97.93333333333334,97.33333333333333,97.46666666666667,96.73333333333333
217,98.13333333333334,97.86666666666666,97.0,97.6,96.33333333333333
218,98.46666666666667,98.2,97.4,97.8,96.53333333333333
219,98.2,98.66666666666667,97.53333333333333,97.93333333333334,96.86666666666666
220,97.73333333333333,98.4,97.73333333333333,98.4,97.8
221,98.53333333333333,98.4,97.73333333333333,98.8,97.06666666666666
222,98.0,98.73333333333333,98.2,98.26666666666667,97.73333333333333
223,98.06666666666666,98.8,98.13333333333334,98.8,97.8
224,98.46666666666667,99.13333333333334,98.13333333333334,98.66666666666667,97.66666666666667
225,98.33333333333333,99.13333333333334,98.13333333333334,98.6,97.73333333333333
226,98.4,98.73333333333333,98.06666666666666,98.6,97.73333333333333
227,98.26666666666667,99.13333333333334,97.66666666666667,98.86666666666666,97.86666666666666
228,98.46666666666667,98.93333333333334,98.2,98.86666666666666,97.93333333333334
229,98.53333333333333,99.06666666666666,98.0,98.93333333333334,98.33333333333333
230,98.53333333333333,99.33333333333333,98.33333333333333,99.06666666666666,97.66666666666667
231,98.73333333333333,99.06666666666666,98.2,99.2,98.06666666666666
232,98.33333333333333,99.2,98.46666666666667,98.93333333333334,98.0
233,98.73333333333333,99.33333333333333,98.13333333333334,99.06666666666666,98.46666666666667
234,98.26666666666667,99.26666666666667,98.06666666666666,98.86666666666666,98.13333333333334
235,98.66666666666667,99.26666666666667,98.06666666666666,98.66666666666667,98.0
236,98.66666666666667,99.06666666666666,98.13333333333334,98.86666666666666,97.86666666666666
237,98.46666666666667,99.26666666666667,98.2,99.26666666666667,98.06666666666666
238,98.6,99.2,98.4,99.13333333333334,98.4
239,98.66666666666667,99.2,98.2,98.93333333333334,98.06666666666666
240,98.66666666666667,99.06666666666666,98.2,99.0,98.2
241,98.46666666666667,99.2,98.2,99.0,98.13333333333334
242,98.53333333333333,99.33333333333333,98.26666666666667,99.26666666666667,98.2
243,98.13333333333334,99.13333333333334,98.2,99.2,98.2
244,98.4,99.33333333333333,98.0,99.2,98.2
245,98.8,99.33333333333333,98.4,99.2,98.26666666666667
246,98.53333333333333,99.26666666666667,98.2,98.93333333333334,98.2
247,98.73333333333333,99.4,98.46666666666667,99.26666666666667,98.6
248,98.66666666666667,99.4,98.4,99.0,98.13333333333334
249,98.66666666666667,99.2,98.0,98.93333333333334,98.33333333333333
250,98.6,99.26666666666667,98.33333333333333,99.06666666666666,98.0
