Epoch,Train Loss,Train Accuracy,Val Loss,Val Accuracy
0,0.0011889447321900258,9.17516086236804,0.0012265032324227404,9.131145651008342
1,0.03499487749071465,2.638181191654585,0.06199194131966929,1.168555893658679
2,0.20938995564508245,4.145144415122619,0.05736883865346019,7.627232323164488
3,0.16907556433156037,10.42347777322372,3.6119792817002963,3.244618935708615
4,0.043715148709931484,3.907826903934089,10.414772580560431,3.441727853951336
5,0.051785336584536774,4.737556801183964,17.652296405296624,4.911421378873019
6,0.06753701184744981,4.28226316073379,23.76507473992916,3.261266191988945
7,0.0814150795815789,3.771236166328253,26.46569553910265,3.279772277570932
8,0.07945071131789373,3.6842005012394945,23.644503845501337,6.56550085810724
9,0.0560480598063158,2.0933757957476793,17.31065357212856,11.81575207191654
10,0.07193457305738321,4.31740662898458,11.431004465908979,10.390142210431048
11,0.05103968476676188,2.09125161884775,4.993899967308383,7.859217833185606
12,0.048285428591944894,2.305548862105411,2.4431907109699225,6.604464245721827
13,0.047765192370026376,2.1145002036204956,1.2160990831330267,6.340917052325512
14,0.04733111711353581,1.5260697523012787,0.6472069274493537,6.37983642145001
15,0.043918952018425696,2.143724692108471,0.3961552758914576,6.168593834068242
16,0.04581813832240298,1.6519348924485155,0.22777253659738095,5.696072499420745
17,0.047926164187908245,2.082733246908445,0.1539983668686615,4.805010703574009
18,0.046232303510426655,1.6055459438389716,0.09452801574193456,3.9774152696178944
19,0.04258652732684197,0.8793937305515267,0.06432034782325047,3.230063710814946
20,0.04520684765488279,1.6055459438389716,0.046560390073498284,2.881240963215652
21,0.03718423224318582,1.5405626677721773,0.04521602177220343,2.6699796240689264
22,0.038650324085278256,1.4360439485691996,0.04210179405897781,2.5300052198166565
23,0.036371052525826265,1.1274356350191832,0.03349466015207858,2.3075992872962257
24,0.04051455740862511,1.4047538337136976,0.03760588519289178,1.9189235441531114
25,0.03808505876937134,1.4204850501775,0.03183710863120999,1.7756548951134354
26,0.03884167501530987,1.1234866364235163,0.02768189647092969,1.5766100588334224
27,0.03608476565586148,1.382429423555181,0.027769963523142146,1.3486838060550337
28,0.04317687814615519,1.6275407487644948,0.02774074937433566,1.137362356513135
29,0.04016704341459323,1.1623730516108488,0.030025558099020355,0.9741340759027107
30,0.03634153225754079,1.3097921802925645,0.026684655685801972,0.8338304908812034
31,0.036247556734671754,1.3564659966250536,0.02361309624517749,0.7179601448668523
32,0.038616879102701784,1.6275407487644913,0.025042335074409533,0.6141756492682716
33,0.037283224949208944,1.2110601416389983,0.024388758091888563,0.5206916689126012
34,0.038091853320148444,1.2036980056845206,0.02572810930247947,0.476593046310853
35,0.04070337989490385,1.1813363431112922,0.022955884259900833,0.46560579874595703
36,0.03813511495866059,1.707499796648761,0.023283632392800954,0.4510806190127304
37,0.03821495342531661,1.2292725943057201,0.023596606593385916,0.4756558663299527
38,0.040263203254574255,1.0954451150103357,0.02538540526390413,0.41810156379342744
39,0.03780014321626133,0.8844332774281082,0.02162401889795063,0.4560781317133263
40,0.04188240544474485,1.4817407180595226,0.02601316587440055,0.5091840158834118
41,0.041951914257546075,1.5289793254906259,0.024414619208794026,0.5560011449552031
42,0.040453563068547825,1.4817407180595226,0.024396401428342384,0.5619720982863183
43,0.03818768984600924,1.257864150940879,0.02583889420655926,0.5509381285334846
44,0.03894127826885958,1.3266499161421603,0.03124672176947149,0.5509381285334829
45,0.04139935143849777,1.2892719737209148,0.02501491381539891,0.5568031086562452
46,0.03936943686649787,1.4236104336041737,0.02710561372824275,0.5486331417236299
47,0.037465579725987415,1.1925695879998877,0.02613043616490703,0.5733230402598193
48,0.03943546645403788,1.511437873167282,0.02502385183056229,0.5922802048595431
49,0.03965077958067504,1.3824294235551844,0.025851572630131305,0.5969628092630835
50,0.0361690370847537,0.8273115763993898,0.024571943700388517,0.6062195186505419
51,0.15727193810423723,2.116076033080518,0.6863919436129119,8.860327901775468
52,0.046839253333758504,1.8299969641747755,0.34557679498134,7.929915173856201
53,0.06359832059252263,3.043024810940584,0.3197946008464982,8.375290813295239
54,0.05171091682334618,1.6110727964792795,0.21001254021542995,2.889282917305833
55,0.039938802956613145,1.5253414918196737,0.2980563328181549,11.912246298944662
56,0.042038656594390954,2.557342370508883,0.2630317656693701,11.862380621685762
57,0.020481398711059588,1.641137816678823,0.12204960826506914,9.401655593726458
58,0.03506590521135166,1.2247448713915887,0.18232102968812905,10.961208563591212
59,0.052577082864964306,1.7993826101687689,0.23161945897528308,12.484260813625346
60,0.014568889634512328,0.38873012632302084,0.14427713331843312,12.860410359720154
61,0.046817899015448,1.5326085243430194,0.09995498481115832,9.91627975700326
62,0.02242811503115042,1.3848385385227309,0.07627148845842367,6.633145769855889
63,0.027621815392900165,0.9153020145163971,0.052083564956243555,4.436389223428618
64,0.0323918641004129,1.400793425963383,0.043377050659746,4.4716534095572
65,0.026488238875241397,1.0540925533894607,0.045290107425963275,4.874783876171368
66,0.030825783230779464,1.1860297916438145,0.04519707109281003,3.852751459007635
67,0.03177274489305515,0.9944289260117534,0.029672580897334936,2.149459082751861
68,0.018201267719825092,0.5206833117271117,0.014470725777233124,0.7338927165393624
69,0.026077644283161994,1.1333333333333329,0.007634470675517001,0.3998147246073828
70,0.032774700405985784,0.8326663997864537,0.005311820799073623,0.5040756650029437
71,0.026342276146231396,1.2578641509408812,0.006801604083686892,0.4823629227272383
72,0.023627732326138292,1.0165300454651258,0.007614339064836281,0.4322898941203731
73,0.017752192095930788,1.067707825203131,0.008703436257509288,0.4417649715984695
74,0.01851880607693925,1.1284207253207201,0.008307411276564048,0.32631975525690776
75,0.029987966102995815,1.437590576856524,0.008619191177040648,0.2925777725928324
76,0.030451556854767844,1.4696938456699071,0.008121680560488532,0.3469963531623351
77,0.030832418100531764,1.040299102288479,0.008237366466496802,0.29825707806882534
78,0.02798391039990726,1.045625809423877,0.0057234019728253415,0.2686626632122494
79,0.016748037647118377,1.133333333333334,0.010886098959191777,0.2324000429146608
80,0.024829374184455473,0.9741092797468308,0.008541115930261179,0.2049769238818458
81,0.021569583648838334,1.0132456102380456,0.006413982691449321,0.20110908720594878
82,0.0315880877431893,1.1125546178852448,0.009597716693464365,0.15267689902486184
83,0.028333477623858197,0.8844332774281057,0.005654971920734344,0.19842870411182528
84,0.019915791614141212,0.8273115763993888,0.009800345141945584,0.20278833967046836
85,0.025956854555335543,1.217465491183311,0.007588360811662642,0.16557598599294782
86,0.03220915812531725,0.7817359599705727,0.008723791606373762,0.22498566887527569
87,0.048011833688206065,0.9910712498212301,0.007871940657662451,0.24320807713771578
88,0.02131171403577607,0.5333333333333344,0.009792280476354838,0.25292149635988037
89,0.024464141964684227,1.0413666234542212,0.012016818288724243,0.26008861802486616
90,0.013929595226056645,0.8524474568362929,0.008052418411618845,0.2500827813595067
91,0.04269467984423693,0.9752492558885176,0.01092346464637497,0.2502968017507177
92,0.0229711930667237,0.8653836657164791,0.011577578305105843,0.24547256521054522
93,0.021259814113778037,0.8192137151629642,0.01052143279649816,0.22530277356946904
94,0.021367788142906394,0.962635271879577,0.010403904186659313,0.230394561967651
95,0.022362363890807212,0.7118052168020865,0.011883858382811368,0.2600886180248618
96,0.02886471719466692,1.0132456102380456,0.010994092484259244,0.2687290898823702
97,0.010177264464731097,0.7408703590297608,0.013070825094109128,0.23163075896701338
98,0.01925991171583105,1.1709445380166867,0.012549392574458211,0.2729467732186397
99,0.03474382764777445,0.9660917830792974,0.007715041289708696,0.25815996818676995
100,0.030952081761026685,1.0349449797506658,0.011581214809851921,0.25940146063386266
101,0.23355440876281994,6.546472049607809,1.3382313199317353,11.031783206884342
102,0.22484357554974707,12.020846090884815,7.1758194958195896,11.684349169801134
103,0.07850296655130638,3.9553058597843513,22.511041399269466,1.03774344691806
104,0.0656562768672658,3.3373309362090193,20.414622811472928,11.809582786159199
105,0.06804631065228958,3.3596002113714225,11.09522315189364,12.359255150174366
106,0.06383018152465073,2.95864500184013,3.4003536213842893,13.387271939997989
107,0.05001804328512334,2.125680718856556,2.5383987279756766,13.414767305132715
108,0.036440643884992595,1.2988123729957766,1.9805395603178733,12.221130571011495
109,0.0334995463811865,1.608618761853675,0.974223128024324,9.336248595325001
110,0.03129350102581382,1.4814074055554634,0.34634770333780757,11.596712690064944
111,0.0273785637720057,1.1053182324840782,0.195000028358906,10.391688148863027
112,0.023761861633776284,0.9609665915750941,0.1208895045226853,7.894087193099989
113,0.022423089422257833,1.100841429022295,0.07850953810409378,5.251160614305612
114,0.022226772294912142,0.9568466729604881,0.04795776872701319,3.2969512668116634
115,0.02139496923360774,0.9797958971132716,0.038094271015824466,2.192563449057008
116,0.020505765778051414,1.144821944212556,0.033576328121044254,1.829539332196484
117,0.02299150398339689,0.9124651185621203,0.028574018596301674,1.6319050483484294
118,0.021388303998951592,0.9173229973577909,0.025639181285849456,1.5489713320186793
119,0.02086779508792758,0.745687188247225,0.022322031801593666,1.4317750973111607
120,0.01983210771438398,0.8692269873603568,0.020705034220251876,1.5519643826584462
121,0.023439360227783226,0.9469900334516682,0.020360087823924202,1.247512892893882
122,0.021928804908421622,0.8680899993166478,0.017230686761702876,1.114759616085981
123,0.0224732801221621,0.9802997777827916,0.015630798840036143,0.9098051393255799
124,0.020025703241852894,0.6970838729492498,0.013803885860690862,0.768209083746902
125,0.02297122475601678,1.0680546525064791,0.014010678241206637,0.6832622179820559
126,0.022564761700813663,0.9178611745805914,0.01183198047437899,0.7117932107527984
127,0.020919422505780213,0.9516716935717251,0.013075401397306306,0.5591382596219895
128,0.021709250912711628,0.7856742013183855,0.013816897672078395,0.5230174183670108
129,0.023399270338075887,1.0809232450680253,0.01031005372621739,0.4648384847790194
130,0.022887154439089792,0.9711899281516462,0.013869431770888133,0.473738270349646
131,0.024474143882618163,1.006153904237489,0.011208762335662037,0.47290867153209026
132,0.02086708230386361,0.9568466729604863,0.01147719625200918,0.47872295645847945
133,0.024496261114584174,1.1666137554139278,0.013095703595756267,0.443820734657167
134,0.020903811948708304,0.9359750972734533,0.013149359920205602,0.4680908824491599
135,0.02176371861951571,0.9412363815354394,0.010409892301284585,0.4787975180906534
136,0.023868277352129826,0.9671135620883957,0.013188242003218038,0.4508035545954989
137,0.024349623098062996,0.9412363815354386,0.009094756597764795,0.4323724631009995
138,0.02219521828136049,1.002712370904753,0.008507620078094157,0.44410215550546334
139,0.022647802124138354,1.1142178788197032,0.009358359015345225,0.4297223866481271
140,0.023020779321068118,0.9226906440900741,0.011891558000873138,0.43125644799914686
141,0.02399048295312621,1.0217390162286786,0.010132482824509285,0.44901834408404023
142,0.025732497935171787,1.1746289143468867,0.011577064214961961,0.466563166616934
143,0.02347356508961363,1.2344839477627685,0.01205641662131577,0.45803069707458854
144,0.021815140587989033,1.0517475169954884,0.011192623788258457,0.46306883751228345
145,0.02420965736601905,0.9952975856248327,0.011456459572134795,0.45016962416468015
146,0.022268338698726332,0.9464684195131942,0.009959378158841807,0.4549025696627865
147,0.026605020997985347,1.0900220860827308,0.011680469078447163,0.44095617382818464
148,0.022222603168380078,1.0149499774817103,0.010663060143634353,0.435498484321136
149,0.021709542191203864,0.9386094258641301,0.012155925743251472,0.43815436121551715
150,0.024364067038965216,1.1517029795422191,0.012504942500632594,0.45787479826235483
151,0.13091832696113578,4.30935674498591,31.5130698104359,11.21353197407435
152,0.040025607778664235,1.8158254933286446,9.01413543583549,13.572702627937307
153,0.034206735601854464,1.5178566760036627,0.831718636084641,10.30083455148419
154,0.029041452255930928,1.169520319523256,0.2500761345950242,8.59266153704273
155,0.024588982216322993,0.8771798244627184,0.1546660836335767,7.306565605579259
156,0.023406323649433094,1.603468462774094,0.2006173415236733,9.041957312681577
157,0.021935197426397577,1.3605554421305712,0.17011262964867999,17.751961710828393
158,0.023055340473235673,1.4854853303438125,0.15016168443396388,18.06780773511021
159,0.018033666109128186,1.2080746849613415,0.2281015781308661,19.041929213963016
160,0.03098864386765677,1.1965227397198384,0.34131485140375895,18.815791252546948
161,0.030840791879319585,1.5027752105133148,0.23425686615953398,17.935332312254932
162,0.02639173141189338,1.0997474457549061,0.13391837944278862,13.68860801507778
163,0.02470222622789904,1.4263395263556446,0.10213491198862303,8.565557184963932
164,0.021705918649816434,1.380016102965631,0.10764189400147522,8.836178150677409
165,0.016247684383624842,1.0319883720275107,0.10274417352500352,8.259995418832027
166,0.016436240379945108,0.8222597589029321,0.06365042923469784,4.022323742733098
167,0.01522508315387183,0.7129749878735823,0.03493992511033287,1.9330560555732457
168,0.02294289517572944,1.0115993936995682,0.02977630458140619,1.8436115734054481
169,0.01718092619897616,0.7673909622147579,0.038787728446166986,2.1505880963366937
170,0.017513325172760785,1.0780641085864144,0.09630765280324285,5.458225913589985
171,0.021336225621287376,0.9300537618869127,0.056844834735230165,2.549338984403143
172,0.023039034596110484,1.0309111396128083,0.026342919601929356,1.1984467520170898
173,0.01901727408315826,0.9270622656782239,0.019827078339417853,0.8650957397029336
174,0.021246955742598998,0.9360080721399346,0.01808332298930609,0.7413696359475641
175,0.015796422610502264,1.0151628221894036,0.019227923689400676,0.7754011918717761
176,0.01651149959648309,0.7348469228349543,0.017568675723222158,0.7492961310484292
177,0.02167985192562727,0.7520342781785678,0.01311142044538433,0.6005102462604652
178,0.019733614410344893,0.9451631252505243,0.01320532853262902,0.5992606075706699
179,0.02052338296116605,1.0173494974687929,0.014345626537102776,0.6112626388738924
180,0.021038265845403938,1.0033277962194929,0.014936792742757329,0.5785603909263116
181,0.01725783966622967,0.7835106182362077,0.009664400919709673,0.5927320627729786
182,0.01947482982891574,0.903081145609601,0.010792807314822492,0.4784618992431613
183,0.018860587761448448,0.808633964713879,0.008990338126983561,0.45572578150103144
184,0.021341999532299524,0.8621678104251723,0.010280674327820365,0.41104085674542273
185,0.019263158017519738,0.8903806926128718,0.008860489082737656,0.43352677760423475
186,0.020738992736381294,0.9478044805408616,0.01043712177454034,0.43852083024022126
187,0.019056010654763374,0.9264628073124856,0.0069248996584299945,0.4574458025733548
188,0.021851075142816128,0.895048105473168,0.012886495110736746,0.4628760768838979
189,0.020747112832115566,0.823947139620551,0.01317202485588267,0.47842459372680946
190,0.023467872522708686,0.8778129388175763,0.009731315218549004,0.46957561997588604
191,0.01991551371755519,0.9330356668185592,0.010331686883361316,0.47618091435928744
192,0.024337605897753422,0.9516068282413445,0.011853093944471024,0.4765930463108546
193,0.021765220216038293,0.8717797887081334,0.011161911400254371,0.4366854096974251
194,0.019618417320082245,0.8209073570683137,0.009986217861489692,0.45748481880461417
195,0.022647832241292187,0.9392668535736898,0.007593709310766782,0.48317628915913363
196,0.023487281528130465,0.8828615092099332,0.011830478503830701,0.4841726441185682
197,0.022272044937986887,1.0005554013202427,0.009666993148902342,0.46587406006219567
198,0.02097416256107126,0.8376554582086062,0.012666988118918938,0.47823802249415026
199,0.020720835343548575,0.8343327340522547,0.015128424276577977,0.4718885341932647
200,0.021328158633863357,0.9107384061542837,0.009409272305623434,0.4853140846903024
201,0.18938230510543894,7.456946053475541,39.262918602216075,10.436966295304524
202,0.08055263632610399,4.29254651175215,21.614735020975505,3.4602952721082305
203,0.04530701203097707,1.9588658850354106,12.543556536144425,11.2825109888777
204,0.022096735451493703,0.8858392128998996,1.2048275192992182,11.742950736942026
205,0.015679030786258805,0.7322416116131181,0.6464801729115728,12.243047151230815
206,0.015317764917146632,0.7382863039950464,0.6021893802268218,13.70725672501781
207,0.017841729433462135,0.6330174650916892,0.34340069387530264,12.32021019069078
208,0.025811591434008383,1.2927146286443567,0.24433955289700948,16.35934064902558
209,0.01701137460884496,0.7100547709703655,0.4129896217257046,18.117808535597003
210,0.008816429907685356,0.4995998398718725,0.19783228259775967,15.100599753961601
211,0.008136859079465309,0.41867515914953446,0.16472345176913428,12.092856275519438
212,0.00861123648954239,0.4626493752772672,0.14521398722208148,10.008132964452566
213,0.008345043901937344,0.36024682896283305,0.14043559092049437,8.757714560904045
214,0.010604677697422163,0.3081125335544369,0.12485370201967654,7.8898557182316225
215,0.007491472477530093,0.3293090409394278,0.1241272095019791,8.821466782142958
216,0.009038672924374063,0.4320493798938569,0.14178617110634528,9.99374836824486
217,0.01044452618469803,0.6469071717711059,0.17388498702032484,11.924435036827457
218,0.01185626673134589,0.6777741347807388,0.1759725418141485,11.249508744504585
219,0.012129595431911817,0.6104279009205159,0.12518220074324318,7.332511068409769
220,0.009461824933953186,0.31664912232101394,0.08689131451000687,4.392479749549146
221,0.010147525017020136,0.6276587891167912,0.0442545277993379,2.2870573276846176
222,0.008700619430662975,0.33038697848970316,0.02534523511691992,1.112836620664027
223,0.01079710248739605,0.4074855143982959,0.01675579443155149,0.606366712902715
224,0.008627274330921622,0.494233413142684,0.013899258073918123,0.5265545773850675
225,0.011732090150361304,0.46837781520667526,0.012292359018978972,0.41980567341916974
226,0.00949465418960938,0.36417334089993747,0.010864250748499362,0.4350474241438421
227,0.010165733985685543,0.5634812429097457,0.01233225018810945,0.4242884641069304
228,0.010202986605475951,0.38273866918419336,0.005488975324580245,0.3669949958679137
229,0.010415640694674412,0.3900997023554082,0.00812175546783277,0.4179307706638335
230,0.010341386011864026,0.58332380944606,0.006908163469499572,0.4301375373455156
231,0.00903548902937167,0.45294100670568116,0.007882123915099046,0.4097360999139612
232,0.010517868206219222,0.4287449384216959,0.006137626477772694,0.39419496562499023
233,0.009927286960566084,0.4245782220824134,0.010382542254871063,0.38256802442490273
234,0.011220519167205475,0.46837781520667304,0.006513632199859964,0.3991445312693423
235,0.010789441066333318,0.4638007234913633,0.007917653711871642,0.39051018194478787
236,0.010065111541670049,0.4509742540076728,0.006776054688107436,0.3884939225204138
237,0.00931506194096562,0.5170858514577416,0.009909483236007844,0.4144570669516091
238,0.009789698519415545,0.35125172992852016,0.009362238974053584,0.39324296673325276
239,0.010605867340594993,0.4287449384216959,0.009790210259210792,0.4135948711625017
240,0.009380306971822712,0.37380922050336285,0.009895284300547678,0.4343494098005899
241,0.011237630368356821,0.427914840956831,0.011378759196967073,0.4336091110543358
242,0.011255819713490748,0.486986196473323,0.010873118871882253,0.4314633352492388
243,0.010886585012002762,0.4855237721608835,0.011126138786871895,0.42613539531641065
244,0.012228652430134304,0.5392999577641767,0.010749694281183048,0.4338148763157901
245,0.01081092980590765,0.42163702135578246,0.012099294800448506,0.4212911149072391
246,0.010528318747709648,0.4186751591495347,0.008022871559012554,0.41878403976497736
247,0.01063505071950803,0.37142368739157827,0.008648222163397471,0.42129111490723875
248,0.009480454180897635,0.445021847154096,0.007234024679871094,0.42751535752170877
249,0.009531707701766059,0.42499673201358146,0.011433436633515398,0.42751535752170877
250,0.010097589173170437,0.46456670373824904,0.010734070787541832,0.4240359865694847
