Epoch,Train Loss,Train Accuracy,Val Loss,Val Accuracy
0,0.7855958104133606,54.35149978876215,0.7825324058532714,55.40768905787917
1,0.7568427681922912,51.00000000000001,7.651985454559326,44.592310942120825
2,1.0687244415283204,57.13333333333334,1.50833979845047,57.83269961977186
3,0.9651567578315735,57.86666666666666,1.4763661623001099,58.96070975918885
4,0.4868395566940308,78.53333333333333,1.702182126045227,66.29066328686102
5,0.42284905910491943,83.93333333333334,0.9549686551094055,74.32192648922687
6,0.35140257477760317,85.6,0.7413364171981811,76.50612589776088
7,0.3008126139640808,88.26666666666667,0.7013913989067078,77.83269961977187
8,0.25583712160587313,90.66666666666666,0.6891861319541931,78.15800591465991
9,0.2130950480699539,92.46666666666667,0.7231677293777465,77.16096324461344
10,0.17693463265895842,93.53333333333333,0.8755651235580444,74.17405999155048
11,0.15485881567001342,94.6,0.8516809344291687,74.29657794676807
12,0.14821308702230454,94.8,0.7994022965431213,75.4837346852556
13,0.13474526405334472,95.26666666666668,0.7376979172229767,76.73426277989016
14,0.12515791058540343,96.13333333333333,0.6939934134483338,77.68060836501901
15,0.1203361615538597,96.2,0.6641761004924774,78.27207435572456
16,0.1181924358010292,95.86666666666666,0.6330370604991913,78.61005492184199
17,0.11198500543832779,96.26666666666667,0.6123067438602448,78.95226024503592
18,0.10629307925701141,96.4,0.5908355295658112,79.23531896915928
19,0.09706421196460724,97.0,0.5557974576950073,79.7760878749472
20,0.0914202407002449,97.53333333333333,0.5296205699443817,80.63371356147022
21,0.08575472980737686,97.86666666666666,0.4843663156032562,81.63498098859316
22,0.08481519222259522,98.06666666666666,0.4585709095001221,82.75031685678073
23,0.08534498661756515,97.8,0.4370013475418091,83.59949302915082
24,0.08464203029870987,97.93333333333334,0.413345205783844,84.5289395859738
25,0.08446570336818696,97.66666666666667,0.40187748670578005,85.27672158850866
26,0.08209355771541596,98.06666666666666,0.38450565934181213,85.9357836924377
27,0.08069245889782906,97.86666666666667,0.3623484432697296,86.41318124207858
28,0.0794405274093151,97.6,0.348308789730072,86.97929869032531
29,0.07846941351890564,98.06666666666666,0.33143221735954287,87.29615547106042
30,0.07792997881770133,97.93333333333334,0.33204466104507446,87.65948457963667
31,0.07773483619093895,97.93333333333334,0.316638708114624,87.98479087452472
32,0.0761152409017086,97.8,0.3045976281166077,88.35656949725391
33,0.07868948802351952,97.93333333333334,0.3020371079444885,88.58893113645965
34,0.076901363581419,97.86666666666666,0.2930091321468353,88.80439374735951
35,0.07789008021354675,98.13333333333333,0.2894408285617828,89.10012674271229
36,0.07744774222373962,98.0,0.28260386884212496,89.31981411068864
37,0.07753384932875633,97.73333333333333,0.2793011128902435,89.45500633713561
38,0.07533332407474518,97.93333333333334,0.27329412698745725,89.56907477820025
39,0.07656120881438255,98.00000000000001,0.27127945721149443,89.74651457541191
40,0.07705807089805602,97.86666666666666,0.2685555130243301,89.83523447401775
41,0.07777068242430688,98.13333333333334,0.26576095819473267,89.89438107308828
42,0.07589265778660774,97.93333333333334,0.26773388385772706,89.96620194338826
43,0.07889948114752769,97.86666666666666,0.26064805388450624,90.03802281368822
44,0.07734485939145089,98.06666666666668,0.26134402453899386,90.11829319814112
45,0.07919182479381562,97.6,0.2583151817321777,90.11406844106463
46,0.07675074860453605,98.2,0.2589628994464874,90.15209125475286
47,0.07627319917082787,97.93333333333334,0.2566281706094742,90.24503591043515
48,0.07644673213362693,98.26666666666667,0.25592978298664093,90.28305872412336
49,0.07707985043525696,98.13333333333333,0.2543486386537552,90.32108153781158
50,0.07683651819825173,98.06666666666666,0.2539598882198334,90.37177862272918
51,0.7855957984924317,54.35149978876215,0.7821285963058472,55.40768905787917
52,0.9485034942626953,51.233333333333334,0.9613734602928161,61.36459653569919
53,0.7382301330566406,61.133333333333326,1.834201157093048,62.2644697929869
54,0.4539366364479065,80.3,0.8358972072601318,73.90367553865653
55,0.35383532047271726,85.03333333333333,1.11883864402771,69.87748204478243
56,0.3305164039134979,85.80000000000001,1.1041484236717225,74.16138572032108
57,0.26596050560474394,88.4,0.8376722693443298,77.00042247570765
58,0.2512058556079865,89.89999999999999,0.6724682807922363,78.1875792141952
59,0.23773316144943238,91.9,0.5995034337043762,77.71018166455428
60,0.2167925179004669,92.33333333333333,0.5887628614902496,82.89818335445712
61,0.2296790212392807,92.5,0.5864679932594299,82.38276299112802
62,0.1785021483898163,93.1,0.4773011565208435,83.79383185466835
63,0.17365292459726334,93.86666666666666,0.381367614865303,85.55978031263203
64,0.16063645482063293,94.6,0.31717132925987246,87.26658217152513
65,0.15166111290454865,94.99999999999999,0.2826556921005249,88.7029995775243
66,0.15342631936073303,94.93333333333332,0.252827587723732,89.82256020278835
67,0.12993791848421096,95.46666666666667,0.2316981315612793,90.6886354034643
68,0.13731048852205277,95.56666666666666,0.22333335876464844,91.19983100971692
69,0.11535350233316422,95.9,0.22231515645980834,91.30122517955218
70,0.11489839255809783,96.0,0.22779788672924042,91.16180819602873
71,0.1121870994567871,96.26666666666667,0.22935088872909545,90.78580481622306
72,0.11482954174280166,96.43333333333334,0.22338594496250153,91.12801013941699
73,0.12045988291502,96.1,0.21886712610721587,91.2970004224757
74,0.11337191909551621,96.56666666666666,0.21497200131416322,91.58428390367553
75,0.11707393079996109,96.5,0.21364134848117827,91.787072243346
76,0.11462948620319366,96.73333333333333,0.20928978323936462,91.81242078580482
77,0.10764898657798767,96.66666666666667,0.2093073308467865,91.93493874102239
78,0.10569054037332534,96.83333333333334,0.21108214557170868,91.97718631178708
79,0.10961218178272247,96.86666666666666,0.20872300267219543,91.97718631178707
80,0.10584830045700074,96.8,0.2087081789970398,91.98141106886354
81,0.09678588211536407,96.76666666666667,0.20774344503879547,92.0278833967047
82,0.08893898725509644,96.7,0.20837487876415253,92.01098436839882
83,0.12383876293897629,96.9,0.20796961784362794,92.02788339670468
84,0.10647589564323426,96.83333333333334,0.21012261211872102,92.03633291085762
85,0.09787679612636566,96.83333333333334,0.20967835783958436,91.97718631178707
86,0.0942130908370018,96.8,0.2056068480014801,91.98986058301648
87,0.1065484955906868,96.76666666666667,0.20552364587783814,92.01943388255175
88,0.11413715928792953,96.53333333333333,0.2128840357065201,92.04055766793411
89,0.1121776282787323,96.96666666666667,0.20469864308834076,92.03210815378117
90,0.10033330470323562,96.9,0.20912233591079712,92.03210815378115
91,0.1139012411236763,96.9,0.20959284901618958,92.04900718208702
92,0.10266452878713608,96.86666666666666,0.20877168476581573,92.02365863962822
93,0.10670475959777832,96.96666666666667,0.20887175798416138,91.97718631178705
94,0.10197413861751556,96.9,0.20964311361312865,92.02365863962822
95,0.08854790478944778,96.8,0.20967918634414673,92.05745669623997
96,0.09829158633947373,97.16666666666667,0.21004361510276795,92.03633291085762
97,0.10336691737174988,97.03333333333333,0.20949479341506957,92.06168145331642
98,0.10080680400133132,96.8,0.20792778134346007,92.06168145331642
99,0.0900890976190567,97.1,0.2083102822303772,92.0278833967047
100,0.10493190288543701,96.83333333333334,0.2095163196325302,92.03210815378115
101,0.10541120767593384,97.06666666666668,0.2113780915737152,92.0278833967047
102,0.7855958223342896,54.35149978876215,0.7831870675086975,55.40768905787917
103,0.9485058665275574,53.733333333333334,0.9192911982536316,58.49176172370088
104,0.6837239027023315,68.15555555555555,1.0945290207862854,67.17363751584284
105,0.44507216215133666,82.42222222222222,0.8863883018493652,76.28643852978453
106,0.3389458477497101,85.95555555555555,0.961432957649231,78.41149133924799
107,0.27647635340690613,89.48888888888888,1.0575428485870362,74.1318124207858
108,0.25328563153743744,90.02222222222223,0.7085175096988678,79.24799324038868
109,0.2152314603328705,91.75555555555556,0.639399778842926,81.08153781157584
110,0.1898663580417633,92.66666666666667,0.5532842516899109,83.42205323193916
111,0.17664424777030946,93.75555555555556,0.3992639183998108,85.69919729615546
112,0.15628656446933747,94.3111111111111,0.36400187611579893,85.91465990705535
113,0.1558076560497284,94.46666666666665,0.3099548637866974,87.80735107731307
114,0.13210860043764114,95.44444444444444,0.2766318380832672,89.35361216730038
115,0.11769493520259858,96.11111111111111,0.27077185213565824,89.57329953527673
116,0.1167590782046318,95.97777777777779,0.2576993465423584,89.70004224757076
117,0.1197382926940918,95.86666666666667,0.24685101211071014,90.0929446556823
118,0.1087787002325058,96.62222222222222,0.23899145126342775,90.3717786227292
119,0.10478040874004364,96.73333333333333,0.23941058814525604,90.2915082382763
120,0.09656636714935303,97.13333333333333,0.23352425396442414,90.73510773130545
121,0.09282811433076858,97.0,0.2184653401374817,91.28010139416983
122,0.08892263621091842,97.26666666666668,0.20800537765026092,91.84199408534009
123,0.0827426016330719,97.7111111111111,0.2036070168018341,92.09547950992817
124,0.08298642486333847,97.6888888888889,0.19773884415626525,92.33206590621039
125,0.08088067471981049,97.86666666666666,0.1988522917032242,92.47148288973384
126,0.08156571090221405,97.7111111111111,0.19209427535533904,92.53062948880441
127,0.0815204381942749,97.97777777777779,0.19472889006137847,92.69117025771018
128,0.0778381422162056,97.84444444444445,0.1894199401140213,92.73341782847487
129,0.07851147800683975,97.91111111111111,0.18929061889648438,92.73764258555134
130,0.08057458400726318,97.86666666666667,0.18825760185718537,92.80946345585127
131,0.07751860916614532,98.02222222222223,0.18800283670425416,92.85593578369244
132,0.07727053463459015,97.95555555555555,0.1911102145910263,92.82636248415716
133,0.0760178655385971,98.02222222222223,0.19029970169067384,92.84326151246303
134,0.0745328739285469,98.04444444444444,0.1913168489933014,92.8601605407689
135,0.07584049254655838,97.97777777777779,0.18839289844036103,92.85593578369244
136,0.07548143267631531,98.11111111111111,0.1854012280702591,92.87283481199832
137,0.07593204379081726,98.02222222222223,0.1885334312915802,92.86438529784536
138,0.07503622472286224,98.08888888888887,0.18762903809547424,92.87705956907477
139,0.0756759986281395,98.04444444444445,0.18772177994251252,92.86861005492185
140,0.07555017173290253,98.15555555555557,0.18741434216499328,92.88128432615125
141,0.07376581132411957,97.86666666666667,0.18841516971588135,92.89818335445712
142,0.07678480297327042,97.97777777777777,0.1917220175266266,92.88550908322772
143,0.07565124928951264,98.08888888888889,0.1885074645280838,92.88973384030417
144,0.07561417520046235,98.08888888888889,0.1857388436794281,92.88973384030417
145,0.07481521815061569,98.08888888888889,0.18667683005332947,92.89395859738065
146,0.07353837192058563,98.2,0.187262624502182,92.88128432615125
147,0.07588437050580979,98.13333333333333,0.18924227356910706,92.87705956907477
148,0.07590010613203049,98.02222222222221,0.1888890415430069,92.87705956907477
149,0.07446159720420838,98.08888888888887,0.18595344424247742,92.87283481199832
150,0.07215357124805451,98.22222222222221,0.18623892664909364,92.88128432615125
151,0.07620299383997917,97.88888888888889,0.18819752037525178,92.8855090832277
152,0.07505847960710525,98.02222222222223,0.19052475988864898,92.88128432615125
153,0.7855957984924317,54.35149978876215,0.782209324836731,55.40768905787917
154,0.9143769860267639,54.58333333333333,1.4386534094810486,65.10350654837347
155,0.4568257868289948,80.5,0.9663232803344727,72.07858048162231
156,0.3133783280849457,87.58333333333333,1.1978731274604797,65.77946768060836
157,0.27140952944755553,89.38333333333334,1.2301786541938782,74.0135192226447
158,0.23091587126255037,90.91666666666666,0.905420571565628,73.907900295733
159,0.20552811920642852,92.08333333333334,0.5282330334186554,81.83354457118716
160,0.1844416081905365,92.6,0.541089403629303,78.5551330798479
161,0.1764612764120102,93.31666666666666,0.42172786593437195,82.5306294888044
162,0.15899398624897004,94.15,0.3322799354791641,86.38783269961976
163,0.1576933741569519,94.01666666666667,0.3497620761394501,86.64554288128434
164,0.13913404196500778,94.30000000000001,0.26351640224456785,90.07182087029996
165,0.11030471920967103,95.55,0.23002347946166993,91.14913392479932
166,0.11392052471637726,96.26666666666667,0.2149113118648529,91.97296155471061
167,0.1066928282380104,96.41666666666666,0.19245606362819673,92.80523869877482
168,0.09542947560548783,96.98333333333332,0.1859804093837738,92.95732995352766
169,0.08825442045927048,97.15,0.1806395947933197,93.1263202365864
170,0.08431040495634079,97.03333333333333,0.1815299302339554,93.13476975073934
171,0.07471719905734062,97.51666666666667,0.19136133193969726,92.76299112801014
172,0.06589717045426369,97.88333333333333,0.1870409905910492,93.03760033798058
173,0.06460825018584729,98.11666666666667,0.18982803523540498,92.92353189691593
174,0.05701395384967327,98.36666666666667,0.17872497141361238,93.18546683565694
175,0.056616514548659326,98.53333333333333,0.17207785844802856,93.33333333333334
176,0.053617751225829124,98.71666666666667,0.1692373961210251,93.4431770173215
177,0.0529426846653223,98.61666666666666,0.16835210621356964,93.5361216730038
178,0.0500818245112896,98.91666666666667,0.16678886413574218,93.65019011406845
179,0.04985959567129612,98.86666666666666,0.17037321031093597,93.66708914237432
180,0.05367324948310852,98.66666666666667,0.16881952583789825,93.68398817068018
181,0.04997640140354633,98.88333333333333,0.16893911361694336,93.69243768483311
182,0.04604749046266079,98.98333333333333,0.16760782897472382,93.70511195606252
183,0.04587875604629517,98.96666666666667,0.16911177933216096,93.71778622729192
184,0.04705495685338974,98.91666666666666,0.16870506405830382,93.71356147021545
185,0.04563770480453968,99.06666666666668,0.16946378946304322,93.71356147021547
186,0.04984406568109989,99.01666666666667,0.16762663125991822,93.75580904098015
187,0.04653795957565308,98.78333333333333,0.17095196843147278,93.78538234051543
188,0.04697442539036274,98.9,0.17229451835155488,93.77693282636248
189,0.04668480530381203,99.05,0.17412996292114258,93.76003379805661
190,0.045428613945841786,99.06666666666666,0.16977597773075104,93.78115758343895
191,0.04694208987057209,98.95,0.1699291467666626,93.78115758343895
192,0.04543597958981991,98.96666666666667,0.1708320826292038,93.82340515420364
193,0.04715555459260941,99.08333333333334,0.17229596972465516,93.80650612589776
194,0.045746590569615365,99.08333333333334,0.17365427315235138,93.8022813688213
195,0.04779595322906971,99.0,0.17083067893981935,93.79805661174483
196,0.04273987337946892,98.91666666666666,0.16915375888347625,93.83607942543304
197,0.04481223337352276,99.11666666666665,0.17257720232009888,93.79383185466835
198,0.045569442212581635,99.08333333333333,0.172829470038414,93.78115758343895
199,0.04748626686632633,99.0,0.1752066433429718,93.79383185466835
200,0.046168943867087364,99.1,0.17251381874084473,93.77270806928601
201,0.043734627217054366,99.01666666666667,0.1705392360687256,93.8149556400507
202,0.04512403979897499,99.11666666666666,0.17243877053260803,93.79383185466835
203,0.042592964693903924,99.13333333333334,0.17440284490585328,93.78115758343895
204,0.7855958104133606,54.35149978876215,0.7825415253639221,55.40768905787917
205,0.9193034172058105,54.88000000000001,1.368156099319458,60.460498521335026
206,0.45077656507492064,81.93333333333334,0.8331080675125122,74.98943810730881
207,0.31037729382514956,87.22666666666666,0.9293370187282562,73.0882974228982
208,0.2650135964155197,89.46666666666667,1.0143139123916627,75.95268272074357
209,0.2303815096616745,91.01333333333334,0.8768656313419342,73.907900295733
210,0.19773303866386413,92.34666666666666,0.40185598134994505,85.91465990705535
211,0.17542719542980195,93.25333333333333,0.36071689128875734,85.81749049429658
212,0.15415362119674683,94.09333333333333,0.3110726773738861,87.77355302070131
213,0.141813662648201,94.81333333333333,0.3034583508968353,88.01858893113646
214,0.1360791102051735,94.84,0.3107297956943512,87.69750739332487
215,0.11650545299053192,95.78666666666666,0.2562892913818359,90.22813688212928
216,0.1022598385810852,96.41333333333334,0.21546545326709748,92.17997465145754
217,0.09156459420919419,96.96,0.19853605329990387,92.53062948880441
218,0.08360538929700852,97.45333333333333,0.20623030066490172,92.31094212082806
219,0.07959359586238861,97.32,0.19228220880031585,92.97000422475706
220,0.06809268668293952,98.13333333333334,0.1753922551870346,93.75580904098014
221,0.06266926378011703,98.29333333333332,0.17377314269542693,93.76425855513307
222,0.056192196905612946,98.36000000000001,0.17779191434383393,93.57836924376848
223,0.050643115490674975,98.6,0.190060618519783,92.94888043937473
224,0.04293208867311478,99.05333333333333,0.19079137742519378,92.9277566539924
225,0.03731267936527729,99.30666666666667,0.1729801505804062,93.62061681453315
226,0.03536028228700161,99.25333333333333,0.16530777812004088,94.00929446556823
227,0.0323163665831089,99.45333333333333,0.16221382915973664,94.25855513307985
228,0.03191739991307259,99.51999999999998,0.15670507848262788,94.36417405999156
229,0.030784391239285468,99.52000000000001,0.1546157866716385,94.42754541613857
230,0.03118932619690895,99.49333333333334,0.15741909742355348,94.52049007182086
231,0.028368989750742913,99.64,0.15812774300575255,94.49091677228559
232,0.02791297473013401,99.64,0.1569702982902527,94.4782425010562
233,0.026964974775910377,99.72,0.15975272357463838,94.42754541613859
234,0.026036403700709344,99.72,0.16043103039264678,94.44021968736797
235,0.025252552703022957,99.70666666666668,0.15570482313632966,94.46979298690326
236,0.025648629292845726,99.67999999999999,0.1573067009449005,94.4909167722856
237,0.02531021200120449,99.73333333333333,0.1590313196182251,94.53316434305027
238,0.025535162538290024,99.69333333333334,0.16138345897197723,94.53316434305029
239,0.02511383257806301,99.72,0.15772250294685364,94.55006337135616
240,0.0249461330473423,99.76000000000002,0.15785405337810515,94.5289395859738
241,0.024772407859563826,99.72,0.1584181994199753,94.52049007182087
242,0.0246685191988945,99.72,0.16030620336532592,94.52471482889732
243,0.024969591572880746,99.76000000000002,0.15840283632278443,94.52049007182087
244,0.024894225224852563,99.73333333333333,0.1588219791650772,94.50781580059147
245,0.025835150852799416,99.72,0.15903689563274384,94.50781580059147
246,0.024131696298718454,99.76,0.1584697335958481,94.5162653147444
247,0.024320994690060615,99.74666666666667,0.16225894987583162,94.5162653147444
248,0.025288878381252287,99.69333333333333,0.15989228785037995,94.51204055766793
249,0.025271278247237204,99.76000000000002,0.1625976026058197,94.5162653147444
250,0.02470567896962166,99.77333333333334,0.15645639300346376,94.53738910012675
251,0.0248113926500082,99.67999999999999,0.15735022425651551,94.53316434305027
252,0.024838263541460036,99.77333333333333,0.157467719912529,94.5416138572032
253,0.025696541368961334,99.73333333333333,0.15994670391082763,94.53316434305027
254,0.024136881157755852,99.74666666666667,0.1578727573156357,94.52471482889733
