Epoch,Repetition 1,Repetition 2,Repetition 3,Repetition 4,Repetition 5
0,54.16138572032108,54.07689057879172,54.055766793409376,55.38656527249683,54.07689057879172
1,50.333333333333336,53.666666666666664,49.333333333333336,55.333333333333336,46.333333333333336
2,61.333333333333336,60.0,55.333333333333336,56.333333333333336,52.666666666666664
3,55.0,61.666666666666664,53.666666666666664,59.666666666666664,59.333333333333336
4,78.66666666666667,81.0,77.66666666666667,77.33333333333333,78.0
5,86.0,84.66666666666667,82.0,83.33333333333333,83.66666666666667
6,86.33333333333333,86.33333333333333,85.66666666666667,85.0,84.66666666666667
7,89.33333333333333,89.33333333333333,86.66666666666667,88.33333333333333,87.66666666666667
8,90.33333333333333,93.0,91.0,89.66666666666667,89.33333333333333
9,93.66666666666667,93.66666666666667,90.66666666666667,92.66666666666667,91.66666666666667
10,96.0,93.66666666666667,93.0,92.33333333333333,92.66666666666667
11,96.0,96.66666666666667,94.0,92.0,94.33333333333333
12,96.33333333333333,96.0,94.66666666666667,92.66666666666667,94.33333333333333
13,96.66666666666667,96.66666666666667,94.66666666666667,93.66666666666667,94.66666666666667
14,97.66666666666667,97.0,96.33333333333333,94.33333333333333,95.33333333333333
15,97.0,97.0,96.66666666666667,94.0,96.33333333333333
16,97.33333333333333,96.66666666666667,95.33333333333333,94.66666666666667,95.33333333333333
17,97.66666666666667,97.0,95.33333333333333,96.0,95.33333333333333
18,97.33333333333333,97.33333333333333,95.33333333333333,95.66666666666667,96.33333333333333
19,98.0,97.66666666666667,96.33333333333333,96.0,97.0
20,98.0,98.0,97.33333333333333,97.0,97.33333333333333
21,98.33333333333333,97.33333333333333,98.0,97.66666666666667,98.0
22,98.66666666666667,98.33333333333333,98.0,96.33333333333333,99.0
23,98.66666666666667,97.66666666666667,98.33333333333333,96.0,98.33333333333333
24,98.33333333333333,98.33333333333333,98.33333333333333,97.0,97.66666666666667
25,98.66666666666667,97.33333333333333,97.66666666666667,96.66666666666667,98.0
26,98.33333333333333,97.66666666666667,99.0,97.33333333333333,98.0
27,98.66666666666667,98.0,97.66666666666667,96.33333333333333,98.66666666666667
28,99.0,97.66666666666667,98.33333333333333,95.33333333333333,97.66666666666667
29,99.0,98.0,99.33333333333333,96.0,98.0
30,98.66666666666667,98.0,98.33333333333333,96.0,98.66666666666667
31,98.66666666666667,98.0,99.0,96.66666666666667,97.33333333333333
32,99.0,97.66666666666667,98.33333333333333,96.0,98.0
33,98.0,98.0,98.66666666666667,96.33333333333333,98.66666666666667
34,98.33333333333333,98.0,99.0,96.0,98.0
35,98.33333333333333,97.66666666666667,99.33333333333333,96.0,99.33333333333333
36,98.33333333333333,98.0,98.66666666666667,96.0,99.0
37,98.66666666666667,97.66666666666667,98.33333333333333,95.66666666666667,98.33333333333333
38,98.66666666666667,98.0,99.0,96.33333333333333,97.66666666666667
39,98.66666666666667,98.0,98.66666666666667,96.66666666666667,98.0
40,98.33333333333333,98.0,98.66666666666667,96.33333333333333,98.0
41,98.66666666666667,98.0,99.0,97.0,98.0
42,99.0,98.0,98.66666666666667,95.66666666666667,98.33333333333333
43,98.66666666666667,98.0,98.33333333333333,96.0,98.33333333333333
44,98.66666666666667,97.66666666666667,99.0,96.33333333333333,98.66666666666667
45,98.33333333333333,97.66666666666667,98.33333333333333,96.0,97.66666666666667
46,98.66666666666667,98.33333333333333,99.0,96.0,99.0
47,98.66666666666667,97.66666666666667,98.66666666666667,96.0,98.66666666666667
48,99.0,98.33333333333333,98.66666666666667,96.33333333333333,99.0
49,98.33333333333333,98.33333333333333,98.66666666666667,97.0,98.33333333333333
50,99.0,97.66666666666667,99.0,96.33333333333333,98.33333333333333
51,54.16138572032108,54.07689057879172,54.055766793409376,55.38656527249683,54.07689057879172
52,52.166666666666664,52.833333333333336,51.333333333333336,51.166666666666664,48.666666666666664
53,56.166666666666664,54.833333333333336,58.0,69.33333333333333,67.33333333333333
54,83.0,79.5,78.33333333333333,81.16666666666667,79.5
55,87.33333333333333,85.83333333333333,83.16666666666667,84.5,84.33333333333333
56,90.0,84.16666666666667,84.5,85.66666666666667,84.66666666666667
57,90.33333333333333,88.66666666666667,86.33333333333333,88.66666666666667,88.0
58,91.0,89.83333333333333,88.5,90.33333333333333,89.83333333333333
59,93.66666666666667,92.16666666666667,91.83333333333333,91.5,90.33333333333333
60,93.66666666666667,92.83333333333333,89.83333333333333,92.83333333333333,92.5
61,93.5,93.66666666666667,93.83333333333333,92.33333333333333,89.16666666666667
62,94.16666666666667,95.16666666666667,92.66666666666667,92.5,91.0
63,95.0,94.5,94.16666666666667,93.33333333333333,92.33333333333333
64,95.66666666666667,95.0,94.5,94.83333333333333,93.0
65,95.33333333333333,94.66666666666667,95.33333333333333,95.83333333333333,93.83333333333333
66,96.0,94.83333333333333,95.33333333333333,95.83333333333333,92.66666666666667
67,96.66666666666667,95.83333333333333,95.5,96.16666666666667,93.16666666666667
68,96.5,95.83333333333333,94.66666666666667,96.33333333333333,94.5
69,96.66666666666667,96.5,95.0,96.16666666666667,95.16666666666667
70,97.33333333333333,96.66666666666667,95.16666666666667,96.33333333333333,94.5
71,97.16666666666667,97.0,95.83333333333333,96.5,94.83333333333333
72,97.33333333333333,97.0,96.16666666666667,96.5,95.16666666666667
73,97.33333333333333,95.83333333333333,96.16666666666667,96.33333333333333,94.83333333333333
74,97.33333333333333,97.66666666666667,95.66666666666667,96.83333333333333,95.33333333333333
75,96.66666666666667,97.16666666666667,96.0,97.33333333333333,95.33333333333333
76,97.5,96.83333333333333,96.16666666666667,97.0,96.16666666666667
77,97.16666666666667,97.5,96.33333333333333,97.16666666666667,95.16666666666667
78,97.33333333333333,97.5,96.66666666666667,97.0,95.66666666666667
79,97.33333333333333,97.66666666666667,96.5,97.0,95.83333333333333
80,96.83333333333333,97.5,96.66666666666667,97.33333333333333,95.66666666666667
81,96.83333333333333,97.66666666666667,97.16666666666667,97.33333333333333,94.83333333333333
82,97.16666666666667,97.33333333333333,96.83333333333333,97.0,95.16666666666667
83,97.16666666666667,97.83333333333333,96.83333333333333,97.0,95.66666666666667
84,97.16666666666667,97.16666666666667,96.33333333333333,97.16666666666667,96.33333333333333
85,97.5,97.5,97.0,97.0,95.16666666666667
86,97.5,97.33333333333333,96.83333333333333,97.16666666666667,95.16666666666667
87,97.5,97.16666666666667,96.33333333333333,96.83333333333333,96.0
88,97.16666666666667,96.33333333333333,97.0,97.16666666666667,95.0
89,97.5,97.5,96.66666666666667,96.83333333333333,96.33333333333333
90,97.33333333333333,97.0,96.83333333333333,97.66666666666667,95.66666666666667
91,97.16666666666667,97.5,96.5,97.33333333333333,96.0
92,97.33333333333333,97.16666666666667,96.5,97.33333333333333,96.0
93,97.5,97.33333333333333,96.66666666666667,97.16666666666667,96.16666666666667
94,97.16666666666667,97.66666666666667,96.66666666666667,97.33333333333333,95.66666666666667
95,97.0,97.66666666666667,96.5,97.0,95.83333333333333
96,97.5,97.16666666666667,97.16666666666667,97.5,96.5
97,97.33333333333333,97.5,96.66666666666667,97.16666666666667,96.5
98,97.33333333333333,97.5,97.0,96.66666666666667,95.5
99,97.16666666666667,97.66666666666667,96.83333333333333,97.5,96.33333333333333
100,97.5,97.0,97.16666666666667,96.66666666666667,95.83333333333333
101,97.66666666666667,97.5,97.0,97.16666666666667,96.0
102,54.16138572032108,54.07689057879172,54.055766793409376,55.38656527249683,54.07689057879172
103,53.333333333333336,55.333333333333336,53.0,54.666666666666664,52.333333333333336
104,60.77777777777778,70.33333333333333,67.22222222222223,69.77777777777777,72.66666666666667
105,82.44444444444444,85.44444444444444,77.11111111111111,83.77777777777777,83.33333333333333
106,86.77777777777777,86.88888888888889,84.44444444444444,86.22222222222223,85.44444444444444
107,91.0,89.77777777777777,87.33333333333333,89.55555555555556,89.77777777777777
108,90.66666666666667,90.77777777777777,88.66666666666667,89.77777777777777,90.22222222222223
109,92.33333333333333,91.44444444444444,92.33333333333333,91.66666666666667,91.0
110,93.44444444444444,92.22222222222223,93.0,93.55555555555556,91.11111111111111
111,94.77777777777777,93.33333333333333,93.88888888888889,94.33333333333333,92.44444444444444
112,95.22222222222223,94.0,94.22222222222223,94.33333333333333,93.77777777777777
113,95.66666666666667,94.33333333333333,92.33333333333333,95.88888888888889,94.11111111111111
114,96.22222222222223,94.88888888888889,94.33333333333333,96.22222222222223,95.55555555555556
115,97.0,96.33333333333333,95.44444444444444,96.66666666666667,95.11111111111111
116,96.66666666666667,95.77777777777777,94.88888888888889,97.11111111111111,95.44444444444444
117,96.22222222222223,96.0,94.11111111111111,97.0,96.0
118,97.11111111111111,96.77777777777777,95.33333333333333,97.0,96.88888888888889
119,97.55555555555556,96.44444444444444,96.44444444444444,97.0,96.22222222222223
120,97.66666666666667,97.11111111111111,96.44444444444444,97.33333333333333,97.11111111111111
121,97.88888888888889,96.77777777777777,96.11111111111111,97.66666666666667,96.55555555555556
122,97.88888888888889,97.55555555555556,96.22222222222223,97.66666666666667,97.0
123,98.33333333333333,97.77777777777777,97.33333333333333,97.55555555555556,97.55555555555556
124,98.11111111111111,97.88888888888889,97.44444444444444,97.55555555555556,97.44444444444444
125,98.22222222222223,98.33333333333333,97.33333333333333,98.0,97.44444444444444
126,98.33333333333333,97.77777777777777,97.22222222222223,97.88888888888889,97.33333333333333
127,98.22222222222223,98.11111111111111,97.33333333333333,97.77777777777777,98.44444444444444
128,98.22222222222223,98.33333333333333,97.0,98.0,97.66666666666667
129,98.22222222222223,98.33333333333333,97.0,97.88888888888889,98.11111111111111
130,98.11111111111111,98.55555555555556,97.0,97.55555555555556,98.11111111111111
131,98.55555555555556,98.55555555555556,96.88888888888889,97.88888888888889,98.22222222222223
132,97.88888888888889,98.66666666666667,97.11111111111111,98.0,98.11111111111111
133,98.44444444444444,98.22222222222223,97.22222222222223,98.0,98.22222222222223
134,98.44444444444444,98.44444444444444,97.44444444444444,97.88888888888889,98.0
135,98.11111111111111,98.55555555555556,97.22222222222223,97.44444444444444,98.55555555555556
136,98.44444444444444,98.66666666666667,97.33333333333333,98.0,98.11111111111111
137,98.33333333333333,98.66666666666667,96.88888888888889,98.0,98.22222222222223
138,98.33333333333333,98.44444444444444,97.55555555555556,97.77777777777777,98.33333333333333
139,98.44444444444444,98.55555555555556,97.33333333333333,97.44444444444444,98.44444444444444
140,98.22222222222223,98.66666666666667,97.33333333333333,98.11111111111111,98.44444444444444
141,98.22222222222223,98.44444444444444,97.33333333333333,97.44444444444444,97.88888888888889
142,98.11111111111111,98.44444444444444,97.22222222222223,97.77777777777777,98.33333333333333
143,98.22222222222223,98.22222222222223,97.77777777777777,98.0,98.22222222222223
144,98.22222222222223,98.77777777777777,97.44444444444444,97.66666666666667,98.33333333333333
145,98.33333333333333,98.33333333333333,97.88888888888889,98.0,97.88888888888889
146,98.33333333333333,98.66666666666667,97.44444444444444,98.0,98.55555555555556
147,98.44444444444444,98.66666666666667,97.66666666666667,98.0,97.88888888888889
148,98.22222222222223,98.66666666666667,97.33333333333333,97.77777777777777,98.11111111111111
149,98.33333333333333,98.55555555555556,97.44444444444444,97.88888888888889,98.22222222222223
150,98.0,98.77777777777777,97.88888888888889,98.0,98.44444444444444
151,97.88888888888889,98.66666666666667,96.77777777777777,97.66666666666667,98.44444444444444
152,98.44444444444444,98.22222222222223,97.22222222222223,97.88888888888889,98.33333333333333
153,54.16138572032108,54.07689057879172,54.055766793409376,55.38656527249683,54.07689057879172
154,56.166666666666664,51.75,54.666666666666664,55.333333333333336,55.0
155,81.33333333333333,78.91666666666667,81.0,79.91666666666667,81.33333333333333
156,87.83333333333333,88.66666666666667,88.08333333333333,87.58333333333333,85.75
157,92.08333333333333,90.33333333333333,89.83333333333333,86.0,88.66666666666667
158,93.75,91.33333333333333,91.58333333333333,88.41666666666667,89.5
159,92.08333333333333,92.5,92.91666666666667,91.25,91.66666666666667
160,93.08333333333333,93.41666666666667,93.66666666666667,92.0,90.83333333333333
161,92.0,94.75,94.33333333333333,93.41666666666667,92.08333333333333
162,94.08333333333333,95.66666666666667,94.41666666666667,93.0,93.58333333333333
163,95.0,93.75,94.83333333333333,93.83333333333333,92.66666666666667
164,95.41666666666667,95.66666666666667,94.08333333333333,92.91666666666667,93.41666666666667
165,95.66666666666667,96.5,95.33333333333333,95.41666666666667,94.83333333333333
166,96.41666666666667,97.41666666666667,96.41666666666667,95.83333333333333,95.25
167,96.66666666666667,97.33333333333333,96.66666666666667,95.83333333333333,95.58333333333333
168,97.08333333333333,98.0,97.08333333333333,96.33333333333333,96.41666666666667
169,96.83333333333333,98.83333333333333,97.16666666666667,96.25,96.66666666666667
170,96.75,98.66666666666667,96.91666666666667,96.25,96.58333333333333
171,97.58333333333333,98.66666666666667,97.41666666666667,96.83333333333333,97.08333333333333
172,97.91666666666667,99.08333333333333,98.08333333333333,96.75,97.58333333333333
173,97.83333333333333,99.16666666666667,98.16666666666667,97.5,97.91666666666667
174,98.0,99.66666666666667,98.5,98.0,97.66666666666667
175,98.25,99.66666666666667,98.25,98.0,98.5
176,98.41666666666667,99.66666666666667,98.75,98.33333333333333,98.41666666666667
177,98.33333333333333,99.66666666666667,98.58333333333333,98.16666666666667,98.33333333333333
178,98.91666666666667,99.5,98.91666666666667,98.41666666666667,98.83333333333333
179,98.91666666666667,99.66666666666667,98.83333333333333,98.33333333333333,98.58333333333333
180,98.25,99.41666666666667,98.83333333333333,97.91666666666667,98.91666666666667
181,98.41666666666667,99.66666666666667,98.91666666666667,98.58333333333333,98.83333333333333
182,98.75,99.5,99.0,98.66666666666667,99.0
183,98.58333333333333,99.58333333333333,99.08333333333333,98.5,99.08333333333333
184,98.83333333333333,99.5,99.08333333333333,98.5,98.66666666666667
185,99.0,99.75,98.91666666666667,98.66666666666667,99.0
186,98.91666666666667,99.58333333333333,98.83333333333333,98.91666666666667,98.83333333333333
187,98.5,99.66666666666667,99.0,98.58333333333333,98.16666666666667
188,98.75,99.75,98.75,98.25,99.0
189,99.0,99.58333333333333,99.0,98.75,98.91666666666667
190,98.83333333333333,99.75,99.16666666666667,98.75,98.83333333333333
191,99.0,99.58333333333333,98.66666666666667,98.75,98.75
192,99.0,99.75,98.91666666666667,98.5,98.66666666666667
193,98.66666666666667,99.75,99.0,98.91666666666667,99.08333333333333
194,99.0,99.91666666666667,99.08333333333333,98.5,98.91666666666667
195,98.41666666666667,99.75,99.08333333333333,98.58333333333333,99.16666666666667
196,98.5,99.58333333333333,98.75,98.66666666666667,99.08333333333333
197,99.08333333333333,99.83333333333333,99.0,98.58333333333333,99.08333333333333
198,99.08333333333333,99.83333333333333,98.91666666666667,98.75,98.83333333333333
199,98.83333333333333,99.83333333333333,99.08333333333333,98.58333333333333,98.66666666666667
200,99.08333333333333,99.83333333333333,98.91666666666667,98.58333333333333,99.08333333333333
201,98.83333333333333,99.83333333333333,99.16666666666667,98.08333333333333,99.16666666666667
202,98.58333333333333,99.75,99.33333333333333,98.75,99.16666666666667
203,98.83333333333333,99.75,99.16666666666667,98.75,99.16666666666667
204,54.16138572032108,54.07689057879172,54.055766793409376,55.38656527249683,54.07689057879172
205,49.46666666666667,57.93333333333333,57.0,54.93333333333333,55.06666666666667
206,81.33333333333333,81.93333333333334,83.86666666666666,80.46666666666667,82.06666666666666
207,86.8,86.46666666666667,87.93333333333334,87.13333333333334,87.8
208,90.6,91.0,90.06666666666666,87.86666666666666,87.8
209,91.06666666666666,91.6,92.33333333333333,89.93333333333334,90.13333333333334
210,91.2,93.53333333333333,92.86666666666666,91.86666666666666,92.26666666666667
211,93.33333333333333,94.2,93.86666666666666,92.4,92.46666666666667
212,93.93333333333334,94.66666666666667,95.2,93.86666666666666,92.8
213,94.26666666666667,94.66666666666667,96.2,94.86666666666666,94.06666666666666
214,95.53333333333333,94.93333333333334,95.26666666666667,93.33333333333333,95.13333333333334
215,96.53333333333333,96.06666666666666,96.06666666666666,94.13333333333334,96.13333333333334
216,96.66666666666667,97.0,97.06666666666666,94.86666666666666,96.46666666666667
217,97.0,97.93333333333334,96.93333333333334,96.4,96.53333333333333
218,97.4,98.0,97.93333333333334,96.33333333333333,97.6
219,97.66666666666667,98.2,97.53333333333333,96.0,97.2
220,97.8,98.53333333333333,99.0,97.4,97.93333333333334
221,98.33333333333333,98.6,98.46666666666667,97.53333333333333,98.53333333333333
222,98.0,98.8,98.8,97.66666666666667,98.53333333333333
223,98.46666666666667,98.86666666666666,99.13333333333334,97.73333333333333,98.8
224,98.93333333333334,99.4,99.33333333333333,98.26666666666667,99.33333333333333
225,99.33333333333333,99.73333333333333,99.4,98.86666666666666,99.2
226,99.46666666666667,99.8,99.46666666666667,97.93333333333334,99.6
227,99.4,99.86666666666666,99.4,98.86666666666666,99.73333333333333
228,99.6,99.86666666666666,99.6,98.93333333333334,99.6
229,99.53333333333333,99.86666666666666,99.6,98.8,99.8
230,99.46666666666667,99.73333333333333,99.53333333333333,99.0,99.73333333333333
231,99.6,99.86666666666666,99.73333333333333,99.33333333333333,99.66666666666667
232,99.6,99.86666666666666,99.73333333333333,99.2,99.8
233,99.66666666666667,99.93333333333334,99.8,99.33333333333333,99.86666666666666
234,99.66666666666667,99.93333333333334,99.73333333333333,99.4,99.86666666666666
235,99.73333333333333,99.93333333333334,99.86666666666666,99.13333333333334,99.86666666666666
236,99.6,99.93333333333334,99.8,99.2,99.86666666666666
237,99.66666666666667,99.93333333333334,99.93333333333334,99.33333333333333,99.8
238,99.66666666666667,99.93333333333334,99.86666666666666,99.13333333333334,99.86666666666666
239,99.73333333333333,99.93333333333334,99.8,99.26666666666667,99.86666666666666
240,99.66666666666667,99.93333333333334,99.8,99.53333333333333,99.86666666666666
241,99.66666666666667,99.93333333333334,99.86666666666666,99.33333333333333,99.8
242,99.66666666666667,99.93333333333334,99.93333333333334,99.2,99.86666666666666
243,99.73333333333333,99.93333333333334,99.86666666666666,99.4,99.86666666666666
244,99.8,99.93333333333334,99.86666666666666,99.26666666666667,99.8
245,99.66666666666667,99.93333333333334,99.86666666666666,99.26666666666667,99.86666666666666
246,99.66666666666667,99.93333333333334,99.86666666666666,99.53333333333333,99.8
247,99.8,99.93333333333334,99.86666666666666,99.26666666666667,99.86666666666666
248,99.6,99.93333333333334,99.86666666666666,99.2,99.86666666666666
249,99.8,99.93333333333334,99.8,99.4,99.86666666666666
250,99.8,99.93333333333334,99.86666666666666,99.4,99.86666666666666
251,99.53333333333333,99.93333333333334,99.86666666666666,99.26666666666667,99.8
252,99.8,99.86666666666666,99.86666666666666,99.53333333333333,99.8
253,99.73333333333333,99.93333333333334,99.86666666666666,99.33333333333333,99.8
254,99.73333333333333,99.93333333333334,99.86666666666666,99.33333333333333,99.86666666666666
