Epoch,Repetition 1,Repetition 2,Repetition 3,Repetition 4,Repetition 5
0,0.7862224578857422,0.7862843871116638,0.7857727408409119,0.783599853515625,0.7860996127128601
1,0.7537567615509033,0.7469837069511414,0.779085636138916,0.7386078238487244,0.7657799124717712
2,1.0191609859466553,1.1010087728500366,1.1024974584579468,1.077493667602539,1.0434613227844238
3,0.9926023483276367,0.8576222658157349,1.0154746770858765,0.9877690076828003,0.9723154902458191
4,0.48805513978004456,0.42558538913726807,0.5117308497428894,0.5141039490699768,0.494722455739975
5,0.3917931914329529,0.38019460439682007,0.4637487828731537,0.445232093334198,0.43327662348747253
6,0.32767248153686523,0.31278112530708313,0.3821306526660919,0.365080326795578,0.36934828758239746
7,0.2875363826751709,0.2822552025318146,0.3182343542575836,0.30332762002944946,0.3127095103263855
8,0.24206243455410004,0.229936420917511,0.26153671741485596,0.26051992177963257,0.285130113363266
9,0.19114729762077332,0.18710269033908844,0.23061197996139526,0.22460684180259705,0.23200643062591553
10,0.1632767915725708,0.1601794958114624,0.18400004506111145,0.1858959048986435,0.19132092595100403
11,0.12937568128108978,0.13207295536994934,0.19364531338214874,0.16285166144371033,0.15634846687316895
12,0.114144466817379,0.12433385848999023,0.17903104424476624,0.1678859293460846,0.1556701362133026
13,0.11194930970668793,0.11578689515590668,0.1471651941537857,0.151259183883667,0.14756573736667633
14,0.10205674171447754,0.10498136281967163,0.1224491149187088,0.1469596028327942,0.14934273064136505
15,0.10152003914117813,0.10422463715076447,0.11266747117042542,0.14961177110671997,0.13365688920021057
16,0.08768437057733536,0.10832802206277847,0.1210290715098381,0.13798238337039948,0.13593833148479462
17,0.08922067284584045,0.0983012318611145,0.12259498983621597,0.12191496789455414,0.12789316475391388
18,0.08055698871612549,0.09003404527902603,0.12058723717927933,0.1200646460056305,0.12022247910499573
19,0.07924140244722366,0.08447640389204025,0.10184816271066666,0.11008157581090927,0.10967351496219635
20,0.06863906979560852,0.08127836138010025,0.08885686844587326,0.10604381561279297,0.11228308826684952
21,0.06862522661685944,0.07798024266958237,0.08069375902414322,0.09465570002794266,0.10681872069835663
22,0.06287942081689835,0.08030679076910019,0.08449548482894897,0.0981026142835617,0.09829165041446686
23,0.06335240602493286,0.08088235557079315,0.07691790163516998,0.09962452203035355,0.10594774782657623
24,0.06297565251588821,0.07822311669588089,0.08117745071649551,0.10307334363460541,0.09776058793067932
25,0.06303929537534714,0.07578489929437637,0.07960809022188187,0.10330170392990112,0.10059452801942825
26,0.06435336172580719,0.07172398269176483,0.07907570153474808,0.09446295350790024,0.10085178911685944
27,0.05867272987961769,0.07182666659355164,0.07966083288192749,0.09953679144382477,0.0937652736902237
28,0.05733216181397438,0.07403155416250229,0.07159001380205154,0.0983080193400383,0.09594088792800903
29,0.054985351860523224,0.0692240297794342,0.07037395983934402,0.09753259271383286,0.10023113340139389
30,0.05738436058163643,0.0699666365981102,0.07402990013360977,0.0943000391125679,0.0939689576625824
31,0.057890307158231735,0.06846875697374344,0.06930196285247803,0.09491608291864395,0.0980970710515976
32,0.05485464259982109,0.06890062987804413,0.06952418386936188,0.09499713778495789,0.09229961037635803
33,0.05873578414320946,0.0726122334599495,0.07373806089162827,0.09546279162168503,0.09289857000112534
34,0.05549703165888786,0.07098343223333359,0.0688599944114685,0.09330930560827255,0.09585705399513245
35,0.05780971050262451,0.07098747789859772,0.07014904171228409,0.09560805559158325,0.0948961153626442
36,0.058019377291202545,0.07207243889570236,0.07067697495222092,0.09559287130832672,0.09087704867124557
37,0.0565522201359272,0.07210000604391098,0.06984362751245499,0.09628061205148697,0.09289278090000153
38,0.05562296509742737,0.06690806150436401,0.06890524178743362,0.0940191000699997,0.09121125191450119
39,0.05755149945616722,0.0684690922498703,0.07079406827688217,0.09372738748788834,0.09226399660110474
40,0.05704021453857422,0.06589221209287643,0.06933243572711945,0.09571323543787003,0.09731225669384003
41,0.05608898773789406,0.06974296271800995,0.06741847097873688,0.09614807367324829,0.09945491701364517
42,0.056864675134420395,0.06814444810152054,0.06787308305501938,0.09566003829240799,0.09092104434967041
43,0.056578364223241806,0.06952807307243347,0.07318837940692902,0.09699637442827225,0.09820621460676193
44,0.058241043239831924,0.072748564183712,0.07165227085351944,0.09457205981016159,0.08951035887002945
45,0.057562537491321564,0.0719088539481163,0.07332324236631393,0.09711816906929016,0.0960463210940361
46,0.05437524989247322,0.06662658601999283,0.07291904091835022,0.09598047286272049,0.09385239332914352
47,0.05509288236498833,0.07028340548276901,0.07037974148988724,0.09718052297830582,0.08842944353818893
48,0.05311013385653496,0.06734911352396011,0.0736846849322319,0.09581047296524048,0.09227925539016724
49,0.056234270334243774,0.07064953446388245,0.06871367245912552,0.09208735078573227,0.09771442413330078
50,0.05507427826523781,0.07025158405303955,0.0685945376753807,0.0936758816242218,0.09658630937337875
51,0.7862224578857422,0.7862843871116638,0.7857727408409119,0.783599853515625,0.7860995531082153
52,0.9284831285476685,1.1476407051086426,0.8772905468940735,0.8704683780670166,0.9186347126960754
53,0.7568487524986267,0.7499170899391174,0.8489456176757812,0.6517665386199951,0.6836726665496826
54,0.39731451869010925,0.4516300559043884,0.4708492159843445,0.47765764594078064,0.47223174571990967
55,0.284220427274704,0.3640860617160797,0.39142465591430664,0.3543752431869507,0.3750702142715454
56,0.2809826731681824,0.3282265067100525,0.376998633146286,0.2996169924736023,0.36675721406936646
57,0.22870038449764252,0.2603674530982971,0.33431482315063477,0.23922553658485413,0.26719433069229126
58,0.22705525159835815,0.21969768404960632,0.27103298902511597,0.27443674206733704,0.26380661129951477
59,0.2153625637292862,0.2635746896266937,0.2401357740163803,0.21838602423667908,0.25120675563812256
60,0.19977767765522003,0.18706917762756348,0.25004565715789795,0.21575434505939484,0.2313157320022583
61,0.20573116838932037,0.20985904335975647,0.18314573168754578,0.2654881775379181,0.2841709852218628
62,0.15477526187896729,0.16397333145141602,0.16522054374217987,0.20962753891944885,0.1989140659570694
63,0.12204361706972122,0.1496376395225525,0.21221640706062317,0.16572833061218262,0.21863862872123718
64,0.10519137978553772,0.16445153951644897,0.1618310809135437,0.16564710438251495,0.20606116950511932
65,0.1295272707939148,0.14470723271369934,0.14347100257873535,0.1463855504989624,0.19421450793743134
66,0.11545352637767792,0.1282987892627716,0.17269036173820496,0.14412324130535126,0.20656567811965942
67,0.10285584628582001,0.11468082666397095,0.13683803379535675,0.11555948108434677,0.17975540459156036
68,0.11353560537099838,0.14498838782310486,0.14718450605869293,0.13402684032917023,0.14681710302829742
69,0.0850500836968422,0.10397836565971375,0.13858824968338013,0.12195464968681335,0.12719616293907166
70,0.08055863529443741,0.10555925965309143,0.1159232035279274,0.1274476945400238,0.14500316977500916
71,0.09825607389211655,0.10709279030561447,0.11683255434036255,0.1075829267501831,0.13117115199565887
72,0.08486656099557877,0.1118047684431076,0.1250874549150467,0.11210116744041443,0.14028775691986084
73,0.08780798316001892,0.1359497308731079,0.09631984680891037,0.12558962404727936,0.1566322296857834
74,0.10025365650653839,0.11033573001623154,0.10371564328670502,0.12918633222579956,0.12336823344230652
75,0.0926690399646759,0.08580206334590912,0.1367817223072052,0.1141350194811821,0.15598180890083313
76,0.0830388069152832,0.10694834589958191,0.10797575116157532,0.13849866390228271,0.13668586313724518
77,0.10181383788585663,0.11208828538656235,0.10733746737241745,0.09527328610420227,0.12173205614089966
78,0.06900221109390259,0.13152092695236206,0.121195949614048,0.08959232270717621,0.11714129149913788
79,0.06992597877979279,0.10826550424098969,0.10474458336830139,0.11929771304130554,0.14582712948322296
80,0.08814170211553574,0.08949846774339676,0.10848046839237213,0.08268605172634125,0.1604348123073578
81,0.0941050797700882,0.10437609255313873,0.0838562473654747,0.09205839037895203,0.10953360050916672
82,0.0789952427148819,0.07401435822248459,0.08825359493494034,0.08094322681427002,0.12248851358890533
83,0.13013911247253418,0.10308543592691422,0.09244166314601898,0.16060882806777954,0.13291877508163452
84,0.09366600215435028,0.1052226573228836,0.11549173295497894,0.08176828920841217,0.13623079657554626
85,0.07635451853275299,0.09841589629650116,0.10091668367385864,0.09688568115234375,0.11681120097637177
86,0.08516626060009003,0.07082876563072205,0.12224157154560089,0.08470632880926132,0.10812252759933472
87,0.0696275532245636,0.08580887317657471,0.136114239692688,0.1117255911231041,0.1294662207365036
88,0.07511086761951447,0.15944530069828033,0.11921288818120956,0.08348652720451355,0.13343021273612976
89,0.08112666010856628,0.10253433883190155,0.13470770418643951,0.10457786917686462,0.13794156908988953
90,0.09838090091943741,0.09883326292037964,0.1040048748254776,0.07928425818681717,0.12116322666406631
91,0.09260043501853943,0.08812393993139267,0.13753920793533325,0.09816527366638184,0.15307734906673431
92,0.08516459167003632,0.09514029324054718,0.09310396015644073,0.10765313357114792,0.13226066529750824
93,0.08990548551082611,0.10421812534332275,0.1086788922548294,0.10340400040149689,0.12731729447841644
94,0.0931379646062851,0.08658087253570557,0.11207500100135803,0.09396559000015259,0.12411126494407654
95,0.06449641287326813,0.08432181179523468,0.10883583128452301,0.08025648444890976,0.10482898354530334
96,0.07266254723072052,0.11718721687793732,0.08284181356430054,0.11678481847047806,0.10198153555393219
97,0.0985470563173294,0.08858708292245865,0.10997569561004639,0.10963226109743118,0.11009249091148376
98,0.09543440490961075,0.09570612013339996,0.09505464136600494,0.1089693009853363,0.10886955261230469
99,0.07234524935483932,0.07464681565761566,0.10068188607692719,0.0784556195139885,0.12431591749191284
100,0.09307955205440521,0.0792645812034607,0.1151002049446106,0.09402458369731903,0.14319059252738953
101,0.07204371690750122,0.10150064527988434,0.10758118331432343,0.10796768963336945,0.13796280324459076
102,0.7862224578857422,0.7862844467163086,0.7857728004455566,0.7835997939109802,0.7860996127128601
103,0.9884214997291565,0.9014220833778381,1.0294066667556763,0.9411135911941528,0.8821654915809631
104,0.7590656280517578,0.6401465535163879,0.6709017753601074,0.6839174628257751,0.6645880937576294
105,0.43121838569641113,0.4273848533630371,0.5199142694473267,0.41162562370300293,0.4352176785469055
106,0.3213749825954437,0.331015944480896,0.39235150814056396,0.3078013062477112,0.34218549728393555
107,0.2531335949897766,0.26793521642684937,0.31152868270874023,0.2784251272678375,0.2713591456413269
108,0.24511069059371948,0.23791614174842834,0.2819574475288391,0.25353625416755676,0.2479076236486435
109,0.21276694536209106,0.2112162560224533,0.2180841863155365,0.21292202174663544,0.2211678922176361
110,0.17486810684204102,0.19373542070388794,0.18778029084205627,0.1842571496963501,0.2086908221244812
111,0.1612090766429901,0.1818763017654419,0.17860427498817444,0.17359277606010437,0.18793880939483643
112,0.1424359679222107,0.16772042214870453,0.16829228401184082,0.15246328711509705,0.15052086114883423
113,0.13696476817131042,0.17506402730941772,0.19528377056121826,0.11921876668930054,0.15250694751739502
114,0.12058121711015701,0.1447596549987793,0.1495954692363739,0.1160905510187149,0.1295161098241806
115,0.1099129170179367,0.11479087173938751,0.12713125348091125,0.11203454434871674,0.12460508942604065
116,0.10922940820455551,0.12320446968078613,0.13215863704681396,0.10492011904716492,0.1142827570438385
117,0.11315029859542847,0.11861487478017807,0.14681488275527954,0.10844141244888306,0.11166999489068985
118,0.10114800184965134,0.10323973000049591,0.12833711504936218,0.10851521044969559,0.10265344381332397
119,0.09200310707092285,0.09923247247934341,0.11477413773536682,0.10828813910484314,0.10960418730974197
120,0.08854962885379791,0.09732146561145782,0.1117611974477768,0.09419633448123932,0.09100320935249329
121,0.08581306040287018,0.08811440318822861,0.11005888134241104,0.09041106700897217,0.08974315971136093
122,0.08330374956130981,0.08016286045312881,0.10677678883075714,0.09254670143127441,0.08182308077812195
123,0.07682129740715027,0.07225509732961655,0.09989838302135468,0.08420347422361374,0.08053475618362427
124,0.07893143594264984,0.07149496674537659,0.09868223965167999,0.08218301087617874,0.08364047110080719
125,0.0762515515089035,0.06779591739177704,0.10162319242954254,0.07856568694114685,0.0801670253276825
126,0.07529230415821075,0.07124743610620499,0.09897136688232422,0.0799417644739151,0.08237568289041519
127,0.07740357518196106,0.07281523942947388,0.10052576661109924,0.08326365053653717,0.07359395921230316
128,0.07160041481256485,0.06651118397712708,0.09886781126260757,0.07892638444900513,0.07328491657972336
129,0.07678115367889404,0.06453824043273926,0.09662189334630966,0.08090466260910034,0.07371143996715546
130,0.07693388313055038,0.06483059376478195,0.09876801073551178,0.08906303346157074,0.07327739894390106
131,0.07178685814142227,0.06377433240413666,0.10451313108205795,0.07647798955440521,0.07104073464870453
132,0.07322812080383301,0.06519805639982224,0.093887560069561,0.07886159420013428,0.07517734169960022
133,0.07137666642665863,0.06718704104423523,0.09651593863964081,0.07660739123821259,0.06840229034423828
134,0.07078376412391663,0.06440146267414093,0.0917883813381195,0.07459516078233719,0.07109560072422028
135,0.07250632345676422,0.06149473786354065,0.09556575119495392,0.08119717240333557,0.06843847781419754
136,0.07049316167831421,0.0632612481713295,0.09481274336576462,0.07574477791786194,0.07309523224830627
137,0.07119312882423401,0.06681157648563385,0.09663054347038269,0.07681804150342941,0.06820692867040634
138,0.07244458049535751,0.06544934213161469,0.09419521689414978,0.07482072710990906,0.06827125698328018
139,0.07208200544118881,0.06508564949035645,0.09153413772583008,0.08051520586013794,0.0691629946231842
140,0.06781046092510223,0.06581440567970276,0.09661802649497986,0.07906976342201233,0.06843820214271545
141,0.06962516903877258,0.06253208965063095,0.08885021507740021,0.07755181193351746,0.07026977092027664
142,0.07127315551042557,0.06322623789310455,0.09858843684196472,0.08061445504426956,0.07022172957658768
143,0.07301831245422363,0.064464271068573,0.09278899431228638,0.07862123847007751,0.06936343014240265
144,0.07296840846538544,0.06304779648780823,0.09464976191520691,0.08199670910835266,0.06540820002555847
145,0.06952685862779617,0.062270388007164,0.0905173122882843,0.08128494024276733,0.07047659158706665
146,0.07322797179222107,0.06414258480072021,0.08904072642326355,0.0765167772769928,0.06476379930973053
147,0.07122649997472763,0.06343559920787811,0.09131990373134613,0.07969948649406433,0.07374036312103271
148,0.07377372682094574,0.061077557504177094,0.09540092945098877,0.07970336824655533,0.0695449486374855
149,0.07268919050693512,0.058993950486183167,0.09404504299163818,0.07660049945116043,0.06997930258512497
150,0.07204306870698929,0.060775622725486755,0.08599978685379028,0.07276532799005508,0.06918404996395111
151,0.07639827579259872,0.06088603660464287,0.09679485857486725,0.07813648879528046,0.06879930943250656
152,0.07158904522657394,0.06093909591436386,0.09034059941768646,0.07884443551301956,0.07357922196388245
153,0.7862224578857422,0.7862843871116638,0.7857727408409119,0.7835997939109802,0.7860996127128601
154,0.9085593223571777,0.9610438942909241,0.9013711810112,0.9327853322029114,0.8681252002716064
155,0.4311620891094208,0.47241315245628357,0.4474102556705475,0.45980104804039,0.4733423888683319
156,0.29433473944664,0.29865017533302307,0.2967716157436371,0.3322521448135376,0.3448829650878906
157,0.2605101764202118,0.24326574802398682,0.2576337158679962,0.31804972887039185,0.27758827805519104
158,0.19200332462787628,0.2221931368112564,0.21668343245983124,0.26243749260902405,0.2612619698047638
159,0.22158004343509674,0.17999809980392456,0.18061257898807526,0.220634326338768,0.22481554746627808
160,0.20268933475017548,0.15426625311374664,0.15910641849040985,0.1944170594215393,0.21172897517681122
161,0.19337093830108643,0.14057783782482147,0.16416141390800476,0.17883490025997162,0.2053612917661667
162,0.1650310456752777,0.1252620667219162,0.1581481248140335,0.18622072041034698,0.16030797362327576
163,0.14519095420837402,0.1594836562871933,0.13745976984500885,0.15995289385318756,0.1863795965909958
164,0.1090053990483284,0.127193883061409,0.13965730369091034,0.15256251394748688,0.1672511100769043
165,0.1078023612499237,0.09482362866401672,0.10810240358114243,0.11532420665025711,0.12547099590301514
166,0.11158665269613266,0.07709181308746338,0.10655907541513443,0.14266641438007355,0.13169866800308228
167,0.10768284648656845,0.0762581080198288,0.1060243472456932,0.11034480482339859,0.133154034614563
168,0.09890859574079514,0.06219644844532013,0.09058137983083725,0.11771068722009659,0.10775026679039001
169,0.08931505680084229,0.055347248911857605,0.08256784826517105,0.11168128252029419,0.10236066579818726
170,0.09315112978219986,0.05651840567588806,0.0797538235783577,0.09175590425729752,0.10037276148796082
171,0.07295766472816467,0.04703206196427345,0.07671568542718887,0.09005320817232132,0.08682737499475479
172,0.07379405945539474,0.038772400468587875,0.0581832230091095,0.0824272409081459,0.07630892843008041
173,0.07455875724554062,0.031225314363837242,0.0635213628411293,0.078224778175354,0.07551103830337524
174,0.06668782979249954,0.031102517619729042,0.05360795930027962,0.0696953609585762,0.06397610157728195
175,0.058270275592803955,0.026914408430457115,0.05990190804004669,0.07813926786184311,0.05985671281814575
176,0.05730384960770607,0.0278684813529253,0.05458511784672737,0.06903164088726044,0.059299666434526443
177,0.059334591031074524,0.024569770321249962,0.05111365020275116,0.06897301226854324,0.06072239950299263
178,0.05618392303586006,0.027124620974063873,0.04625377431511879,0.06322099268436432,0.05762581154704094
179,0.05398349463939667,0.0277648214250803,0.044536296278238297,0.0642867162823677,0.05872664973139763
180,0.06799107044935226,0.028895854949951172,0.05020822212100029,0.07032473385334015,0.05094636604189873
181,0.05834488943219185,0.028203001245856285,0.046506937593221664,0.062489330768585205,0.05433784797787666
182,0.05361917242407799,0.022483212873339653,0.04813038930296898,0.057121600955724716,0.04888307675719261
183,0.05191675201058388,0.023030295968055725,0.047947853803634644,0.06084451079368591,0.04565436765551567
184,0.05624404177069664,0.02245011180639267,0.045996759086847305,0.0615689754486084,0.049014896154403687
185,0.05171561613678932,0.023604324087500572,0.04213719442486763,0.06388310343027115,0.04684828594326973
186,0.06180354952812195,0.022054919973015785,0.04678093269467354,0.06943777203559875,0.04914315417408943
187,0.05309052765369415,0.020992979407310486,0.04777884483337402,0.05548929050564766,0.05533815547823906
188,0.05470452085137367,0.022715488448739052,0.0464562326669693,0.06399794667959213,0.04699793830513954
189,0.05470796301960945,0.027098581194877625,0.04798350855708122,0.055245667695999146,0.04838830605149269
190,0.060218293219804764,0.021939074620604515,0.04336898401379585,0.05673607066273689,0.04488064721226692
191,0.047547597438097,0.022766461595892906,0.056474149227142334,0.059167295694351196,0.048754945397377014
192,0.04777092859148979,0.01986568234860897,0.051427211612463,0.05567730963230133,0.05243876576423645
193,0.06299921125173569,0.025164060294628143,0.044725894927978516,0.05819245055317879,0.044696155935525894
194,0.05741141363978386,0.023175472393631935,0.043331895023584366,0.05986356735229492,0.04495060443878174
195,0.06782328337430954,0.022361012175679207,0.04673111066222191,0.05838264897465706,0.043681710958480835
196,0.05038858950138092,0.024214372038841248,0.044574808329343796,0.051618728786706924,0.0429028682410717
197,0.05108312889933586,0.022586999461054802,0.042271509766578674,0.06392785161733627,0.04419167712330818
198,0.04962877929210663,0.021853044629096985,0.04751834645867348,0.05695447325706482,0.05189256742596626
199,0.05061066523194313,0.023005114868283272,0.0455511212348938,0.0639522448182106,0.05431218817830086
200,0.05021432042121887,0.01968342997133732,0.044669028371572495,0.06802079826593399,0.048257142305374146
201,0.04887479171156883,0.023081541061401367,0.04282660782337189,0.05599875748157501,0.047891438007354736
202,0.057926326990127563,0.020145997405052185,0.045566678047180176,0.05354047194123268,0.04844072461128235
203,0.05082002654671669,0.019480889663100243,0.044239770621061325,0.05348333716392517,0.044940799474716187
204,0.7862224578857422,0.7862844467163086,0.7857727408409119,0.7835997939109802,0.7860996127128601
205,0.9881690144538879,0.8761167526245117,0.8901618123054504,0.9524618983268738,0.8896076083183289
206,0.4631485044956207,0.4665922224521637,0.4051854610443115,0.4771236479282379,0.4418329894542694
207,0.3122864067554474,0.3254775106906891,0.27804943919181824,0.32393619418144226,0.3121369183063507
208,0.2501875162124634,0.24433046579360962,0.23956148326396942,0.2893402874469757,0.30164822936058044
209,0.2235335260629654,0.215855672955513,0.20278654992580414,0.2553255558013916,0.25440624356269836
210,0.21031694114208221,0.17369778454303741,0.1842573881149292,0.20866484940052032,0.21172823011875153
211,0.18140994012355804,0.15517209470272064,0.16360943019390106,0.1906077116727829,0.18633680045604706
212,0.16110895574092865,0.14101658761501312,0.13834883272647858,0.154781773686409,0.17551195621490479
213,0.15075787901878357,0.1421816498041153,0.11859872937202454,0.1430053859949112,0.15452466905117035
214,0.1256113052368164,0.1315235048532486,0.1178419217467308,0.15852029621601105,0.1468985229730606
215,0.10277455300092697,0.10467448085546494,0.11226896196603775,0.15081781148910522,0.11199145764112473
216,0.09297880530357361,0.09479483962059021,0.08625144511461258,0.13665153086185455,0.10062257200479507
217,0.08899296075105667,0.080518938601017,0.08664660900831223,0.10864757746458054,0.09301688522100449
218,0.08193027228116989,0.07563614845275879,0.07207869738340378,0.10768262296915054,0.08069920539855957
219,0.07675084471702576,0.06488687545061111,0.07250382006168365,0.10634241253137589,0.07748402655124664
220,0.07090630382299423,0.05685969069600105,0.058563053607940674,0.08821592479944229,0.0659184604883194
221,0.06328628212213516,0.0531720370054245,0.056241799145936966,0.08176673203706741,0.05887946859002113
222,0.059908658266067505,0.04778604209423065,0.047092437744140625,0.07640954107046127,0.04976430535316467
223,0.059686992317438126,0.04005539044737816,0.04000736027956009,0.06929028779268265,0.04417554661631584
224,0.0464593730866909,0.03379875048995018,0.034998372197151184,0.06212334334850311,0.0372806042432785
225,0.039246220141649246,0.02731635607779026,0.03288816288113594,0.05217738449573517,0.034935273230075836
226,0.036160483956336975,0.026046043261885643,0.027604805305600166,0.058561548590660095,0.02842853032052517
227,0.03554506227374077,0.023628098890185356,0.02596401609480381,0.050588250160217285,0.02585640549659729
228,0.033921580761671066,0.022144222632050514,0.02422204613685608,0.05075932666659355,0.02853982336819172
229,0.03347576782107353,0.022501731291413307,0.025069886818528175,0.04893999919295311,0.02393457107245922
230,0.03418564796447754,0.021948829293251038,0.027189021930098534,0.045980751514434814,0.02664238028228283
231,0.031131230294704437,0.020965663716197014,0.02335423417389393,0.04216320440173149,0.02423061616718769
232,0.03214208036661148,0.021305441856384277,0.022860340774059296,0.04205235466361046,0.02120465599000454
233,0.029073989018797874,0.019699783995747566,0.022221246734261513,0.042711690068244934,0.0211181640625
234,0.030313163995742798,0.0188568327575922,0.02174410969018936,0.03895791247487068,0.020309999585151672
235,0.028574496507644653,0.01856522262096405,0.0199586171656847,0.038853514939546585,0.020310912281274796
236,0.030112184584140778,0.019080450758337975,0.020741866901516914,0.03969527408480644,0.01861337013542652
237,0.028159627690911293,0.01928715966641903,0.019421717151999474,0.03947027400135994,0.020212281495332718
238,0.029593536630272865,0.018731562420725822,0.02020430751144886,0.039033565670251846,0.020112840458750725
239,0.028224358335137367,0.019899901002645493,0.02027055434882641,0.03843352571129799,0.0187408234924078
240,0.028945133090019226,0.01846008002758026,0.02021210640668869,0.036994192749261856,0.02011915296316147
241,0.028047317638993263,0.018323879688978195,0.01965908892452717,0.0383770614862442,0.01945469155907631
242,0.028142845258116722,0.01856585592031479,0.019327901303768158,0.03807244077324867,0.019233552739024162
243,0.02871629036962986,0.01853887364268303,0.019972553476691246,0.03885394707322121,0.018766293302178383
244,0.02716602198779583,0.01863807439804077,0.01936217211186886,0.03959168121218681,0.019713176414370537
245,0.02874685265123844,0.01899472251534462,0.021218709647655487,0.04165581613779068,0.01855965331196785
246,0.028701873496174812,0.01839040406048298,0.018899444490671158,0.03602480888366699,0.01864195056259632
247,0.026605501770973206,0.01783440075814724,0.019711986184120178,0.039349380880594254,0.0181037038564682
248,0.02833736501634121,0.01981269381940365,0.019053025171160698,0.04039632901549339,0.018844978883862495
249,0.027927324175834656,0.01869853027164936,0.020486852154135704,0.037370551377534866,0.02187313325703144
250,0.02884826622903347,0.019630150869488716,0.01902395859360695,0.037301138043403625,0.01872488111257553
251,0.030553122982382774,0.017392924055457115,0.018878314644098282,0.03802588954567909,0.019206712022423744
252,0.027470357716083527,0.021058520302176476,0.019150162115693092,0.03755230829119682,0.01895996928215027
253,0.02925003133714199,0.019069915637373924,0.0200642216950655,0.04091475158929825,0.01918378658592701
254,0.02800844796001911,0.018230674788355827,0.019432969391345978,0.037326108664274216,0.017686204984784126
