Epoch,Train Loss,Train Accuracy,Val Loss,Val Accuracy
0,0.0010134880359314736,0.5188029212677235,0.0016175280513396552,0.5188029212677235
1,0.014239771368414913,3.1902629637347726,1.7818148273120649,0.5188029212677235
2,0.032724777601150605,3.152424111343172,0.48500082887793233,5.012356914807937
3,0.055518252317553536,3.0228757463345692,1.2637100391559857,6.7519945468749025
4,0.032182648567056174,1.3097921802925672,1.6765610744465183,7.899475590522116
5,0.031832031502507685,1.3399834161494526,0.676814826228013,5.119293494274999
6,0.0264880273462425,0.6798692684790347,0.15234620385519432,2.316631202854938
7,0.013942842391145035,1.0198039027185528,0.11397254160656643,0.9638188609884314
8,0.018831259519608512,1.2995725793078625,0.12043467320283316,1.4224952189393536
9,0.01977023570015813,1.16619037896906,0.19783153117051003,4.4564158689145525
10,0.012684329869333587,1.3097921802925672,0.24694226630050092,3.972812939676554
11,0.02340548062715493,1.6384274303259356,0.2597296954512061,4.54373360107208
12,0.02499305196675552,1.3097921802925645,0.24958936420601785,5.149069034783892
13,0.01714878440978372,1.2,0.25908575753239976,5.510136076533411
14,0.020041526702818713,1.185092588975415,0.2628816578939717,6.13228401291795
15,0.018476685812976894,1.1274356350191845,0.2551467762363709,6.442866739103547
16,0.01866897984708616,0.9797958971132705,0.24078362033747125,6.342268024447829
17,0.01529513617990625,0.9285592184789446,0.22034935208484438,6.149650205884342
18,0.017405227512269937,0.8273115763993888,0.20132974079346327,5.851723211936128
19,0.012864197755767474,0.7601169500660937,0.17278494069579353,5.313001152134109
20,0.01598447805250704,0.40000000000000097,0.15594473202395445,5.018940282483651
21,0.013434246820727249,0.33993463423951864,0.13564602819385602,4.583104024148448
22,0.013113172568603983,0.9285592184789434,0.12563746460211248,4.326831939741724
23,0.015511178803199709,0.956846672960488,0.12544071524843645,4.031392395864206
24,0.01438365430187539,0.5333333333333308,0.11095357728561368,3.721351556942897
25,0.0153165115226285,0.6666666666666672,0.10999765061557758,3.5355184453619097
26,0.013683737014641019,0.5734883511361752,0.10525791120299281,3.4006119189349318
27,0.014768495841859146,0.8589399151150116,0.096511895110529,3.338745089548712
28,0.015542918218806859,1.2364824660660951,0.08751131183076426,3.057556840665453
29,0.0175470333447253,1.1623730516108453,0.07981580388413283,2.792995817981118
30,0.014324633176417887,0.9977753031397187,0.07973632487506047,2.6728192006653075
31,0.015878254041113735,0.8537498983243799,0.0660421581717787,2.4806700073126327
32,0.01527066161226994,1.0022197585581931,0.06101228357808312,2.325359410776613
33,0.013732018616784037,0.8537498983243832,0.056912950134859655,2.052353766869971
34,0.015403699005337015,1.0022197585581936,0.04738013755955122,1.908122185482517
35,0.01492596882291223,1.2400716825158826,0.043537266630261355,1.6368412251144497
36,0.013869322408990768,1.05409255338946,0.03700377258870055,1.421591521319036
37,0.014941437813049392,1.083205120618126,0.03463946314821498,1.2838257535840183
38,0.014846348772114819,0.9285592184789434,0.030319364438129565,1.1071282030184
39,0.01415179525630801,0.7302967433402214,0.030894824993167036,1.0280666615466103
40,0.01639099521772938,0.8055363982396403,0.021991194428818868,0.9164315160447302
41,0.017027289794994415,0.6863753427324674,0.022008232707820794,0.7751709726950963
42,0.014852704741975357,1.1813363431112887,0.019263766782334213,0.6877406250992713
43,0.016241426885773458,0.9568466729604881,0.017007785525306005,0.6222882176433305
44,0.013139734375423661,0.9752492558885221,0.023110858658524268,0.5715770012771509
45,0.015236376589455272,0.8537498983243783,0.017166243878932192,0.5522971134722767
46,0.016000575875740643,1.1274356350191843,0.018159895534038274,0.4882108512015133
47,0.014860058935064886,1.0413666234542223,0.014967655251127124,0.4046514584013038
48,0.01587838555974032,0.9977753031397198,0.012587683521431161,0.35169675349839224
49,0.01547185060448359,0.581186525805423,0.013102396354120477,0.30739281391771917
50,0.015865088084163013,0.9977753031397187,0.011064120972797648,0.28478748705285506
51,0.0010134821103314209,0.5188029212677235,0.001401306284076947,0.5188029212677235
52,0.1020875615652958,1.4165686240583863,0.27589647604724243,6.504850115508005
53,0.06810818864147261,5.997592109431174,1.4355880656779632,13.19289969042177
54,0.029647317566327974,1.6241236953439793,0.14548743484932694,2.909922387701953
55,0.03692013385981787,1.4275075403575876,0.3772189272331816,7.957663878408501
56,0.03711496111620456,2.158703314492289,0.3404762705876744,6.960284398593372
57,0.03690038612605929,1.2892719737209148,0.3103482483842983,7.630704258079676
58,0.023097986484573344,0.820568908339411,0.20979679579909125,5.931167741250549
59,0.018600270034224056,1.0780641085864187,0.14913813241391366,8.096374107157326
60,0.022319294642611755,1.308094458023241,0.24342850157890197,5.164246692841575
61,0.03842745900856066,1.7480147469502507,0.3882847858347512,7.86123879603303
62,0.021614296201999495,1.4399074044303468,0.2570192211140669,6.046236997916346
63,0.03691587594992702,0.9392668535736937,0.1533093277289957,4.511609358673128
64,0.032182758308089233,0.8856886837057624,0.07983814119570251,2.7157795313485322
65,0.022108660343656956,0.6912147117775898,0.04241959307845094,1.7364419720358704
66,0.0327254268577,1.204620733306174,0.022594754608558122,1.326425712710013
67,0.027211580111397307,1.2128936932440162,0.009120492472646732,0.6370003484476077
68,0.012828479985268914,0.8339997335464513,0.00694881412392984,0.3765962771113945
69,0.018822157986944713,0.6879922480183435,0.006462682797246356,0.32571753726060565
70,0.021592920883390505,1.027402333828161,0.009380199029386001,0.2937953299655901
71,0.011164213964247027,0.8537498983243829,0.01330370916582786,0.8190364725679882
72,0.01826318152873526,0.7498147919467965,0.011729214226137322,0.5398770105865617
73,0.025391243394398574,0.8069145624606805,0.011061939542858066,0.4337325819251551
74,0.011176518985350483,0.9165151389911684,0.010613265249726441,0.40003787287759507
75,0.026398430312770303,0.7453559924999315,0.012579444575773877,0.4801004721874672
76,0.020772407331491907,0.5120763831912383,0.015031443989382127,0.5374913879689043
77,0.009003823509123227,0.8432740427115677,0.013375321950526693,0.5093242097230433
78,0.0229953578151423,0.6497862896539283,0.012755307449232242,0.47561834072015025
79,0.024518701907834364,0.6446359868604592,0.011484327908330304,0.4823259189357851
80,0.028649418859302927,0.6446359868604545,0.015171384175671182,0.5712958901362685
81,0.00913046496992596,1.0033277962194966,0.01175291240782348,0.5112828871708713
82,0.017387324533260876,0.7845734863959858,0.013181565759165997,0.5427456477482622
83,0.024044363879340877,0.7039570693980934,0.012531892581950296,0.5105842220628969
84,0.018669596916622268,0.4082482904638677,0.01126665587552745,0.5141374880127184
85,0.012901426076422948,0.8628119403696505,0.010887123547307618,0.44034860061834646
86,0.018428882162617947,0.8459051693632994,0.011292325024393098,0.4385208302402173
87,0.025374970310912792,0.5436502143433377,0.011399419143012532,0.47543066824284524
88,0.03134748890011659,0.8259674462242594,0.010965615378528802,0.48084343219891773
89,0.021383624391549262,0.46427960923947165,0.010582993017972664,0.47317279256442757
90,0.013390223606740016,0.6798692684790368,0.011358777318330378,0.4362764898496188
91,0.026303365479947625,0.5637178175095918,0.010934652302739378,0.4527788666351974
92,0.01646258707637948,0.5312459150169732,0.012216617861051614,0.4625289053119095
93,0.012067044087007978,0.4876246279442573,0.011542936732615893,0.46938553146873213
94,0.013937340102575212,0.6960204339273688,0.017163069019145737,0.4621428532412138
95,0.016381424013663933,0.6091888960832383,0.013480033090837396,0.4738512849280943
96,0.017934343242756872,0.3651483716701107,0.012870824002225197,0.47666794110919486
97,0.00860044636254025,0.3858612300930062,0.013372959625158509,0.43381487631578985
98,0.0066272361521554895,0.7102425250887496,0.00968560325589048,0.45411717099400867
99,0.019861160097755886,0.4784233364802475,0.01277931605656545,0.4389683213472052
100,0.02229520546801593,0.5676462121975486,0.01259431058375451,0.4081648862446769
101,0.02097394911203007,0.5830951894845312,0.013639641885336638,0.43303244816455433
102,0.0010135216936920596,0.5188029212677235,0.0009880979913782927,0.5188029212677235
103,0.05442567587046386,1.1035296904831227,0.12953735405909728,6.071447767987754
104,0.04026408955824478,4.0749763310681235,0.6052638281615415,5.782255718391402
105,0.038267194357637604,2.82877629172792,0.17450824917769622,2.7089753810732895
106,0.02899745169624296,0.9124651185621241,0.2629059121737242,1.380080126666528
107,0.019372582253246135,1.1917411269148388,0.2695929281740885,5.009439677239879
108,0.01519282520538682,0.764651134848232,0.12750087275564878,4.503809013511514
109,0.003765859140589823,0.518306835097358,0.2304410816101883,6.887813105980443
110,0.01122579643106805,0.9081251885201116,0.1459504397500064,2.2183555346996555
111,0.009014867778517939,0.811643660788873,0.15125420914304974,4.9260558812774065
112,0.010144655857978208,0.49391357268651165,0.1294995905114212,4.460979392653951
113,0.026958736528475996,1.2773429211733276,0.07907129223171687,3.0553027241243917
114,0.013130264605405263,0.7436978013636273,0.0566364256163251,2.0768022317077235
115,0.006896778237479395,0.7200822998230955,0.05269799426465531,2.165805140443638
116,0.009815075491796528,0.8085957954960142,0.048110885540250226,2.0915150499670183
117,0.013932138357868143,0.9516716935717263,0.03233459901450732,1.4554272799117305
118,0.010089871478426177,0.6539528430916534,0.033946527441918894,1.791536121655273
119,0.008117717239841381,0.48483164953936464,0.04479503735825293,2.4438165646122307
120,0.008152139767024084,0.40000000000000124,0.04375821444567143,2.4345966810003836
121,0.00876000512460743,0.6740333728045818,0.029814909495109034,1.4739740911428507
122,0.009905693921630588,0.5987641593469971,0.019632108061126426,1.0269201765632527
123,0.00944858884223358,0.34138425546082585,0.012467036674171888,0.7492723102180076
124,0.008898633571613239,0.2666666666666676,0.011514463962574389,0.49719485829910237
125,0.011213921355565834,0.4061259307221586,0.010104744475702566,0.3932883522682532
126,0.009508654412305268,0.4012326685615038,0.01190909853494221,0.38247470376869624
127,0.010196071921578988,0.38745768387028495,0.012105909127002368,0.38743579275404805
128,0.01123719129646839,0.47971184766495306,0.010538976355180625,0.4573677601258769
129,0.010535655955593415,0.4786813161897339,0.011686459302003512,0.4465869987993818
130,0.011978575806267466,0.5370242654930929,0.0169911972178182,0.40798993343499534
131,0.014096156032258151,0.6182412330330491,0.015662180609115377,0.45056593520557553
132,0.009435298636701556,0.4998765279645336,0.017148664973091476,0.49370041936600256
133,0.010752113442426584,0.4239729784075299,0.020878589747067397,0.462490314605964
134,0.009233337219318169,0.3758118783397282,0.01677798038279847,0.5025507922843411
135,0.011742972629422725,0.5551109331909682,0.014613923451117347,0.494386842292209
136,0.010523104418908776,0.45542003404265136,0.010666206980467717,0.48180756744918896
137,0.010904407581164158,0.6061414087549291,0.010530050791471025,0.4661421669960824
138,0.010114377354820767,0.3541639433446485,0.012773599880036042,0.45333041161761767
139,0.009406274558319914,0.537943041640455,0.015035096991662226,0.45787479826236127
140,0.011502264172038465,0.45324617898602804,0.013546716689567698,0.44889907762195114
141,0.008915567922283603,0.4297573245736402,0.010971347663764671,0.43770603795282825
142,0.012225805184633063,0.4410985164728688,0.01562234600708516,0.44418252871315983
143,0.009737973587142667,0.17777777777778284,0.013109705158530943,0.4263866297267489
144,0.011594534794436296,0.4786813161897313,0.015231454386645825,0.44160333054966566
145,0.009925484920007338,0.2036700308869252,0.01250832260707977,0.4192100230301972
146,0.009105648597859017,0.4410985164728728,0.01394519374001799,0.4212063736582834
147,0.00931745918519616,0.3678432301610414,0.015155087662755157,0.4185282416917766
148,0.011483591567181114,0.4466611387164882,0.014616235454548113,0.41681890948611783
149,0.011406723782731464,0.3874576838702832,0.016014312896354698,0.4192100230301938
150,0.008128713464779414,0.33701668640228943,0.01388651712586078,0.41801617595147017
151,0.011976853950831126,0.6629526173411714,0.015200636580912716,0.41553229593365026
152,0.009606860277792983,0.4410985164728688,0.01639775693115125,0.41242804771832176
153,0.001013511512941723,0.5188029212677235,0.0011303923181156356,0.5188029212677235
154,0.031173358484746883,1.5018507101425076,0.8475143765180316,8.472634190539239
155,0.015949256390427814,0.9472181492255176,0.2820793212288226,8.285408920908438
156,0.02099582223723446,0.9846036991827956,0.5766526103209316,15.831163138738143
157,0.02574539378440092,2.017699460056205,0.25112208302053907,8.132162457027327
158,0.027229884337693445,1.8386287160695463,0.3059937817377636,7.2320807771139455
159,0.020641863720660018,0.5892556509887903,0.074938273499765,2.203647222372578
160,0.023364560513961546,1.050661167498302,0.20536237610428407,9.991183380760896
161,0.022652546988376175,1.1271892279273947,0.06176799239868322,2.759675223323632
162,0.019585839675529074,0.8965985104208536,0.09329757176593574,5.987594256560296
163,0.016714778759659727,0.8439325934114753,0.050144525166626444,3.3035709407936844
164,0.02010706194584884,1.0821788720498622,0.030837373034643217,2.0412179527405345
165,0.010059695391754098,0.5467073155618924,0.03306979703394968,1.821306446539913
166,0.022620258380254464,0.7195677714974327,0.017017978774785624,0.7286940562171669
167,0.018117569227748462,0.6324555320336773,0.010651340376251562,0.25299205613146997
168,0.018911883513925677,0.5995368582868316,0.012967257140698218,0.4242884641069282
169,0.019308796003928215,0.891939210683975,0.017179269905659718,0.6529402723645744
170,0.015393185703387402,0.8459051693633035,0.021629219339196062,1.0717901458674512
171,0.015201356922971303,0.6311365409587195,0.031017374309497733,1.508398027560136
172,0.0157433600048776,0.755718936583641,0.021322888424276914,0.9551688984188788
173,0.01742925668045706,0.5666666666666687,0.03357195544308514,1.2872689918792164
174,0.014041914323687772,0.70237691685685,0.02198132682875809,0.921210193820491
175,0.01654975310297451,0.5883120864907616,0.01744966087735041,0.7823903357613887
176,0.013765319999050812,0.49609586887124196,0.010250590651179585,0.7060022886580504
177,0.015275597981433903,0.5416025603090662,0.009817347206872997,0.6101813003761982
178,0.012715913255708389,0.3456073558887942,0.008945529445084264,0.6192692674621648
179,0.012808509397659366,0.4490731195102529,0.010591412913312597,0.6316541667933578
180,0.014937426262427647,0.52704627669473,0.011279684260745442,0.6509417083823057
181,0.01209748191119807,0.4301162633521329,0.008789446036072261,0.6212835308881517
182,0.012228004632455087,0.2905932629027106,0.008505423798365207,0.57865293344365
183,0.01254443983643798,0.3929942040850521,0.005661306197345543,0.5364942476853101
184,0.013457009784965907,0.3496029493900496,0.009418403339055663,0.5303037865488177
185,0.013183508809176441,0.3628590176179526,0.00806304801037318,0.5923103394447603
186,0.01618056403474139,0.28577380332470276,0.007992479677194159,0.5692615213418314
187,0.01307357433744404,0.5153208277913444,0.006530831348399664,0.5392815943040282
188,0.01369904924448848,0.48989794855663565,0.00943144198503324,0.5187341099508513
189,0.010255419488381032,0.2818589087547938,0.0073476957968403684,0.49333876052370523
190,0.013437961088953182,0.3704351795148826,0.005543582715253086,0.5140680521979656
191,0.012871906619159459,0.3358240279934955,0.007413371778829124,0.503544257118981
192,0.013031583205712611,0.43011626335213055,0.010668607785183203,0.4642621670575791
193,0.01317886366934001,0.36132472314464514,0.009388235858588724,0.4457869497892845
194,0.013048194165904796,0.46248123085038834,0.005751539306663608,0.44442356112416226
195,0.015350369279589271,0.4714045207910315,0.00493815703508969,0.4255486048802484
196,0.00983793357543153,0.3836954811073753,0.007533898116427084,0.4795424967862355
197,0.013457580618442216,0.4034572812303399,0.009430580933691028,0.45470634717612857
198,0.012266579017570825,0.39086797998528416,0.008913778057914665,0.43611281455222595
199,0.013642251196796048,0.45030853620354183,0.009675636908984108,0.42424639495169697
200,0.015504588854054965,0.40960685758148274,0.00827309306607003,0.4387242918714735
201,0.01114884500828929,0.5686240703077337,0.006851721850950672,0.4920345876312885
202,0.013189646059887634,0.41699986677322765,0.0077396540703872484,0.4726066381808069
203,0.012072092357292626,0.3519785346990489,0.009237896795449098,0.48604907539568126
204,0.0010135196123735707,0.5188029212677235,0.0012427060321556409,0.5188029212677235
205,0.04344678941854841,2.937996293772716,0.47871118820468184,4.817175396325732
206,0.02551824833249928,1.1195237082497753,0.3351096389630666,5.0121895490515485
207,0.01710959674537932,0.5650565360111224,0.42260077887642983,10.134284364913645
208,0.025413771219356736,1.3662601021279475,0.6980602059330516,10.396873951349296
209,0.021065468858024048,0.8977997797083915,0.3293489198785031,8.540337809188985
210,0.015703573286306886,0.8037688998987471,0.03455556739387443,1.0406460873310508
211,0.013676179802399682,0.7246761728907279,0.0986008375521503,4.5013512860547955
212,0.013618536770425476,0.8127867015535051,0.06979843574527174,3.441956027469222
213,0.012506457822736718,0.7488064577119469,0.09680852561067294,5.740967657823087
214,0.014721345360134265,0.7781459446087953,0.041009719159370926,3.430924155335844
215,0.01757368186883426,0.8447484832777121,0.03072342945693493,1.9971352157327311
216,0.01779663782478499,0.8037688998987508,0.01676936024614208,0.8565323800573997
217,0.009452447841489079,0.5376492040974925,0.009406959927571762,0.23163075896700738
218,0.012548613702525907,0.6013318551349183,0.018772894556543324,0.6283394150427746
219,0.014103781451217398,0.7344234322090895,0.014052762246085124,0.6828441287778602
220,0.011265722512438691,0.5656854249492363,0.014439841164988835,0.5906506541553123
221,0.010109066930988838,0.3900997023554075,0.015503061647768749,0.8595486048326721
222,0.011111614963122502,0.45333333333333065,0.02007333760473451,0.9823809379481521
223,0.011803028429739688,0.48258562855610293,0.027658150522710763,1.1600324409883926
224,0.010573996322106247,0.42666666666666647,0.021912479487787188,0.9271777817194903
225,0.008364842184613423,0.2815828277592408,0.017180175626646976,0.7284490758585149
226,0.012115203159300933,0.671184690594836,0.014172979212552932,0.6262908478312237
227,0.01001853936247716,0.34615346628659166,0.01603924158691737,0.586526541235343
228,0.010248672420200413,0.31098410105841223,0.011034499775676485,0.6016979654712286
229,0.009849341713810897,0.38040913647165536,0.01148562917872061,0.5831695273720625
230,0.008364545910721739,0.2686592223947987,0.014603081167875728,0.5954659842574994
231,0.007681060817968357,0.17688665548562177,0.010989885799231592,0.6248357157660933
232,0.008148589329185964,0.23701851779507993,0.010877824546011257,0.6431628976420807
233,0.008507386577537007,0.2124983660067908,0.01579258559709218,0.6563211448822965
234,0.007589700896828235,0.18571184369578586,0.010188516793650643,0.6779912480519054
235,0.007657511757198477,0.29393876913397793,0.010199472161235677,0.6537325267050194
236,0.008172437991054361,0.2646591098837216,0.012689445899447442,0.6603877776928924
237,0.007817505383181649,0.22310934040908942,0.011787853853479273,0.6533228599256805
238,0.007781848803396414,0.2939387691339778,0.018174154574684163,0.6611981028916161
239,0.007461196511736531,0.23626726862225805,0.012615490104486015,0.6702600735382972
240,0.007055882264678298,0.14360439485691986,0.015518247637212153,0.6808284835872336
241,0.007639624167667695,0.21249836600679084,0.013775290928090978,0.6751156520638163
242,0.007576801622724621,0.27776888874666134,0.012785329615199022,0.6881816757746508
243,0.007894536234652801,0.1913693345920947,0.012006113233346076,0.6932464635576849
244,0.007971983123678006,0.2385139175999775,0.014406025733487836,0.6883891312547673
245,0.008715587313885534,0.24367555843329342,0.01654553249031224,0.6876108504731314
246,0.0071106800008061055,0.14360439485691986,0.012249208555579713,0.6918289646120408
247,0.008161432835592055,0.24367555843329375,0.016404033844069597,0.680251487966081
248,0.008341782049131314,0.2719477073916135,0.010127703078811511,0.6911578622237468
249,0.0067983252146652596,0.18666666666666418,0.016644504114799633,0.6918289646120408
250,0.00734328936396306,0.1913693345920947,0.011983011419784754,0.7090295402560067
251,0.008114652565146326,0.24729649321321878,0.015038543500661437,0.7053446716520474
252,0.007067816548640073,0.12364824660660786,0.011320658861649891,0.6976096142083988
253,0.008512019520933377,0.21081851067789345,0.01894437648740492,0.6969440781537085
254,0.007583746229875356,0.2166410241236266,0.013333482634630458,0.696559825788762
