Epoch,Train Loss,Train Accuracy,Val Loss,Val Accuracy
0,3.815729260444641,62.74609209970426,3.7902533054351806,63.578369243768485
1,1.9350008010864257,71.93333333333332,81065.52723101378,53.14744402196874
2,0.9847263216972351,55.26666666666667,17079363.724058725,53.13476975073932
3,1.3107543230056762,43.733333333333334,1810134.7550333976,50.89564850021124
4,0.7431434273719788,62.466666666666676,211828.45454730987,47.89184621884242
5,0.5862713098526001,73.0,31778.319836235045,46.90325306294888
6,0.5046048700809479,76.8,5967.99236536026,47.61723700887199
7,0.4782479047775269,78.0,1603.2904488563538,48.3312209547951
8,0.44564462900161744,80.8,537.8141611099243,48.64807773553021
9,0.4335876047611237,80.53333333333333,231.94081783294678,46.26953950147866
10,0.4023683786392212,83.2,104.08569593429566,45.230249260667506
11,0.36037029027938844,85.2,37.40391286611557,47.122940430925226
12,0.35757197737693786,85.93333333333334,16.993205618858337,48.001689902830584
13,0.35653196573257445,84.86666666666665,9.083945906162262,50.553443177017314
14,0.3504077285528183,86.4,5.404222321510315,55.38234051542037
15,0.34839518964290617,85.73333333333333,3.3888001799583436,59.55640050697085
16,0.33630247712135314,87.2,2.2801351666450502,62.74609209970426
17,0.3374622523784637,87.06666666666668,1.6338016629219054,65.51753274186734
18,0.32778743505477903,87.26666666666668,1.22032830119133,67.7355302070131
19,0.3226920783519745,87.73333333333333,0.9518773972988128,70.34220532319392
20,0.311149999499321,87.8,0.7832576751708984,72.93198141106886
21,0.31073148250579835,88.13333333333334,0.6622907876968384,75.29362061681454
22,0.3082009881734848,88.2,0.5881931364536286,77.19476130122518
23,0.3028270184993744,88.33333333333334,0.5297807812690735,78.84241656104774
24,0.3080069601535797,87.73333333333333,0.4843748450279236,80.17743979721166
25,0.3072284013032913,88.13333333333334,0.46377072930336,81.33924799324038
26,0.30291420221328735,88.8,0.43692790865898135,82.21799746514576
27,0.301003697514534,89.13333333333334,0.4189199686050415,82.99535276721589
28,0.3067062824964523,88.26666666666667,0.4048641562461853,83.5614702154626
29,0.30160416960716246,89.2,0.39230915904045105,83.99239543726236
30,0.30096893906593325,88.73333333333332,0.3866963505744934,84.27967891846218
31,0.29923408925533296,88.93333333333334,0.37968714237213136,84.44444444444444
32,0.30074135661125184,88.73333333333333,0.37161080837249755,84.70637938318546
33,0.2965404659509659,88.6,0.3692812979221344,84.97253907900297
34,0.29795916080474855,88.86666666666666,0.36349751949310305,85.15420363329108
35,0.2955159991979599,89.4,0.3605332374572754,85.2302492606675
36,0.29792644679546354,88.8,0.3603362083435059,85.25559780312632
37,0.2956117928028107,89.13333333333334,0.35866233706474304,85.33164343050275
38,0.29852556586265566,89.06666666666668,0.3537893295288086,85.41191381495564
39,0.29740085601806643,88.53333333333333,0.35566102266311644,85.46683565694971
40,0.2941704779863358,89.2,0.3534677863121033,85.52598225602028
41,0.2997525900602341,89.26666666666667,0.35143943428993224,85.51753274186734
42,0.30114524662494657,88.73333333333332,0.35401204228401184,85.59780312632024
43,0.29535367488861086,88.33333333333334,0.3498434364795685,85.64850021123786
44,0.2992248386144638,88.93333333333334,0.34949307441711425,85.66962399662019
45,0.2965836197137833,88.73333333333332,0.3506446897983551,85.68652302492607
46,0.30022127330303194,88.6,0.3515175998210907,85.72032108153782
47,0.29881764352321627,88.2,0.34865095019340514,85.75411913814955
48,0.2991213947534561,88.93333333333334,0.3485525846481323,85.74989438107309
49,0.29976803362369536,88.33333333333333,0.34956871867179873,85.75834389522603
50,0.30004471242427827,88.6,0.3477489292621613,85.80481622306718
51,1.4417825937271118,69.63333333333333,9975030.00017867,53.07984790874525
52,0.890609872341156,53.666666666666664,54414.845637512204,52.71229404309251
53,0.5766594052314759,71.03333333333333,2523.4865021705627,53.00380228136881
54,0.5152830600738525,75.36666666666667,426.73741393089296,52.75876637093368
55,0.4372105062007904,80.9,92.51988830566407,54.75285171102662
56,0.38409503698349,83.26666666666668,25.52606021165848,51.554710604140254
57,0.35948249101638796,86.03333333333333,13.807315707206726,50.253485424588085
58,0.3098232507705688,87.6,7.058398246765137,50.701309674693704
59,0.27843024730682375,88.9,2.4899006247520448,56.7553865652725
60,0.26873528957366943,89.56666666666666,1.999624502658844,61.347697507393335
61,0.2611224174499512,90.4,1.1270239055156708,70.38022813688212
62,0.2224903255701065,91.26666666666668,0.69233438372612,78.73679763413602
63,0.24218903183937074,91.53333333333333,0.4927437365055084,83.14321926489228
64,0.2166128784418106,91.6,0.3789542615413666,85.93155893536121
65,0.23755298256874086,91.53333333333333,0.3170633852481842,87.86227291930713
66,0.22702782452106476,91.73333333333332,0.29045448303222654,88.84241656104774
67,0.22269364595413207,91.86666666666666,0.2765860378742218,89.21841994085341
68,0.20721085369586945,92.26666666666667,0.2730043172836304,89.19729615547105
69,0.20135826170444487,92.66666666666666,0.26997416019439696,89.36628643852978
70,0.2057092934846878,92.86666666666666,0.27034808695316315,89.50147866497676
71,0.212269189953804,93.1,0.26219063699245454,89.66624419095902
72,0.20415753722190857,93.13333333333334,0.25787073969841,89.91550485847065
73,0.20794047117233277,93.13333333333334,0.2521491408348083,90.15209125475286
74,0.20120624005794524,92.93333333333334,0.2503170669078827,90.3041825095057
75,0.20012697577476501,92.66666666666667,0.25013523995876313,90.46894803548795
76,0.19754499793052674,92.96666666666667,0.245147705078125,90.53231939163499
77,0.18379274904727935,93.16666666666666,0.24616389572620392,90.55344317701731
78,0.19961815178394318,93.36666666666667,0.2439881294965744,90.62948880439374
79,0.1994589686393738,93.16666666666666,0.24261009991168975,90.6083650190114
80,0.19438364803791047,93.63333333333333,0.24159233570098876,90.65906210392902
81,0.18972292244434358,92.96666666666667,0.24212024211883545,90.6759611322349
82,0.19802603423595427,93.26666666666667,0.24380638599395751,90.65061258977609
83,0.18988338112831116,93.30000000000001,0.23947054147720337,90.70553443177019
84,0.18526155054569243,93.30000000000001,0.24361320734024047,90.72243346007603
85,0.2058795690536499,93.19999999999999,0.24174690544605254,90.77735530207012
86,0.18961648344993592,93.00000000000001,0.2411739706993103,90.68018588931137
87,0.20548613369464874,93.4,0.24188385009765626,90.7013096746937
88,0.18691326379776002,93.73333333333332,0.24600284695625305,90.72243346007605
89,0.19340148717164993,93.53333333333333,0.23924842476844788,90.74778200253486
90,0.18917500078678132,93.53333333333333,0.24245354533195496,90.73510773130545
91,0.19024742841720582,93.43333333333334,0.24479435682296752,90.71820870299958
92,0.19454290866851806,93.16666666666666,0.24061107635498047,90.73510773130545
93,0.1744139611721039,93.36666666666665,0.2394966721534729,90.7393324883819
94,0.19279141575098038,93.00000000000001,0.24238242506980895,90.73510773130545
95,0.20428740382194518,92.8,0.24173899590969086,90.72665821715252
96,0.19780228435993194,93.43333333333332,0.24109197556972503,90.73510773130546
97,0.18719186186790465,93.43333333333334,0.23989613652229308,90.74355724545839
98,0.19200166463851928,93.53333333333333,0.24115230441093444,90.74778200253486
99,0.18341667354106903,93.56666666666668,0.24039364457130433,90.76045627376426
100,0.18729678690433502,93.5,0.2421877473592758,90.67173637515843
101,1.5174105882644653,65.15555555555557,8429031.741627812,56.201943388255174
102,1.2496499061584472,48.28888888888889,118074.7169486642,55.55555555555556
103,0.5766740679740906,71.13333333333333,4325.297606515885,49.835234474017746
104,0.5125511169433594,75.93333333333334,543.9389279603959,52.61512463033375
105,0.45673940181732176,80.0,172.46079884767533,55.711871567384875
106,0.4157052516937256,82.0,51.34990617036819,54.94719053654414
107,0.38859419226646424,83.06666666666666,16.434330052137376,52.89395859738065
108,0.3536949336528778,84.93333333333334,6.338786160945892,55.49218419940854
109,0.336169958114624,85.66666666666666,2.405070888996124,63.591043514997885
110,0.30149641931056975,87.62222222222222,1.090789222717285,72.0405576679341
111,0.2816118776798248,88.6,0.7951034069061279,74.93874102239121
112,0.2730938971042633,88.82222222222222,0.6496261417865753,76.79340937896072
113,0.26676982939243316,89.64444444444445,0.5351543962955475,79.801436417406
114,0.2609489321708679,89.53333333333333,0.45528008937835696,82.24757076468103
115,0.25596854090690613,89.84444444444443,0.40948731899261476,83.56569497253908
116,0.25108337998390196,89.99999999999999,0.3777982532978058,84.51204055766793
117,0.2472604840993881,90.15555555555555,0.3520860612392426,85.50485847063794
118,0.23504003286361694,90.66666666666667,0.33547934889793396,85.9611322348965
119,0.23124129474163055,91.39999999999999,0.32558153867721557,86.43430502746094
120,0.22569621056318284,91.55555555555557,0.31157992482185365,87.00464723278411
121,0.21946508586406707,91.46666666666667,0.29239813089370725,88.11575834389522
122,0.21987788677215575,91.66666666666666,0.27846873104572295,88.91001267427124
123,0.21916857361793518,91.75555555555556,0.2698522597551346,89.404309252218
124,0.21797911524772645,91.77777777777777,0.2613256096839905,89.73384030418251
125,0.21686656773090363,91.88888888888889,0.2615877687931061,89.90283058724124
126,0.2186162441968918,91.95555555555555,0.25528517961502073,90.04224757076467
127,0.215456984937191,91.77777777777777,0.25582045316696167,90.1309674693705
128,0.21189689934253692,92.0,0.2517892748117447,90.16476552598226
129,0.21098216027021408,92.31111111111112,0.25073703229427335,90.198563582594
130,0.21431662887334824,91.95555555555555,0.24899724125862122,90.29573299535276
131,0.21288361251354218,92.06666666666668,0.24949261248111726,90.31685678073511
132,0.21155960857868195,91.97777777777777,0.24849633872509003,90.35487959442332
133,0.20998565405607222,92.15555555555555,0.249827578663826,90.36755386565272
134,0.2089603587985039,92.4,0.24778922498226166,90.40980143641741
135,0.2118936151266098,92.28888888888889,0.24888306558132173,90.40557667934092
136,0.21184297204017638,92.22222222222221,0.24584826231002807,90.43092522179975
137,0.2120669662952423,91.86666666666666,0.24858998656272888,90.43937473595268
138,0.2099729746580124,92.26666666666665,0.24570222198963165,90.43937473595268
139,0.21181945651769638,92.46666666666667,0.2450751006603241,90.43514997887621
140,0.20964354574680327,92.17777777777778,0.24619458019733428,90.44782425010561
141,0.21120330393314363,92.33333333333334,0.24796724021434785,90.44782425010561
142,0.2097181797027588,92.11111111111111,0.24883586168289185,90.43937473595268
143,0.21124802231788636,92.24444444444444,0.24922941923141478,90.44359949302915
144,0.21189778447151184,92.11111111111111,0.24573877155780793,90.45204900718208
145,0.21026730984449388,92.4,0.24494680762290955,90.46472327841148
146,0.21236210465431213,92.0,0.2466651201248169,90.47317279256443
147,0.21339912116527557,92.26666666666667,0.2476454496383667,90.47317279256443
148,0.213549667596817,92.04444444444444,0.24641598165035247,90.46049852133504
149,0.21283653676509856,92.11111111111111,0.24561552405357362,90.45204900718208
150,0.2096874237060547,91.88888888888889,0.24742196798324584,90.4647232784115
151,1.3451968431472778,61.51666666666667,407907.6207704544,53.16434305027461
152,0.6483320474624634,65.23333333333333,4241.128786087036,48.542458808618505
153,0.4907676041126251,77.65,134.03068549633025,48.78326996197718
154,0.41905460953712464,81.61666666666666,18.446384167671205,51.774397972116596
155,0.3476999819278717,85.88333333333334,3.4384547233581544,58.107308829742294
156,0.3145518243312836,87.56666666666668,1.2334983229637146,69.9197296155471
157,0.2789089322090149,89.28333333333333,1.0039860367774964,66.14702154626109
158,0.2379203826189041,90.78333333333333,0.5779551267623901,77.52006759611322
159,0.22278015911579133,91.48333333333333,0.5453208804130554,75.67807351077313
160,0.21560555696487427,91.71666666666667,0.4809034883975983,80.89564850021125
161,0.20698585212230683,92.4,0.409539121389389,83.89522602450359
162,0.1985587626695633,92.93333333333334,0.3898396134376526,84.66835656949726
163,0.17562960386276244,93.23333333333333,0.3536179691553116,86.00760456273763
164,0.17914946973323823,93.26666666666667,0.2930705428123474,88.57203210815379
165,0.17625018954277039,93.58333333333334,0.2604009807109833,89.91128010139417
166,0.16341457664966583,93.65,0.24934083223342896,90.34643008027038
167,0.164127716422081,93.86666666666666,0.2527219295501709,90.10984368398817
168,0.15713177025318145,94.01666666666668,0.2551984965801239,90.35065483734685
169,0.16327069699764252,94.25,0.23186162412166594,91.04351499788763
170,0.1497906357049942,94.4,0.23390307128429413,91.17025771018166
171,0.15098542869091033,93.95,0.22219012677669525,91.65188001689901
172,0.14805228114128113,94.38333333333334,0.21438708305358886,91.88846641318125
173,0.15082098543643951,94.66666666666666,0.20920861065387725,92.01943388255175
174,0.14835679531097412,94.58333333333333,0.2022593915462494,92.09125475285171
175,0.1428347870707512,94.43333333333334,0.19958130419254302,92.09547950992818
176,0.1478343904018402,94.75000000000001,0.20024152994155883,92.15040135192227
177,0.14984581172466277,94.58333333333334,0.19971967935562135,92.27291930713983
178,0.14931571185588838,94.83333333333333,0.1975290834903717,92.3151668779045
179,0.14475197196006775,94.81666666666666,0.19641133546829223,92.34896493451626
180,0.13836692422628402,94.96666666666667,0.19667213559150695,92.3447401774398
181,0.14292654991149903,94.95,0.19554668962955474,92.3447401774398
182,0.14008531719446182,94.98333333333332,0.1957424432039261,92.33629066328685
183,0.14791668951511383,94.85,0.19574259221553802,92.30671736375157
184,0.13751298934221268,95.01666666666667,0.1948066920042038,92.32784114913392
185,0.13693792819976808,94.91666666666666,0.19850541055202484,92.33206590621039
186,0.14525446891784669,94.86666666666666,0.19401566088199615,92.33629066328686
187,0.14017980843782424,94.86666666666666,0.19903264939785004,92.32361639205746
188,0.14059229493141173,94.88333333333334,0.19895855188369752,92.31094212082806
189,0.1422973096370697,94.83333333333333,0.19851525723934174,92.31516687790452
190,0.1397419184446335,94.96666666666667,0.19544564485549926,92.32361639205746
191,0.1434170827269554,95.0,0.19692498147487641,92.32361639205746
192,0.14609115421772004,94.71666666666667,0.19648434817790986,92.31094212082806
193,0.13908250778913497,94.93333333333334,0.19827293157577514,92.32361639205746
194,0.14333791881799698,94.85,0.19797396361827851,92.32784114913395
195,0.14200592637062073,94.95000000000002,0.19642749130725862,92.32784114913392
196,0.14436600506305694,94.86666666666667,0.19528700411319733,92.33629066328686
197,0.13868404775857926,94.96666666666667,0.19714684188365936,92.31939163498099
198,0.140706966817379,94.8,0.19899684488773345,92.29404309252217
199,0.1439049005508423,94.66666666666666,0.19860824942588806,92.32784114913393
200,0.14029514342546462,94.8,0.1965734541416168,92.31094212082806
201,1.4023818016052245,57.52,1845284.2115256786,54.93029150823827
202,0.639924681186676,68.16,12264.564220905304,53.83185466835657
203,0.47126718759536745,79.50666666666667,408.6750852227211,55.50485847063794
204,0.4007724285125732,83.82666666666667,52.37550603747368,61.92226446979298
205,0.3471470415592194,86.06666666666668,10.414906698465348,62.03210815378115
206,0.30033949613571165,88.29333333333334,2.108168441057205,72.30249260667512
207,0.26852124035358427,89.4,0.5649342238903046,77.2074355724546
208,0.23837093114852906,90.78666666666666,0.6590614199638367,76.29911280101395
209,0.21404983401298522,91.98666666666665,0.7475049614906311,76.51457541191382
210,0.200710466504097,92.37333333333332,0.607906186580658,76.6497676383608
211,0.17965317666530609,92.81333333333335,0.42313539385795595,83.1009716941276
212,0.16958627998828887,93.33333333333333,0.33962624669075014,86.3455851288551
213,0.17119922041893004,93.39999999999999,0.3169346511363983,86.82720743557245
214,0.16528064906597137,93.63999999999999,0.29546548426151276,87.95099281791296
215,0.15925154983997344,94.03999999999999,0.2577149748802185,89.40853400929447
216,0.1569821208715439,94.13333333333334,0.24352263212203978,90.08449514152935
217,0.15330719947814941,94.29333333333334,0.22696374654769896,90.89564850021125
218,0.14892596304416655,94.45333333333333,0.23353514671325684,90.78580481622308
219,0.1471630334854126,94.55999999999999,0.22202616930007935,91.19560625264047
220,0.14171816408634186,94.73333333333333,0.2185266673564911,91.41529362061682
221,0.13919923156499864,94.72,0.20500919222831726,92.07013096746938
222,0.13925355225801467,94.73333333333333,0.19762249290943146,92.50105618926912
223,0.13990722000598907,94.77333333333334,0.19080292880535127,92.779890156316
224,0.13644228130578995,95.06666666666666,0.18577123582363128,92.89395859738065
225,0.13810270875692368,94.85333333333332,0.1849813938140869,92.93198141106886
226,0.132625575363636,95.09333333333333,0.18521280586719513,92.96155471060413
227,0.13770177960395813,95.0,0.1844410002231598,92.93198141106886
228,0.13604572266340256,94.86666666666666,0.18378933668136596,92.93620616814533
229,0.13455712795257568,95.08,0.184302619099617,92.93620616814533
230,0.133583228290081,95.06666666666666,0.1855904906988144,92.94888043937473
231,0.1330856814980507,94.88,0.185564386844635,92.91085762568653
232,0.13266148567199706,95.21333333333332,0.18496365547180177,92.91508238276299
233,0.1315425902605057,94.96000000000001,0.18319006860256196,92.88128432615125
234,0.13269200772047043,95.08,0.18423503041267394,92.89818335445712
235,0.13366731107234955,94.82666666666667,0.18270988166332244,92.89395859738065
236,0.1319934144616127,95.06666666666666,0.184231173992157,92.89818335445712
237,0.13291900008916854,94.98666666666666,0.18607499003410338,92.9277566539924
238,0.1332182839512825,95.13333333333333,0.1852140724658966,92.93620616814533
239,0.13242866694927216,95.02666666666667,0.1858098804950714,92.93620616814533
240,0.13345292806625367,95.17333333333332,0.18286561071872712,92.9404309252218
241,0.1321486324071884,95.12,0.18544574975967407,92.95310519645122
242,0.13120386898517608,95.16,0.18682600259780885,92.9531051964512
243,0.13133206367492675,95.2,0.18400693833827972,92.93620616814533
244,0.13305965512990953,95.13333333333333,0.1843077212572098,92.9531051964512
245,0.13190903812646865,95.20000000000002,0.18325572907924653,92.96155471060415
246,0.13205964118242264,95.33333333333333,0.183701029419899,92.95310519645119
247,0.1307561904191971,95.16,0.18612676560878755,92.95732995352768
248,0.13142358362674714,95.14666666666666,0.18492006361484528,92.9531051964512
249,0.13139304518699646,95.2,0.1845490664243698,92.9657794676806
250,0.13219338059425353,95.13333333333333,0.18382534980773926,92.9531051964512
