Epoch,Repetition 1,Repetition 2,Repetition 3,Repetition 4,Repetition 5
0,1.9513288736343384,6.195168972015381,2.0804765224456787,5.068224906921387,3.783447027206421
1,1.7968789339065552,2.2630152702331543,2.3325321674346924,1.5515098571777344,1.7310677766799927
2,0.512668788433075,1.1945282220840454,1.0587059259414673,0.6755044460296631,1.4822242259979248
3,1.1493728160858154,1.4281160831451416,0.688622236251831,2.073655605316162,1.2140048742294312
4,0.9465805292129517,0.8254895210266113,0.5247589349746704,0.7941634058952332,0.6247247457504272
5,0.7120053768157959,0.5537030696868896,0.45992398262023926,0.7053336501121521,0.5003904700279236
6,0.4552661180496216,0.5203458070755005,0.40036216378211975,0.673166036605835,0.4738842248916626
7,0.4453093707561493,0.5091260075569153,0.36747807264328003,0.6090925931930542,0.4602334797382355
8,0.4268569052219391,0.4833375811576843,0.32327574491500854,0.550616443157196,0.44413647055625916
9,0.4196912348270416,0.47995495796203613,0.3119381070137024,0.5359995365142822,0.4203541874885559
10,0.389338880777359,0.4575527012348175,0.2771244943141937,0.5070119500160217,0.380813866853714
11,0.34528017044067383,0.4309673607349396,0.25011399388313293,0.4250902831554413,0.3503996431827545
12,0.33483797311782837,0.443071186542511,0.2385168969631195,0.4176277220249176,0.35380610823631287
13,0.3397262692451477,0.4513884484767914,0.2332068383693695,0.4037415683269501,0.35459670424461365
14,0.32977452874183655,0.4509999752044678,0.22180552780628204,0.39823898673057556,0.35121962428092957
15,0.3267104923725128,0.43882936239242554,0.2205038219690323,0.4026902914047241,0.3532419800758362
16,0.3066568672657013,0.42843741178512573,0.21315747499465942,0.38149580359458923,0.35176482796669006
17,0.30065980553627014,0.45144614577293396,0.21300265192985535,0.3812446594238281,0.34095799922943115
18,0.29691189527511597,0.4347063899040222,0.19880855083465576,0.367611289024353,0.3408990502357483
19,0.2842522859573364,0.4270004332065582,0.1948114037513733,0.3695383369922638,0.3378579318523407
20,0.28247833251953125,0.4095385670661926,0.19104082882404327,0.34181657433509827,0.3308756947517395
21,0.26424267888069153,0.4371647834777832,0.17965707182884216,0.3475613594055176,0.3250315189361572
22,0.2764701545238495,0.4199094772338867,0.17893223464488983,0.33523616194725037,0.3304569125175476
23,0.2624887526035309,0.4065698981285095,0.18228358030319214,0.3381384015083313,0.3246544599533081
24,0.26266708970069885,0.4272755980491638,0.1753389835357666,0.3466951549053192,0.3280579745769501
25,0.2656445801258087,0.42498934268951416,0.17565856873989105,0.34046950936317444,0.32938000559806824
26,0.26359760761260986,0.4141204059123993,0.1810113489627838,0.3300957977771759,0.3257458508014679
27,0.25943315029144287,0.41216716170310974,0.17744679749011993,0.33135905861854553,0.3246123194694519
28,0.2682490050792694,0.41525352001190186,0.19160611927509308,0.32927700877189636,0.32914575934410095
29,0.2605808973312378,0.42550355195999146,0.17481863498687744,0.3258460462093353,0.32127171754837036
30,0.259820818901062,0.4199029803276062,0.16888076066970825,0.3335886001586914,0.32265153527259827
31,0.2562256157398224,0.42504557967185974,0.17349012196063995,0.3247222602367401,0.31668686866760254
32,0.2532075047492981,0.43304678797721863,0.17170894145965576,0.3247238099575043,0.3210197389125824
33,0.2519066631793976,0.4175705909729004,0.17094247043132782,0.3249027729034424,0.31737983226776123
34,0.25268980860710144,0.4184325635433197,0.17467302083969116,0.31850895285606384,0.32549145817756653
35,0.261140376329422,0.4025431275367737,0.16733010113239288,0.32290157675743103,0.3236648142337799
36,0.25801920890808105,0.40786248445510864,0.17520634829998016,0.3277353048324585,0.32080888748168945
37,0.2563096582889557,0.40818625688552856,0.16927078366279602,0.32280269265174866,0.3214895725250244
38,0.26172736287117004,0.4117485582828522,0.16959068179130554,0.32944580912590027,0.32011541724205017
39,0.25866106152534485,0.4133560359477997,0.17026370763778687,0.32276687026023865,0.321956604719162
40,0.25353866815567017,0.4049931466579437,0.17462877929210663,0.3161383867263794,0.32155340909957886
41,0.24787382781505585,0.41733843088150024,0.17794594168663025,0.3295268714427948,0.3260778784751892
42,0.26037687063217163,0.42577752470970154,0.1731826514005661,0.3268755078315735,0.3195136785507202
43,0.2530321180820465,0.4135650396347046,0.16930872201919556,0.3238198459148407,0.31704264879226685
44,0.26031559705734253,0.4181424379348755,0.16697905957698822,0.3204236626625061,0.3302634358406067
45,0.25624457001686096,0.41005900502204895,0.16615672409534454,0.3243095576763153,0.32614824175834656
46,0.2597178816795349,0.4168493449687958,0.17564783990383148,0.3264758884906769,0.32241541147232056
47,0.2479052096605301,0.4193205237388611,0.17539164423942566,0.32795003056526184,0.32352080941200256
48,0.2523452937602997,0.4137763977050781,0.17320336401462555,0.3294677436351776,0.3268141746520996
49,0.2523914575576782,0.4221027195453644,0.17472679913043976,0.3223370909690857,0.3272821009159088
50,0.2515217363834381,0.41945645213127136,0.1704605668783188,0.33277401328086853,0.3260107934474945
51,1.371035099029541,1.58656907081604,1.6630196571350098,1.0795764923095703,1.508712649345398
52,0.8317262530326843,1.1387954950332642,0.7566695213317871,0.7656728029251099,0.9601852893829346
53,0.6365574598312378,0.6902134418487549,0.4640444219112396,0.4949941337108612,0.5974875688552856
54,0.5725109577178955,0.5756049156188965,0.37598735094070435,0.554133415222168,0.4981786608695984
55,0.481514036655426,0.5550663471221924,0.3386540710926056,0.34432828426361084,0.4664897918701172
56,0.4214232563972473,0.44797003269195557,0.2879234552383423,0.369056761264801,0.39410167932510376
57,0.3438774347305298,0.444627583026886,0.2884320020675659,0.32918334007263184,0.39129209518432617
58,0.27235162258148193,0.3921058773994446,0.26120856404304504,0.2507674992084503,0.37268269062042236
59,0.25812429189682007,0.32149022817611694,0.19339978694915771,0.25315380096435547,0.36598312854766846
60,0.2339993268251419,0.3112582564353943,0.21981661021709442,0.2591100335121155,0.3194922208786011
61,0.2872125506401062,0.31845301389694214,0.18763285875320435,0.2118229866027832,0.30049067735671997
62,0.1994580626487732,0.2615911066532135,0.18132126331329346,0.16586934030056,0.3042118549346924
63,0.192642480134964,0.3226827085018158,0.21254470944404602,0.19677448272705078,0.28630077838897705
64,0.17907248437404633,0.26203498244285583,0.1397903859615326,0.21694988012313843,0.28521665930747986
65,0.19515274465084076,0.3270883560180664,0.14127753674983978,0.22483444213867188,0.2994118332862854
66,0.19461394846439362,0.2652531862258911,0.15402624011039734,0.2119850218296051,0.3092607259750366
67,0.2073923796415329,0.24446871876716614,0.132547989487648,0.22484469413757324,0.3042144477367401
68,0.1742374747991562,0.2515340745449066,0.1519286185503006,0.1914544552564621,0.26689964532852173
69,0.17892518639564514,0.23214197158813477,0.14202570915222168,0.16367892920970917,0.29001951217651367
70,0.21309518814086914,0.2203691601753235,0.1323704719543457,0.1884380728006363,0.2742735743522644
71,0.179300457239151,0.25798797607421875,0.12979909777641296,0.20604033768177032,0.28821808099746704
72,0.18261200189590454,0.19499704241752625,0.13639101386070251,0.2096574306488037,0.29713019728660583
73,0.16689884662628174,0.2407781481742859,0.16831573843955994,0.19814148545265198,0.2655681371688843
74,0.16692134737968445,0.21686218678951263,0.14046934247016907,0.18474403023719788,0.29703429341316223
75,0.1945418417453766,0.23777636885643005,0.14003115892410278,0.18631702661514282,0.24196848273277283
76,0.18436671793460846,0.2509426772594452,0.1447615623474121,0.15406478941440582,0.2535892426967621
77,0.16436387598514557,0.2305726706981659,0.12199041247367859,0.14680904150009155,0.2552277445793152
78,0.18583014607429504,0.19188418984413147,0.14631423354148865,0.20827127993106842,0.2657909095287323
79,0.1595565378665924,0.2701903283596039,0.14316755533218384,0.1489458680152893,0.27543455362319946
80,0.14496064186096191,0.20524196326732635,0.1156625747680664,0.23740330338478088,0.26864975690841675
81,0.14827895164489746,0.242082417011261,0.13431473076343536,0.16714495420455933,0.2567935585975647
82,0.1783927083015442,0.2544114291667938,0.12558336555957794,0.16842961311340332,0.26331305503845215
83,0.17331621050834656,0.21022924780845642,0.10183407366275787,0.1932823210954666,0.2707550525665283
84,0.1497761607170105,0.2346513271331787,0.10390923917293549,0.17672643065452576,0.26124459505081177
85,0.17879197001457214,0.2308269739151001,0.1435883641242981,0.19340422749519348,0.2827863097190857
86,0.18431657552719116,0.2115418165922165,0.11253680288791656,0.1862657368183136,0.25342148542404175
87,0.20511265099048615,0.19115355610847473,0.10695075988769531,0.23228046298027039,0.29193323850631714
88,0.15945051610469818,0.22806738317012787,0.11116461455821991,0.19273293018341064,0.24315087497234344
89,0.1476471722126007,0.23636457324028015,0.11521647125482559,0.18910139799118042,0.2786778211593628
90,0.1490759700536728,0.23088666796684265,0.1260887086391449,0.1749764382839203,0.2648472189903259
91,0.19018548727035522,0.1931116133928299,0.1251477152109146,0.1934206783771515,0.24937164783477783
92,0.16080406308174133,0.24827662110328674,0.15295493602752686,0.15381783246994019,0.2568610906600952
93,0.151701420545578,0.2269623875617981,0.11887058615684509,0.133992999792099,0.24054241180419922
94,0.1734960973262787,0.2218627631664276,0.11520002037286758,0.17291542887687683,0.28048276901245117
95,0.16028034687042236,0.20820599794387817,0.15997707843780518,0.21726974844932556,0.2757038474082947
96,0.15835675597190857,0.28607529401779175,0.11507992446422577,0.19003775715827942,0.23946169018745422
97,0.1436404138803482,0.2175268828868866,0.13563209772109985,0.17567376792430878,0.2634861469268799
98,0.1445399820804596,0.21230271458625793,0.1350591480731964,0.1785445511341095,0.289561927318573
99,0.17963148653507233,0.1936548799276352,0.1290980726480484,0.1408727467060089,0.2738261818885803
100,0.15700536966323853,0.20056484639644623,0.13332271575927734,0.16448596119880676,0.28110504150390625
101,1.1678054332733154,1.6270420551300049,1.7468905448913574,1.3200021982192993,1.7253127098083496
102,1.2693493366241455,1.3463249206542969,0.5716309547424316,1.1551496982574463,1.905794620513916
103,0.6692664623260498,0.7212658524513245,0.3852887749671936,0.5297139883041382,0.5778352618217468
104,0.5944769978523254,0.6433849930763245,0.3161826729774475,0.48663705587387085,0.5220738649368286
105,0.552933931350708,0.5336752533912659,0.2757553458213806,0.42888402938842773,0.49244844913482666
106,0.48499512672424316,0.5016621351242065,0.24560287594795227,0.39163631200790405,0.4546298086643219
107,0.4428155720233917,0.473010390996933,0.22672858834266663,0.3678860068321228,0.43253040313720703
108,0.4045643210411072,0.4179629981517792,0.20939525961875916,0.3337970972061157,0.4027549922466278
109,0.3961477279663086,0.3944944143295288,0.192876398563385,0.30662044882774353,0.3907108008861542
110,0.3213726282119751,0.3553902804851532,0.175858274102211,0.28433966636657715,0.3705212473869324
111,0.2985977232456207,0.33824360370635986,0.15416768193244934,0.260829359292984,0.3562210202217102
112,0.28246694803237915,0.3237553536891937,0.15083268284797668,0.257889986038208,0.35052451491355896
113,0.27070045471191406,0.3122033476829529,0.14918513596057892,0.249343603849411,0.35241660475730896
114,0.25605055689811707,0.31335699558258057,0.1412627398967743,0.24512988328933716,0.3489444851875305
115,0.2610927224159241,0.2986663579940796,0.13538441061973572,0.24156758189201355,0.3431316316127777
116,0.25405219197273254,0.29543089866638184,0.1301109790802002,0.2391170859336853,0.33670574426651
117,0.2468702793121338,0.28957825899124146,0.1341826468706131,0.2313673198223114,0.33430391550064087
118,0.23035377264022827,0.27216094732284546,0.12143850326538086,0.22532504796981812,0.325921893119812
119,0.23073561489582062,0.2719237208366394,0.1176903247833252,0.21445709466934204,0.3213997185230255
120,0.2215336561203003,0.2637495994567871,0.11305686086416245,0.2122020721435547,0.3179388642311096
121,0.2180939018726349,0.2545282542705536,0.1088382750749588,0.20295420289039612,0.312910795211792
122,0.2151268720626831,0.2571249008178711,0.10883775353431702,0.201755553483963,0.3165443539619446
123,0.2186225801706314,0.2513046860694885,0.10574352741241455,0.2067507654428482,0.3134213089942932
124,0.2224448323249817,0.24690696597099304,0.1071094274520874,0.20354783535003662,0.30988651514053345
125,0.20972463488578796,0.25028789043426514,0.10511042177677155,0.20300456881523132,0.31620532274246216
126,0.2140693962574005,0.2513107359409332,0.11063699424266815,0.20390468835830688,0.31315940618515015
127,0.2122126817703247,0.24540525674819946,0.1086946651339531,0.20082086324691772,0.31015145778656006
128,0.20874853432178497,0.24325647950172424,0.10292896628379822,0.2001529335975647,0.3043975830078125
129,0.20566679537296295,0.2343500852584839,0.09890086203813553,0.20446300506591797,0.31153005361557007
130,0.21069234609603882,0.24081507325172424,0.10511087626218796,0.1981031894683838,0.31686165928840637
131,0.20381133258342743,0.24888840317726135,0.10056836903095245,0.20281435549259186,0.3083356022834778
132,0.2122310996055603,0.2392483502626419,0.10186246037483215,0.19539573788642883,0.30906039476394653
133,0.20642182230949402,0.23950260877609253,0.0994010791182518,0.19421330094337463,0.3103894591331482
134,0.20703154802322388,0.23499995470046997,0.10156884044408798,0.19535869359970093,0.3058427572250366
135,0.2053147554397583,0.24594634771347046,0.09954673051834106,0.19819580018520355,0.31046444177627563
136,0.20300215482711792,0.24229854345321655,0.10102662444114685,0.20225298404693604,0.3106345534324646
137,0.20421633124351501,0.243929922580719,0.10403412580490112,0.19724339246749878,0.31091105937957764
138,0.20951449871063232,0.23797611892223358,0.1008722186088562,0.19441008567810059,0.30709195137023926
139,0.21412022411823273,0.2381039559841156,0.09855074435472488,0.2015465497970581,0.3067758083343506
140,0.20346707105636597,0.2362964153289795,0.09957908093929291,0.19834160804748535,0.3105335533618927
141,0.208736389875412,0.24377301335334778,0.09973375499248505,0.19279000163078308,0.3109833598136902
142,0.2086232304573059,0.23498941957950592,0.09980978071689606,0.19659826159477234,0.3085702061653137
143,0.20810207724571228,0.24127863347530365,0.10028551518917084,0.19716116786003113,0.30941271781921387
144,0.20926040410995483,0.24289853870868683,0.09982378780841827,0.20162004232406616,0.3058861494064331
145,0.20338381826877594,0.244937926530838,0.09608996659517288,0.1966594159603119,0.3102654218673706
146,0.21182356774806976,0.24274024367332458,0.10029663145542145,0.19895857572555542,0.30799150466918945
147,0.21752913296222687,0.24655714631080627,0.10163277387619019,0.1972748041152954,0.30400174856185913
148,0.21966466307640076,0.24119721353054047,0.09897361695766449,0.20107319951057434,0.30683964490890503
149,0.20861026644706726,0.23988330364227295,0.10054801404476166,0.20633062720298767,0.3088104724884033
150,0.20049680769443512,0.23852936923503876,0.10094809532165527,0.19717484712600708,0.3112879991531372
151,1.046915054321289,1.5446642637252808,1.5733251571655273,1.107211709022522,1.45386803150177
152,0.6968579888343811,0.6984896063804626,0.7467329502105713,0.5273420214653015,0.5722376704216003
153,0.47072121500968933,0.5182032585144043,0.5973591208457947,0.4111422598361969,0.4564121663570404
154,0.4110511541366577,0.46084126830101013,0.507556140422821,0.3118528127670288,0.40397167205810547
155,0.338131308555603,0.3961745798587799,0.41711148619651794,0.25678351521492004,0.3302990198135376
156,0.3483602702617645,0.33520379662513733,0.3438487946987152,0.25059202313423157,0.2947542369365692
157,0.29858478903770447,0.2686479985713959,0.30682259798049927,0.25268837809562683,0.267800897359848
158,0.2634844183921814,0.2566821277141571,0.23097951710224152,0.20471297204494476,0.2337428778409958
159,0.22634761035442352,0.22798913717269897,0.21672014892101288,0.2080138921737671,0.23483000695705414
160,0.21893806755542755,0.22909776866436005,0.20346178114414215,0.19187228381633759,0.234657883644104
161,0.2097722440958023,0.21778114140033722,0.19927866756916046,0.18843984603881836,0.21965736150741577
162,0.19491910934448242,0.21367047727108002,0.1957307904958725,0.1707857847213745,0.21768765151500702
163,0.1670999526977539,0.18835119903087616,0.1667015105485916,0.1661144644021988,0.18988089263439178
164,0.1784624308347702,0.1916469782590866,0.18031519651412964,0.16171671450138092,0.18360602855682373
165,0.165401890873909,0.19874252378940582,0.17211610078811646,0.16846293210983276,0.1765275001525879
166,0.1472669392824173,0.16728204488754272,0.17609111964702606,0.154160737991333,0.17227204144001007
167,0.15401379764080048,0.16991309821605682,0.15518046915531158,0.15908879041671753,0.18244242668151855
168,0.14685523509979248,0.17199599742889404,0.14243485033512115,0.1448366791009903,0.17953608930110931
169,0.16411058604717255,0.17175979912281036,0.1655811369419098,0.1467791497707367,0.1681228131055832
170,0.13747362792491913,0.15786802768707275,0.14128054678440094,0.1439194232225418,0.16841155290603638
171,0.12800204753875732,0.15290534496307373,0.1447504162788391,0.1608523428440094,0.16841699182987213
172,0.13372759521007538,0.16620652377605438,0.13642199337482452,0.1403104066848755,0.16359488666057587
173,0.14666330814361572,0.15705282986164093,0.142883762717247,0.14592790603637695,0.16157712042331696
174,0.13377152383327484,0.16182254254817963,0.1538836508989334,0.13111184537410736,0.16119441390037537
175,0.12465887516736984,0.1650199145078659,0.13730327785015106,0.13886485993862152,0.14832700788974762
176,0.13641029596328735,0.17362113296985626,0.14235709607601166,0.13887743651866913,0.14790599048137665
177,0.1307302564382553,0.16961582005023956,0.14160680770874023,0.1397843062877655,0.1674918681383133
178,0.13123157620429993,0.18097512423992157,0.13780206441879272,0.14094214141368866,0.15562765300273895
179,0.13237999379634857,0.14983676373958588,0.13733282685279846,0.13751022517681122,0.16670005023479462
180,0.11400402337312698,0.14942219853401184,0.13888640701770782,0.1318400651216507,0.1576819270849228
181,0.12626715004444122,0.1593576818704605,0.14561718702316284,0.12707845866680145,0.1563122719526291
182,0.11995681375265121,0.15096598863601685,0.13494156301021576,0.1415177434682846,0.15304447710514069
183,0.12887997925281525,0.16966164112091064,0.1395937204360962,0.13178586959838867,0.1696622371673584
184,0.12067814916372299,0.14913488924503326,0.12770891189575195,0.13077791035175323,0.15926508605480194
185,0.12591153383255005,0.13899213075637817,0.12990975379943848,0.14608818292617798,0.14378803968429565
186,0.12508733570575714,0.16181176900863647,0.1414121389389038,0.1437925547361374,0.15416854619979858
187,0.12251224368810654,0.15296293795108795,0.14297795295715332,0.13201144337654114,0.1504344642162323
188,0.1227509081363678,0.14918941259384155,0.13257759809494019,0.13395828008651733,0.16448527574539185
189,0.11720854043960571,0.1491139978170395,0.14313869178295135,0.1248786449432373,0.17714667320251465
190,0.130392923951149,0.14900237321853638,0.1321098804473877,0.1291024535894394,0.15810196101665497
191,0.11381400376558304,0.15044142305850983,0.1518484503030777,0.13780754804611206,0.16317398846149445
192,0.12628154456615448,0.1587766408920288,0.13577139377593994,0.13582547008991241,0.17380072176456451
193,0.11530040949583054,0.1457248479127884,0.14387036859989166,0.14051620662212372,0.1500007063150406
194,0.1278703212738037,0.15210606157779694,0.13969136774539948,0.12234923988580704,0.17467260360717773
195,0.12240060418844223,0.1704779863357544,0.1222648099064827,0.13777455687522888,0.15711167454719543
196,0.12599723041057587,0.15339331328868866,0.1402377039194107,0.13763387501239777,0.16456790268421173
197,0.1213669404387474,0.15356029570102692,0.1267307996749878,0.13481490314006805,0.1569472998380661
198,0.11699002236127853,0.15825657546520233,0.13070456683635712,0.13927075266838074,0.15831291675567627
199,0.14070098102092743,0.1556137204170227,0.13442598283290863,0.12966270744800568,0.15912111103534698
200,0.11998269706964493,0.15622083842754364,0.1309676170349121,0.13535457849502563,0.15894998610019684
201,1.1819201707839966,1.3868480920791626,1.5901107788085938,1.412868857383728,1.440161108970642
202,0.664374053478241,0.6117210984230042,0.6017550826072693,0.6793753504753113,0.6423978209495544
203,0.4112046957015991,0.47007641196250916,0.4567122757434845,0.4812014102935791,0.5371411442756653
204,0.3562270402908325,0.4096015691757202,0.3775993287563324,0.4001426696777344,0.4602915346622467
205,0.3262884318828583,0.35609713196754456,0.31947794556617737,0.3462868630886078,0.3875848352909088
206,0.28591054677963257,0.3040037453174591,0.26667895913124084,0.3101266920566559,0.33497753739356995
207,0.2633515000343323,0.2699165642261505,0.22802434861660004,0.2745555341243744,0.30675825476646423
208,0.22401678562164307,0.2450251579284668,0.20393985509872437,0.2512650787830353,0.26760777831077576
209,0.2139381319284439,0.20177002251148224,0.17958545684814453,0.22721479833126068,0.2477407604455948
210,0.19177712500095367,0.201216459274292,0.17534621059894562,0.204768106341362,0.23044443130493164
211,0.17106740176677704,0.17230670154094696,0.15797820687294006,0.18244397640228271,0.21446959674358368
212,0.15648998320102692,0.16260401904582977,0.14607088267803192,0.17622263729572296,0.20654387772083282
213,0.16143858432769775,0.15787695348262787,0.147541344165802,0.1844514012336731,0.20468781888484955
214,0.15229423344135284,0.15354607999324799,0.14709056913852692,0.17453332245349884,0.19893904030323029
215,0.1448121815919876,0.14864203333854675,0.13900142908096313,0.17264266312122345,0.1911594420671463
216,0.13822181522846222,0.14824657142162323,0.1380891650915146,0.17224907875061035,0.18810397386550903
217,0.1378413885831833,0.14360852539539337,0.13124202191829681,0.1668349653482437,0.18700909614562988
218,0.12702690064907074,0.13837623596191406,0.1293679028749466,0.1632123589515686,0.18664641678333282
219,0.12794995307922363,0.13358843326568604,0.12611813843250275,0.1672089695930481,0.18094967305660248
220,0.1337725669145584,0.12833239138126373,0.11912524700164795,0.15386992692947388,0.17349068820476532
221,0.12043102830648422,0.12872903048992157,0.12112268805503845,0.15730565786361694,0.16840775310993195
222,0.12177462130784988,0.12988050282001495,0.11859425902366638,0.15864197909832,0.16737639904022217
223,0.12022340297698975,0.12935654819011688,0.11766770482063293,0.16057102382183075,0.17171742022037506
224,0.11488590389490128,0.12641862034797668,0.11941170692443848,0.15524964034557343,0.16624553501605988
225,0.12063580751419067,0.1246711015701294,0.11727895587682724,0.15641841292381287,0.1715092658996582
226,0.1114378571510315,0.12153444439172745,0.11139264702796936,0.154009610414505,0.16475331783294678
227,0.12037622928619385,0.1270684003829956,0.11856073141098022,0.15438655018806458,0.1681169867515564
228,0.11575359106063843,0.12309104204177856,0.11906551569700241,0.15472657978534698,0.1675918847322464
229,0.11504966020584106,0.12165244668722153,0.11956552416086197,0.15437017381191254,0.16214783489704132
230,0.11079102754592896,0.12038374692201614,0.11277925968170166,0.15953318774700165,0.1644289195537567
231,0.11117911338806152,0.1253422349691391,0.11222069710493088,0.15393836796283722,0.16274799406528473
232,0.11477465182542801,0.12245436757802963,0.10803323984146118,0.15189054608345032,0.1661546230316162
233,0.10917798429727554,0.11977074295282364,0.11708080768585205,0.14723436534404755,0.1644490510225296
234,0.10805606842041016,0.12131407111883163,0.11363053321838379,0.15522624552249908,0.16523312032222748
235,0.10918150097131729,0.11750977486371994,0.11629033088684082,0.15425798296928406,0.17109696567058563
236,0.1131959930062294,0.11846271902322769,0.11557226628065109,0.15097074210643768,0.16176535189151764
237,0.11043807119131088,0.12491849809885025,0.11433903127908707,0.15121179819107056,0.163687601685524
238,0.10897767543792725,0.12145058065652847,0.1158989667892456,0.15357162058353424,0.16619257628917694
239,0.1083698570728302,0.11971797794103622,0.11261125653982162,0.15751834213733673,0.163925901055336
240,0.11264398694038391,0.12023165822029114,0.11335986852645874,0.15718090534210205,0.16384822130203247
241,0.11082407832145691,0.11768468469381332,0.1190466657280922,0.15083296597003937,0.16235476732254028
242,0.1100090742111206,0.1198122501373291,0.11247512698173523,0.15075378119945526,0.16296911239624023
243,0.10772085934877396,0.11823735386133194,0.11194080114364624,0.15377798676490784,0.16498331725597382
244,0.117327481508255,0.12265285849571228,0.11099978536367416,0.1553325057029724,0.15898564457893372
245,0.10905381292104721,0.11876827478408813,0.11525464057922363,0.15400730073451996,0.16246116161346436
246,0.11508830636739731,0.1199151873588562,0.11003804206848145,0.15530556440353394,0.1599511057138443
247,0.11048901081085205,0.1171816885471344,0.10971486568450928,0.1523221880197525,0.16407319903373718
248,0.10793843865394592,0.11983150988817215,0.11080697923898697,0.15754960477352142,0.1609913855791092
249,0.1091797724366188,0.12011450529098511,0.11159435659646988,0.15411953628063202,0.1619570553302765
250,0.11282724142074585,0.11708772927522659,0.11151536554098129,0.15722644329071045,0.16231012344360352
