Epoch,Repetition 1,Repetition 2,Repetition 3,Repetition 4,Repetition 5
0,61.28010139416983,60.139416983523446,67.74397972116603,61.575834389522605,62.99112801013942
1,71.33333333333333,67.33333333333333,71.0,75.0,75.0
2,77.66666666666667,40.666666666666664,55.333333333333336,58.333333333333336,44.333333333333336
3,39.666666666666664,31.666666666666668,67.33333333333333,26.333333333333332,53.666666666666664
4,66.66666666666667,49.0,73.33333333333333,54.333333333333336,69.0
5,73.0,73.66666666666667,81.33333333333333,59.333333333333336,77.66666666666667
6,83.0,77.66666666666667,82.0,64.0,77.33333333333333
7,80.33333333333333,77.0,85.0,70.0,77.66666666666667
8,82.66666666666667,78.0,88.33333333333333,74.0,81.0
9,81.0,78.66666666666667,86.66666666666667,74.33333333333333,82.0
10,83.0,80.0,91.33333333333333,76.0,85.66666666666667
11,86.33333333333333,79.0,89.33333333333333,84.66666666666667,86.66666666666667
12,87.0,81.66666666666667,91.0,84.0,86.0
13,85.0,80.33333333333333,90.33333333333333,83.33333333333333,85.33333333333333
14,86.66666666666667,81.66666666666667,90.66666666666667,84.66666666666667,88.33333333333333
15,86.0,79.66666666666667,92.0,85.33333333333333,85.66666666666667
16,88.33333333333333,81.33333333333333,92.33333333333333,87.33333333333333,86.66666666666667
17,88.66666666666667,79.0,93.0,86.66666666666667,88.0
18,88.0,81.66666666666667,93.0,87.66666666666667,86.0
19,90.0,82.0,93.33333333333333,86.66666666666667,86.66666666666667
20,91.0,81.33333333333333,93.0,87.0,86.66666666666667
21,91.33333333333333,81.33333333333333,92.33333333333333,88.66666666666667,87.0
22,90.33333333333333,81.66666666666667,94.33333333333333,88.0,86.66666666666667
23,91.33333333333333,80.66666666666667,93.33333333333333,88.66666666666667,87.66666666666667
24,90.0,81.66666666666667,93.33333333333333,87.0,86.66666666666667
25,90.0,80.66666666666667,94.66666666666667,88.33333333333333,87.0
26,90.66666666666667,81.33333333333333,94.66666666666667,90.0,87.33333333333333
27,91.66666666666667,82.33333333333333,94.33333333333333,88.66666666666667,88.66666666666667
28,91.0,81.33333333333333,91.66666666666667,90.33333333333333,87.0
29,90.0,82.66666666666667,94.0,91.0,88.33333333333333
30,91.66666666666667,81.66666666666667,94.66666666666667,87.33333333333333,88.33333333333333
31,91.0,81.0,94.66666666666667,90.66666666666667,87.33333333333333
32,92.33333333333333,80.33333333333333,94.33333333333333,89.66666666666667,87.0
33,91.33333333333333,80.66666666666667,95.0,89.0,87.0
34,91.33333333333333,82.0,93.0,90.33333333333333,87.66666666666667
35,90.66666666666667,82.66666666666667,95.33333333333333,90.66666666666667,87.66666666666667
36,91.66666666666667,81.66666666666667,94.33333333333333,89.33333333333333,87.0
37,92.0,81.66666666666667,95.0,89.33333333333333,87.66666666666667
38,90.66666666666667,83.0,94.0,89.66666666666667,88.0
39,91.0,81.33333333333333,95.0,87.0,88.33333333333333
40,91.66666666666667,82.33333333333333,93.66666666666667,90.33333333333333,88.0
41,91.33333333333333,83.0,95.0,89.33333333333333,87.66666666666667
42,90.33333333333333,81.66666666666667,94.0,90.33333333333333,87.33333333333333
43,91.0,80.0,94.0,88.66666666666667,88.0
44,91.0,81.66666666666667,94.0,90.33333333333333,87.66666666666667
45,91.33333333333333,81.0,95.0,89.33333333333333,87.0
46,91.33333333333333,81.0,94.0,88.66666666666667,88.0
47,90.33333333333333,80.66666666666667,93.33333333333333,89.0,87.66666666666667
48,91.66666666666667,82.0,94.66666666666667,88.33333333333333,88.0
49,90.66666666666667,79.66666666666667,93.66666666666667,90.33333333333333,87.33333333333333
50,91.0,81.0,95.33333333333333,88.0,87.66666666666667
51,68.83333333333333,68.5,66.5,72.83333333333333,71.5
52,51.833333333333336,29.5,70.16666666666667,65.83333333333333,51.0
53,67.33333333333333,55.5,81.16666666666667,74.33333333333333,76.83333333333333
54,74.16666666666667,68.0,86.16666666666667,68.83333333333333,79.66666666666667
55,77.5,73.16666666666667,87.66666666666667,86.5,79.66666666666667
56,82.5,77.0,88.16666666666667,85.66666666666667,83.0
57,87.83333333333333,81.33333333333333,89.0,88.5,83.5
58,89.33333333333333,82.5,90.83333333333333,90.33333333333333,85.0
59,90.83333333333333,85.5,92.33333333333333,91.16666666666667,84.66666666666667
60,90.83333333333333,87.0,93.0,91.16666666666667,85.83333333333333
61,91.5,88.83333333333333,93.0,90.66666666666667,88.0
62,93.16666666666667,89.5,93.66666666666667,90.66666666666667,89.33333333333333
63,94.0,89.5,93.83333333333333,91.33333333333333,89.0
64,93.33333333333333,90.16666666666667,94.0,92.0,88.5
65,92.0,91.0,94.66666666666667,91.5,88.5
66,91.33333333333333,92.0,94.66666666666667,91.83333333333333,88.83333333333333
67,92.83333333333333,91.5,94.0,91.83333333333333,89.16666666666667
68,92.83333333333333,91.66666666666667,94.5,92.33333333333333,90.0
69,93.16666666666667,92.0,94.5,93.33333333333333,90.33333333333333
70,93.0,92.33333333333333,96.0,93.0,90.0
71,94.33333333333333,91.33333333333333,95.83333333333333,93.33333333333333,90.66666666666667
72,94.0,93.5,95.33333333333333,92.66666666666667,90.16666666666667
73,94.16666666666667,93.0,95.0,93.16666666666667,90.33333333333333
74,94.66666666666667,92.66666666666667,94.83333333333333,92.66666666666667,89.83333333333333
75,92.83333333333333,92.33333333333333,95.33333333333333,93.16666666666667,89.66666666666667
76,93.16666666666667,92.5,96.0,92.16666666666667,91.0
77,94.5,92.83333333333333,95.0,93.16666666666667,90.33333333333333
78,94.5,92.83333333333333,96.16666666666667,93.16666666666667,90.16666666666667
79,94.33333333333333,93.33333333333333,95.16666666666667,92.5,90.5
80,94.5,93.5,96.33333333333333,93.33333333333333,90.5
81,94.66666666666667,92.5,95.0,92.33333333333333,90.33333333333333
82,94.33333333333333,92.16666666666667,95.5,93.5,90.83333333333333
83,94.66666666666667,93.0,95.5,93.16666666666667,90.16666666666667
84,94.16666666666667,93.0,96.16666666666667,93.0,90.16666666666667
85,94.33333333333333,92.83333333333333,95.66666666666667,93.33333333333333,89.83333333333333
86,93.66666666666667,92.33333333333333,96.16666666666667,92.16666666666667,90.66666666666667
87,94.16666666666667,93.33333333333333,95.5,93.16666666666667,90.83333333333333
88,95.0,92.83333333333333,96.33333333333333,93.66666666666667,90.83333333333333
89,94.66666666666667,92.83333333333333,96.16666666666667,93.0,91.0
90,96.0,92.5,95.66666666666667,92.83333333333333,90.66666666666667
91,95.0,93.0,96.0,93.5,89.66666666666667
92,94.5,93.0,94.5,92.83333333333333,91.0
93,95.0,92.83333333333333,95.83333333333333,92.83333333333333,90.33333333333333
94,94.0,92.16666666666667,95.5,92.66666666666667,90.66666666666667
95,93.66666666666667,93.0,95.16666666666667,92.33333333333333,89.83333333333333
96,95.33333333333333,92.5,95.83333333333333,93.16666666666667,90.33333333333333
97,95.0,93.16666666666667,96.33333333333333,92.16666666666667,90.5
98,94.83333333333333,93.0,95.5,93.5,90.83333333333333
99,95.0,93.16666666666667,96.16666666666667,92.83333333333333,90.66666666666667
100,94.33333333333333,93.33333333333333,96.16666666666667,93.0,90.66666666666667
101,75.0,61.111111111111114,64.55555555555556,64.11111111111111,61.0
102,35.22222222222222,41.0,74.22222222222223,54.22222222222222,36.77777777777778
103,61.0,61.22222222222222,85.11111111111111,73.44444444444444,74.88888888888889
104,70.44444444444444,66.22222222222223,86.22222222222223,79.11111111111111,77.66666666666667
105,73.11111111111111,74.77777777777777,90.0,82.55555555555556,79.55555555555556
106,77.66666666666667,77.55555555555556,90.11111111111111,84.11111111111111,80.55555555555556
107,79.22222222222223,77.77777777777777,90.66666666666667,85.33333333333333,82.33333333333333
108,82.66666666666667,81.22222222222223,91.55555555555556,86.55555555555556,82.66666666666667
109,81.22222222222223,83.88888888888889,92.44444444444444,87.55555555555556,83.22222222222223
110,86.77777777777777,84.22222222222223,94.11111111111111,88.0,85.0
111,87.44444444444444,86.55555555555556,94.66666666666667,89.44444444444444,84.88888888888889
112,88.66666666666667,86.77777777777777,94.44444444444444,89.0,85.22222222222223
113,89.55555555555556,88.0,94.88888888888889,90.0,85.77777777777777
114,89.77777777777777,87.0,95.11111111111111,90.0,85.77777777777777
115,89.33333333333333,88.0,95.33333333333333,90.77777777777777,85.77777777777777
116,89.44444444444444,88.33333333333333,95.88888888888889,89.77777777777777,86.55555555555556
117,89.55555555555556,88.55555555555556,96.0,90.44444444444444,86.22222222222223
118,90.11111111111111,90.22222222222223,96.11111111111111,90.88888888888889,86.0
119,91.77777777777777,89.88888888888889,96.44444444444444,92.55555555555556,86.33333333333333
120,91.66666666666667,89.77777777777777,96.66666666666667,92.11111111111111,87.55555555555556
121,91.44444444444444,89.77777777777777,96.33333333333333,92.11111111111111,87.66666666666667
122,91.66666666666667,90.55555555555556,96.33333333333333,92.77777777777777,87.0
123,91.66666666666667,90.55555555555556,96.44444444444444,92.66666666666667,87.44444444444444
124,91.22222222222223,90.88888888888889,97.0,92.11111111111111,87.66666666666667
125,91.33333333333333,90.33333333333333,96.44444444444444,92.77777777777777,88.55555555555556
126,91.77777777777777,90.77777777777777,96.44444444444444,92.33333333333333,88.44444444444444
127,91.44444444444444,90.66666666666667,97.0,92.11111111111111,87.66666666666667
128,91.44444444444444,90.88888888888889,96.66666666666667,92.66666666666667,88.33333333333333
129,92.0,91.66666666666667,97.11111111111111,92.33333333333333,88.44444444444444
130,91.88888888888889,90.77777777777777,97.11111111111111,92.55555555555556,87.44444444444444
131,92.33333333333333,90.0,97.22222222222223,92.88888888888889,87.88888888888889
132,91.55555555555556,91.22222222222223,96.77777777777777,92.77777777777777,87.55555555555556
133,91.66666666666667,91.66666666666667,96.88888888888889,92.55555555555556,88.0
134,91.88888888888889,91.33333333333333,97.0,93.11111111111111,88.66666666666667
135,93.0,91.22222222222223,97.0,92.55555555555556,87.66666666666667
136,92.33333333333333,90.66666666666667,97.22222222222223,92.77777777777777,88.11111111111111
137,91.77777777777777,90.0,96.88888888888889,92.88888888888889,87.77777777777777
138,92.33333333333333,91.44444444444444,96.88888888888889,92.77777777777777,87.88888888888889
139,92.0,92.0,97.0,92.66666666666667,88.66666666666667
140,92.22222222222223,91.11111111111111,97.0,92.0,88.55555555555556
141,92.33333333333333,90.88888888888889,97.22222222222223,92.88888888888889,88.33333333333333
142,91.88888888888889,91.55555555555556,96.77777777777777,92.44444444444444,87.88888888888889
143,92.22222222222223,91.22222222222223,97.33333333333333,92.33333333333333,88.11111111111111
144,92.11111111111111,90.88888888888889,97.22222222222223,92.33333333333333,88.0
145,92.44444444444444,91.33333333333333,97.22222222222223,92.66666666666667,88.33333333333333
146,91.66666666666667,90.88888888888889,96.66666666666667,92.66666666666667,88.11111111111111
147,91.77777777777777,91.33333333333333,97.0,92.44444444444444,88.77777777777777
148,91.55555555555556,91.22222222222223,97.0,92.33333333333333,88.11111111111111
149,92.33333333333333,90.77777777777777,96.66666666666667,92.11111111111111,88.66666666666667
150,91.55555555555556,91.0,96.77777777777777,92.33333333333333,87.77777777777777
151,70.41666666666667,61.916666666666664,56.583333333333336,65.0,53.666666666666664
152,66.08333333333333,58.583333333333336,60.916666666666664,68.91666666666667,71.66666666666667
153,81.41666666666667,76.91666666666667,66.41666666666667,83.25,80.25
154,83.0,78.83333333333333,75.0,87.16666666666667,84.08333333333333
155,87.0,82.83333333333333,82.41666666666667,89.91666666666667,87.25
156,87.83333333333333,87.0,85.66666666666667,89.16666666666667,88.16666666666667
157,89.5,89.0,87.66666666666667,90.66666666666667,89.58333333333333
158,90.08333333333333,89.5,91.5,91.5,91.33333333333333
159,91.66666666666667,91.25,92.33333333333333,91.66666666666667,90.5
160,92.58333333333333,91.66666666666667,91.0,92.5,90.83333333333333
161,92.41666666666667,91.16666666666667,93.41666666666667,93.41666666666667,91.58333333333333
162,93.0,92.5,93.66666666666667,93.75,91.75
163,93.5,93.0,93.91666666666667,93.16666666666667,92.58333333333333
164,93.83333333333333,92.33333333333333,94.08333333333333,93.25,92.83333333333333
165,94.25,93.0,94.16666666666667,93.83333333333333,92.66666666666667
166,94.5,93.0,93.91666666666667,93.66666666666667,93.16666666666667
167,94.66666666666667,92.83333333333333,94.0,94.25,93.58333333333333
168,94.91666666666667,93.16666666666667,94.5,94.25,93.25
169,94.91666666666667,93.25,95.08333333333333,95.0,93.0
170,95.41666666666667,93.58333333333333,94.25,95.0,93.75
171,94.58333333333333,93.58333333333333,93.83333333333333,94.41666666666667,93.33333333333333
172,95.16666666666667,93.83333333333333,94.66666666666667,94.83333333333333,93.41666666666667
173,95.08333333333333,93.58333333333333,95.58333333333333,95.08333333333333,94.0
174,94.83333333333333,93.75,95.25,95.33333333333333,93.75
175,95.0,93.41666666666667,94.75,95.08333333333333,93.91666666666667
176,95.33333333333333,93.66666666666667,95.41666666666667,94.91666666666667,94.41666666666667
177,94.83333333333333,93.83333333333333,94.58333333333333,95.0,94.66666666666667
178,95.75,93.83333333333333,95.08333333333333,95.16666666666667,94.33333333333333
179,96.0,93.41666666666667,95.08333333333333,95.25,94.33333333333333
180,95.91666666666667,93.83333333333333,95.5,95.16666666666667,94.41666666666667
181,95.83333333333333,93.83333333333333,95.33333333333333,95.5,94.25
182,96.0,93.58333333333333,95.66666666666667,95.33333333333333,94.33333333333333
183,96.16666666666667,93.0,94.91666666666667,95.58333333333333,94.58333333333333
184,95.83333333333333,93.75,96.0,95.41666666666667,94.08333333333333
185,95.58333333333333,94.0,95.5,95.25,94.25
186,95.83333333333333,93.75,95.08333333333333,95.66666666666667,94.0
187,96.25,93.5,95.08333333333333,95.25,94.25
188,95.75,94.08333333333333,95.16666666666667,95.41666666666667,94.0
189,95.25,94.08333333333333,95.08333333333333,95.25,94.5
190,95.75,94.25,95.58333333333333,95.25,94.0
191,96.08333333333333,93.83333333333333,95.25,95.41666666666667,94.41666666666667
192,94.91666666666667,94.16666666666667,95.5,95.41666666666667,93.58333333333333
193,96.0,94.0,95.0,95.25,94.41666666666667
194,95.33333333333333,94.16666666666667,95.33333333333333,95.25,94.16666666666667
195,95.83333333333333,94.16666666666667,95.41666666666667,95.16666666666667,94.16666666666667
196,95.91666666666667,93.5,95.5,95.0,94.41666666666667
197,95.75,94.5,95.41666666666667,95.16666666666667,94.0
198,96.0,93.83333333333333,95.41666666666667,94.91666666666667,93.83333333333333
199,95.75,93.5,95.08333333333333,95.41666666666667,93.58333333333333
200,95.83333333333333,93.5,95.08333333333333,95.66666666666667,93.91666666666667
201,63.06666666666667,55.93333333333333,60.53333333333333,54.86666666666667,53.2
202,72.4,66.46666666666667,70.2,64.73333333333333,67.0
203,83.33333333333333,79.73333333333333,79.13333333333334,79.4,75.93333333333334
204,86.66666666666667,82.06666666666666,84.0,84.4,82.0
205,87.4,85.06666666666666,86.53333333333333,86.73333333333333,84.6
206,89.53333333333333,87.46666666666667,88.73333333333333,89.0,86.73333333333333
207,90.2,89.06666666666666,90.73333333333333,89.06666666666666,87.93333333333334
208,92.06666666666666,90.06666666666666,92.2,90.6,89.0
209,92.46666666666667,92.26666666666667,93.4,91.26666666666667,90.53333333333333
210,92.73333333333333,92.33333333333333,93.46666666666667,92.2,91.13333333333334
211,93.0,93.33333333333333,93.53333333333333,92.73333333333333,91.46666666666667
212,94.33333333333333,93.06666666666666,94.33333333333333,93.0,91.93333333333334
213,94.2,93.06666666666666,94.53333333333333,93.06666666666666,92.13333333333334
214,94.46666666666667,93.66666666666667,94.4,93.2,92.46666666666667
215,94.53333333333333,93.86666666666666,95.53333333333333,93.66666666666667,92.6
216,94.66666666666667,94.13333333333334,94.8,93.8,93.26666666666667
217,94.53333333333333,94.26666666666667,95.2,94.06666666666666,93.4
218,95.2,94.33333333333333,95.46666666666667,94.06666666666666,93.2
219,95.13333333333334,94.93333333333334,95.26666666666667,94.2,93.26666666666667
220,95.0,95.0,95.6,94.2,93.86666666666666
221,95.2,94.73333333333333,95.66666666666667,94.0,94.0
222,95.2,94.66666666666667,95.66666666666667,94.2,93.93333333333334
223,95.26666666666667,94.86666666666666,95.86666666666666,94.33333333333333,93.53333333333333
224,95.66666666666667,95.06666666666666,96.06666666666666,94.26666666666667,94.26666666666667
225,95.46666666666667,95.06666666666666,95.8,94.13333333333334,93.8
226,95.93333333333334,95.13333333333334,96.06666666666666,94.13333333333334,94.2
227,95.86666666666666,94.8,96.2,94.26666666666667,93.86666666666666
228,95.8,95.2,95.4,94.2,93.73333333333333
229,95.6,95.53333333333333,95.73333333333333,94.4,94.13333333333334
230,95.73333333333333,95.26666666666667,96.2,94.33333333333333,93.8
231,95.93333333333334,94.6,96.0,93.93333333333334,93.93333333333334
232,95.86666666666666,95.46666666666667,96.0,94.6,94.13333333333334
233,95.53333333333333,94.86666666666666,95.8,94.53333333333333,94.06666666666666
234,95.93333333333334,95.2,96.13333333333334,94.26666666666667,93.86666666666666
235,95.66666666666667,95.46666666666667,95.53333333333333,93.8,93.66666666666667
236,95.66666666666667,95.6,95.73333333333333,94.26666666666667,94.06666666666666
237,95.46666666666667,95.26666666666667,95.86666666666666,94.4,93.93333333333334
238,95.86666666666666,95.4,95.66666666666667,94.46666666666667,94.26666666666667
239,96.06666666666666,94.93333333333334,96.26666666666667,93.8,94.06666666666666
240,95.86666666666666,95.13333333333334,96.0,94.53333333333333,94.33333333333333
241,96.0,95.2,95.33333333333333,94.66666666666667,94.4
242,95.66666666666667,95.33333333333333,96.13333333333334,94.73333333333333,93.93333333333334
243,96.06666666666666,95.46666666666667,96.06666666666666,94.13333333333334,94.26666666666667
244,95.46666666666667,95.4,96.13333333333334,94.33333333333333,94.33333333333333
245,95.93333333333334,95.46666666666667,96.06666666666666,94.46666666666667,94.06666666666666
246,95.6,95.53333333333333,96.26666666666667,94.8,94.46666666666667
247,95.86666666666666,95.0,96.0,94.86666666666666,94.06666666666666
248,95.86666666666666,95.53333333333333,96.13333333333334,94.33333333333333,93.86666666666666
249,96.13333333333334,95.0,95.73333333333333,94.6,94.53333333333333
250,95.53333333333333,95.6,96.06666666666666,94.06666666666666,94.4
