Epoch,Train Loss,Train Accuracy,Val Loss,Val Accuracy
0,1.6564185277336883,2.659034046131518,1.648045300806165,2.5442509959392665
1,0.30768695516616157,2.8705400188814663,159639.0387162778,4.400810026704736
2,0.35084197785796484,12.99127912614202,33001511.8354145,4.436831755619285
3,0.45127484513917754,14.970192606198045,3157823.5763321845,5.358177972211394
4,0.1499902279688658,9.229421554042387,366396.3105569489,5.993177907452857
5,0.10429261956479102,7.462498836776383,48945.058446963616,7.353767068574008
6,0.09263396382219169,6.787570339312228,8270.431438649346,6.33863381811194
7,0.07969091787880703,4.889898885571266,1644.9885474610837,5.509705242721116
8,0.0745241401274414,4.782375049189587,440.7709363904817,5.182142895958932
9,0.07457206975875938,4.0474957964428135,197.07317880436298,4.662198891677281
10,0.07786652919514403,5.183735247011666,89.28517328450565,5.787692075590206
11,0.06581215731166044,3.4422215049134883,31.005294908767375,3.7614196427390865
12,0.07158482538295395,3.122676914301431,13.185686068456741,3.4798921666512808
13,0.07310507862840696,3.256446597818617,6.6051365229408034,2.2998903912454725
14,0.07664403889574087,3.0796825233202916,3.759155172945066,4.338177563367064
15,0.07480135971346967,3.906689419728962,2.2381969774221475,6.7091164267887775
16,0.07323103299745998,3.5314460368397405,1.4415278022444624,7.912165838483891
17,0.07970703808760392,4.55777723603659,0.9703450518518443,8.90022665703665
18,0.07845810121976163,3.6478304054145196,0.6631330976831883,9.366264523886924
19,0.0789124737023304,3.7853518844209018,0.46118652304550106,8.788997629108879
20,0.072468102584397,4.0254744371868085,0.33486248321927864,7.4855327933522675
21,0.08589298046503646,3.890729723043966,0.23765697707072844,6.406696105928406
22,0.07927454794633867,4.177186719418808,0.1763125509596765,5.403571652828555
23,0.0756885886138934,4.32049379893857,0.13220212479705354,4.50812660846186
24,0.08459352628962966,3.8724095283886917,0.10352629605956536,4.054987779008519
25,0.08307001767007474,4.544104850120526,0.08034269249680125,3.8987343837222577
26,0.07750231389762395,4.410089442277664,0.07539654675321798,3.6274749332958063
27,0.07852458046858987,4.003331945600649,0.06293441167269283,3.7036207069123077
28,0.07419229116014453,3.820413008505176,0.06489593930433611,3.796018876900729
29,0.08256272600611408,3.7511479724360517,0.06200498952612887,3.8838686060179692
30,0.08345051000927034,4.378736499646141,0.060083215348898655,3.90906250202255
31,0.08299885733570288,4.596617113583521,0.057830126805043895,3.8951847847910437
32,0.08648691144778688,4.8735111686658845,0.05951711790975677,3.8190261716863088
33,0.08204148174597951,4.77679576471276,0.056450199243032,3.7930602169968024
34,0.08117012834197798,3.8447655614123226,0.0559365453726385,3.747323804359229
35,0.07824377260474524,4.165466493816879,0.058941338723651336,3.680910370386715
36,0.07765425512626149,4.31843593085377,0.05537270935720696,3.7108905978460545
37,0.07948424101583904,4.485036851081108,0.05448558254963171,3.717368528980112
38,0.08027445572848378,3.611094017053558,0.05626414757166832,3.6700618160376517
39,0.08044457644981391,4.51958700178088,0.05303999392776665,3.649075077310556
40,0.07675316217469835,3.896437118987325,0.05682072772864772,3.6420591581520334
41,0.08115937920379272,3.974362282877034,0.05419154360493796,3.591033574379242
42,0.08314942769666624,4.117172708438535,0.05323978088947267,3.5867515791762528
43,0.08115800090121297,4.666666666666667,0.05538249149732716,3.5551675956695434
44,0.08313489669049429,4.154783053568766,0.059555486294366244,3.5113704430977024
45,0.08143447871081794,4.673328578219168,0.05447328537508385,3.450118837822139
46,0.07992878921899761,4.353287391283868,0.057348097348212015,3.44324181359949
47,0.08222644312018752,4.20898509804389,0.053579176301586914,3.421729840190954
48,0.08108873502536511,4.2342518688534465,0.055393916613876666,3.3821706976640447
49,0.08259783521534908,4.774934554525328,0.05293651289209017,3.384565722782731
50,0.08384645258906599,4.6923104946047385,0.05210964776206106,3.3495157278345595
51,0.20522527253158518,2.256841450641433,19599248.789271463,4.407606266764781
52,0.14384256083180302,14.2462470691602,103809.77110769358,4.241698183819004
53,0.08516743464212997,8.968711043275828,3319.3304718200325,4.329631970044041
54,0.07499195113523792,6.834065001479316,382.6301333125343,4.239277960266935
55,0.08372640762932923,5.4778341218648325,92.73774592566357,6.0778971060756435
56,0.05486103681897749,3.733630940518896,35.62534943710131,6.594189451347555
57,0.05379826376429092,3.053959178945697,12.14958995755481,4.196143065765578
58,0.05996137473491988,3.2771939216347854,4.158781003186124,4.517357928443987
59,0.05966754347128882,3.1668421004036302,1.4768317656410537,10.51849470195994
60,0.04019138872576033,2.701028610651054,1.2227611185871403,8.72603503505144
61,0.05166914233124439,1.8030837781731373,0.7088197237880826,8.31150923946602
62,0.05222756406012616,1.8214768123085696,0.42163732390830166,7.679634610654752
63,0.05257605172213996,2.0960279896349974,0.19411298777344796,4.721437751679698
64,0.053067384312259366,2.0292308340299217,0.09587125661175086,2.8620039876340844
65,0.06792879128116389,1.9759667113705257,0.058378960271123465,1.9645620101671408
66,0.054460269847481806,1.8577166390790396,0.04661236169468117,1.6896070717107219
67,0.05565031906129943,1.6069294390925246,0.051145964316410254,1.8260825224579789
68,0.044539719539611486,1.4704496666741844,0.049716259644905156,1.8029172479716442
69,0.05338872706273406,1.41027972008708,0.04507189937157601,1.6704948049727626
70,0.04614629248276383,1.9160143817599886,0.03563177616013983,1.3126014968162654
71,0.05618806545214179,1.9020456823582783,0.03400727383263337,1.31296858772458
72,0.0525634679092296,1.7172329163188313,0.035021081628890005,1.2490999963971299
73,0.039369570558368816,1.5755069730795321,0.029929591750218875,1.046034836734025
74,0.05396953478517704,1.8092355660149226,0.027420911380668322,0.874126639866734
75,0.03742086082601699,1.8165902124584925,0.028364531915559408,0.8634849515566326
76,0.04656727648756085,1.6713268182295562,0.02536045117515365,0.8361817825337544
77,0.05070724641445662,1.629587541544044,0.028516965710104304,0.8346862723871793
78,0.03884569850836806,1.9843834754849623,0.023761624819023514,0.7994285344851807
79,0.0601460144811998,1.6090024514862897,0.026735333386435467,0.8564490232979167
80,0.05678677592340249,1.8956089610817228,0.025930893627515553,0.8122528107285346
81,0.05007478801974331,1.7074997966487624,0.024608978298131502,0.7465517533047897
82,0.052822464392032926,1.6316317667360558,0.025361491844585526,0.7717094435099986
83,0.054759265905583644,1.8239152027072594,0.023503570931523807,0.7443249867526914
84,0.056856016061924114,1.9476481543988724,0.026312004994858817,0.7606205521285839
85,0.047553309347203594,1.941934888483937,0.02626201567207631,0.7821621737502509
86,0.045896388077576386,1.8469193569593432,0.02325580087598715,0.7196238450140612
87,0.060176108503385214,1.5260697523012816,0.02471807588974041,0.7375075551825688
88,0.047712177358084716,1.875573986218027,0.023277294743991966,0.7406470298082031
89,0.05889435409471849,1.7556258776351614,0.02712899618644583,0.7301622122849469
90,0.05148894927380911,2.0204509947588987,0.02545894036820963,0.6992706830993012
91,0.039374923209746386,2.1643577440997217,0.024921772778356298,0.7607613339206019
92,0.0475337115320357,1.2952906151816967,0.024911700839181213,0.7052434453783268
93,0.04973748933694922,1.9246933377669408,0.024187112780899512,0.7384991380391001
94,0.05535829744750192,1.6431676725154964,0.024521271742000042,0.7167907671111869
95,0.042858443890607355,1.7556258776351625,0.023446562325481438,0.6703932069338966
96,0.05997809057839221,1.9961073228773152,0.02382664407624177,0.6841758974025771
97,0.04780969738800429,2.0564262420249553,0.02465819589319126,0.6898654457777881
98,0.055868225121416426,1.6206994374857633,0.02407103227902328,0.6899430590362637
99,0.051095056167588686,1.8932629094883904,0.023088320426378407,0.6435790317233842
100,0.05162777182392847,1.7950549357115009,0.023310525746553953,0.6629773320546859
101,0.23199018859409917,5.137900805908773,15947985.97942063,1.8061812369715458
102,0.4263566581953825,14.588444606927183,217828.18131584133,7.732771278598047
103,0.11688889037306795,9.118533561981755,7811.26697540663,4.797032602444183
104,0.11238517712113098,6.977070027801034,743.7817079320845,7.5544799660229875
105,0.09997879687991412,6.02423090731849,181.2522437033019,12.803869168650639
106,0.09297195901790947,4.708804466759354,58.64709770017758,15.44969113561368
107,0.08789282784633125,4.608419562517886,19.440793263696737,18.763567851948686
108,0.07790158901912832,3.755884272267538,6.507459596139152,11.25982966169826
109,0.07922120462014533,3.9596732624901003,1.6959522379435832,13.11946324353098
110,0.06948861280317349,3.504212632366864,0.4136745425738741,2.543310777893015
111,0.07174417271578187,3.3706064223402,0.26644043910217585,4.913786605262523
112,0.06903463082317918,3.124257936586059,0.2698423410377185,6.158133792230486
113,0.06862194692108065,3.0097783028154694,0.20998684261533226,5.67464300276806
114,0.07083621033083946,3.2221455929585545,0.14157877165857188,4.21222475807444
115,0.06956246875896367,3.1999999999999997,0.10721593726892918,3.2611184204353685
116,0.06940348621930134,3.152110795821714,0.07757817987976189,2.846884460128964
117,0.0669428042806001,3.2444444444444427,0.06265675950563739,2.6548623564361007
118,0.06731882991755411,3.224137361899314,0.060842377625484334,2.677529582210185
119,0.06776339577436552,3.3129748669641024,0.05606580262211925,2.73953264229324
120,0.06759261689531663,3.0200972921945746,0.041716559770738085,2.34903331987637
121,0.06704372758383725,2.8772414772692447,0.032396386314981235,1.5937808579908308
122,0.0684290117250442,3.0339641183779555,0.0338283648292617,1.3934655311555624
123,0.06772894362806332,2.9274351475668725,0.03312191353269096,1.5494321776715938
124,0.06603647907471441,3.0127301920146343,0.03469953355519525,1.6100149574277107
125,0.06887346576979002,2.660177289181407,0.03816488910900128,1.6020131768963406
126,0.06618755380159115,2.609195514822127,0.03493927312786579,1.606774594299252
127,0.06555436928782979,3.020914749860697,0.038411977087511526,1.5886097820379044
128,0.06566832282786064,2.7279984070086982,0.03979690693225378,1.5289068405455075
129,0.06824794308461354,2.775020854109163,0.03769611598625246,1.5101955421544846
130,0.06843910908779773,3.1203038788387754,0.037939130905058925,1.4783993967546007
131,0.06812611455296105,3.1321510771944556,0.03621720339381698,1.441973399576972
132,0.06718371180992933,2.9659799454880034,0.035392095725583904,1.4151738090015322
133,0.06847275505411939,2.8394052585395793,0.037500411566513576,1.4001102462906376
134,0.06600897439177363,2.7203848674701323,0.03397670303052459,1.4078650361598328
135,0.06888908545359368,3.009121934188577,0.03619254753406475,1.3805585646303373
136,0.0680260379530927,2.9880420113727313,0.0345836820811359,1.383825613285831
137,0.06743569997719075,3.048901846425333,0.03642356785636213,1.3850246071618975
138,0.06687549687352719,2.879986282546207,0.03348062781845687,1.3718170704723796
139,0.06730261653402356,2.663331247391756,0.03448946100633625,1.3819153919718732
140,0.06807237052176435,2.740280241593756,0.03386330786180771,1.3890651769744293
141,0.06897454781427967,2.90848057570603,0.0333258605749146,1.3758315640204308
142,0.06732539793169846,2.831044827411747,0.03099594315350791,1.370059473272429
143,0.06791046970322105,2.9676444497693613,0.03532744294609474,1.3772060085165954
144,0.06703436132801396,2.9855619650098695,0.033419389718639926,1.3803387623746977
145,0.06995812606589832,2.8636504373195617,0.03630266554107468,1.3589409064781792
146,0.06753729098875458,2.781774901917529,0.03342629019850781,1.360017482669247
147,0.06644856312491863,2.672770791464116,0.03315404591814531,1.360017482669247
148,0.06751019696125209,2.864512541212802,0.03684968262589952,1.3563773236386811
149,0.0672479360151318,2.6246692913372716,0.03253725213502646,1.3542307076319922
150,0.06814661882428216,2.8948656123523664,0.034613618764789224,1.3605816882453403
151,0.22327030985638832,5.957581537652489,674141.9248424042,4.4536113880104296
152,0.08364475592924746,4.868949236402726,8270.78329034299,7.527836661288451
153,0.06330373739759021,5.9838671999524395,221.98504030975135,5.081938494388087
154,0.065364243056646,4.25035946192267,28.8871589119893,3.7314435938743626
155,0.05626348812787278,2.853165882936981,3.4742841621881486,9.797269046900533
156,0.03717695007498138,1.1766241729815194,1.0778696052677519,13.76222642404902
157,0.020408354828766906,0.9741092797468299,0.4874811794497244,9.178984553687345
158,0.020851293875220313,0.8326663997864533,0.2604854145799075,8.951685029568537
159,0.009378969631029695,0.6018490028422588,0.19375750629213823,9.841984872695864
160,0.01591776429527231,0.7295356209413096,0.25941388335661325,10.130669723566527
161,0.01173221578652789,0.9225568335398715,0.20923433302226568,8.88417896457892
162,0.016654495571535977,0.7479601890772302,0.2141956320519582,9.049528274369301
163,0.01102671205256573,0.45154057280480486,0.16522848202828794,7.132456065929073
164,0.009816114631067373,0.6398784606817488,0.0892021841702653,4.210961845399647
165,0.011843982887556911,0.6368324391514258,0.055798773092405864,2.644529204156343
166,0.010958890983176294,0.5385164807134502,0.041985283524686896,1.8744309718190988
167,0.010739037353913936,0.6249444419750924,0.04963369797251632,2.0251266292101886
168,0.015463988216562646,0.6940220937885673,0.053689461837413424,1.818678184128647
169,0.008644334120165855,0.9234596784796711,0.02370413945634264,0.7746412089352855
170,0.011580882943412857,0.7078920193865125,0.021010216249979403,0.6968928567463599
171,0.013942830816073044,0.479003595439999,0.015304671614870887,0.3877581379158003
172,0.013939483151305507,0.6531972647421811,0.014584544281431282,0.3413959248134675
173,0.007193863159339184,0.7490735018081403,0.015654019173786483,0.38521815969766915
174,0.01331762272176708,0.701189465598753,0.010135682949394815,0.4359081340065951
175,0.013409444866489598,0.6548960901462803,0.011733046963477739,0.405092303350002
176,0.013458818139632485,0.6476453075908466,0.010457338910304759,0.3543762902494406
177,0.015727403275085903,0.4013864859597445,0.014199256251919323,0.36645962724463776
178,0.017730627259433616,0.6728876412728806,0.014555716494500485,0.4088202924682004
179,0.012394560917383567,0.8778129388175783,0.011928438826946894,0.4338148763157901
180,0.01504466095045954,0.7501851623284621,0.013133348029706556,0.4221798710723908
181,0.014036358360434152,0.7702813338860893,0.012111761094998109,0.4344726702892262
182,0.011999962829563143,0.8950481054731727,0.013032399327493524,0.42150289349343395
183,0.01809742117607528,1.0741922029548021,0.014228377850378334,0.4511597490228142
184,0.014374389282082466,0.9240610850419413,0.011790150974516432,0.4206551394303057
185,0.00782109385182268,0.660387091871964,0.013826104085467944,0.43742050208854266
186,0.012467709611801275,0.8508166012066808,0.01328787172280376,0.45234503808446824
187,0.011447803370056816,0.9333333333333331,0.016466441625852254,0.4418053726202394
188,0.014637934044065638,0.7121953539740521,0.016048768469617104,0.43803213674118374
189,0.02094998578584096,0.4654746681256324,0.013804858022846426,0.43484224211849665
190,0.011676447236222664,0.7102425250887497,0.012973212099182336,0.44482499157464755
191,0.016843834503042835,0.7888106377466154,0.01046329903893573,0.46310738000996265
192,0.017510248807668338,0.738993309246514,0.016134388347422857,0.4542350673668151
193,0.012279210431364635,0.6900080514828143,0.012847903042887214,0.44742551059987
194,0.018717966503476267,0.5587684871413364,0.015440097321416853,0.4246668989650702
195,0.019135446958754174,0.6741249472052203,0.013119042173644275,0.46191106712620594
196,0.01333705581364514,0.847545475672742,0.013029486563953946,0.4475850490291183
197,0.014230823975564237,0.6337717780610524,0.014221268380594435,0.4543529331476419
198,0.01601600704119144,0.8605553762283753,0.014080767655127216,0.45725067147947557
199,0.011589517418800708,0.9428090415820648,0.01687139966219215,0.4952885809802389
200,0.015004254889028276,0.9348202441586759,0.012948476366272313,0.4516737561775776
201,0.13086179739078227,3.689601002216304,3151479.3192515452,6.3889390878014245
202,0.02970725120060717,2.7602254336275602,17386.700739473195,4.959324988310812
203,0.040641932255856876,2.350073284909309,657.0918238595644,8.19652523115141
204,0.0350489899484538,1.7238716116153612,80.80819603420896,13.236836115891062
205,0.02415251398056988,1.0574602698079159,14.930041160012317,13.204049575780434
206,0.023022754653566638,1.0341717029154827,2.479433996051303,13.127180253102603
207,0.025168048619461387,0.9788882582921415,0.37293256980186096,16.789452520799518
208,0.022166964162926375,1.2150171466554156,0.3909039377915671,10.471714732345035
209,0.02300866945573996,0.993668847140627,0.46203386944643887,9.54172772948676
210,0.018022093111198338,0.7608182729433106,0.21502090982285826,7.114867221286839
211,0.019065477770567506,0.7271252375699172,0.1347345250204047,5.619228671962278
212,0.020895665275555832,0.9101892355133843,0.11644993110221814,5.4615276470913035
213,0.020637608609497884,0.8661536943419568,0.09819584488661864,4.918379376391775
214,0.019265125877405094,0.7525955088890719,0.07815202380000712,3.4791227227297368
215,0.019639552376984743,0.9712306054119642,0.0607029777411126,2.736083936694632
216,0.01993415364031872,0.5641118880348323,0.04443162500100291,2.3893457178136406
217,0.020683065221440554,0.5881798666696734,0.034832879579106954,1.886769131674069
218,0.022804899171839182,0.8147528595974507,0.05490265004118908,2.284472688656352
219,0.02253741957524406,0.7442819059708206,0.037872794127274,1.8136169132150433
220,0.0195443595790481,0.6211101172721126,0.033656184760033375,1.599314700091765
221,0.01984748041198716,0.657807807122349,0.021696743203706407,0.8274054878080052
222,0.019934789120269095,0.6352602266438188,0.011543009931988304,0.3685480099292678
223,0.022055597883965716,0.7973288740120551,0.004779121981092897,0.15886434877028532
224,0.02047995281052498,0.7266360849833982,0.007776592162608735,0.25051063929655587
225,0.021774262209842358,0.7675646914466259,0.005603364594857252,0.2816997562850794
226,0.02241534575344073,0.8214891627066305,0.006180349545221191,0.24430641816309465
227,0.019915268357075477,0.9003702941938218,0.007035067383632304,0.2501541418350248
228,0.021033575766845856,0.7740226812639992,0.003491324179278308,0.29621543122869787
229,0.019624597711125537,0.6725077446889823,0.006984166031659013,0.25299205613146997
230,0.023457932126919778,0.8844332774281091,0.006846609999474363,0.24394085396285714
231,0.021400437303306784,0.9202898094259943,0.003484438973637333,0.2974180972842919
232,0.022459837898016578,0.7283466817998733,0.007309212586025,0.32494946384502743
233,0.020866059087990576,0.6360992235667504,0.008845270974763998,0.31586946586427955
234,0.023093040680601043,0.8928356822817755,0.004385624390022962,0.2973580795060045
235,0.02444395682173824,0.8960158728752772,0.007793641863095974,0.28641235752730654
236,0.020261214686528292,0.7387677427837384,0.005858385178593046,0.32324223512274974
237,0.020956854457591746,0.7123045540902941,0.008844385605977842,0.30447575406383054
238,0.02248380286402203,0.6463573143221768,0.008263818513888367,0.31062740083906676
239,0.023472048314734883,1.0054076011471393,0.009440183616541434,0.33201322694361707
240,0.022353683389014768,0.6754093409020768,0.008637100123154499,0.35255844605027653
241,0.020479838029061666,0.5568163471418934,0.008914493029345688,0.3407679734698091
242,0.02154522610264547,0.7643152345582148,0.008373140282444652,0.3365516901842766
243,0.023414558669032883,0.8464304132322039,0.009189872232900185,0.3457080278069924
244,0.02005331572938295,0.7017438595701789,0.00934452454057833,0.3344236151611901
245,0.021882300600858665,0.7977746827547523,0.008288419772202559,0.3254434334190251
246,0.021160205725469297,0.6352602266438175,0.006951103308616174,0.3285003325102463
247,0.022859913965151468,0.7088018058667744,0.007746915959904547,0.32163694652597036
248,0.02309890247475522,0.8878438301112825,0.005371548879945329,0.32439972658136895
249,0.02219583353623314,0.6324555320336794,0.006719414750858436,0.3269754553593479
250,0.02264721078906477,0.7647802879839974,0.008703386779090275,0.33174432495818645
