Epoch,Train Loss,Train Accuracy,Val Loss,Val Accuracy
0,3.815729260444641,62.74609209970426,3.7514102935791014,63.578369243768485
1,1.9586937427520752,72.53333333333333,23695.383704304695,55.40768905787917
2,0.9057038187980652,57.533333333333324,8133842.573224735,55.40768905787917
3,1.668568778038025,42.99999999999999,947786.807674408,53.168567807351074
4,0.8291491270065308,61.6,47431.01158180237,53.1643430502746
5,0.6533440947532654,63.53333333333334,9288.87600479126,53.168567807351074
6,0.537958300113678,69.26666666666668,2309.78228225708,53.168567807351074
7,0.49008585810661315,76.4,709.7983600616456,53.168567807351074
8,0.4542477786540985,80.33333333333334,270.479950094223,53.16434305027461
9,0.4220068871974945,82.66666666666667,122.65708084106446,53.155893536121674
10,0.39962577223777773,84.2,57.4429496049881,53.12632023658639
11,0.37994385361671446,84.8,21.137638330459595,55.74144486692014
12,0.37564571499824523,85.19999999999999,9.546971619129181,58.96915927334178
13,0.37333313524723055,85.06666666666666,5.031902813911438,61.79129700042247
14,0.3665743350982666,85.4,2.8526015758514403,64.64300802703845
15,0.3620716601610184,86.06666666666666,1.8572288632392884,66.72581326573723
16,0.3571052014827728,86.26666666666667,1.272874116897583,68.28052386987748
17,0.3528615415096283,86.73333333333332,0.9624163866043091,70.05492184199409
18,0.3436996817588806,86.53333333333333,0.7892424941062928,71.4828897338403
19,0.3407770901918411,86.80000000000001,0.6641753256320954,72.88973384030419
20,0.33525420129299166,87.13333333333334,0.5798829138278961,74.23743134769751
21,0.33502356708049774,86.99999999999999,0.5311933934688569,75.72877059569075
22,0.3305419713258743,86.93333333333332,0.49673681855201723,77.07224334600761
23,0.33299578726291656,87.73333333333333,0.4709241151809692,78.46641318124207
24,0.33156277537345885,87.33333333333334,0.4509734153747559,79.87325728770595
25,0.3309871554374695,87.8,0.4377415716648102,80.94212082805238
26,0.32400949001312257,87.6,0.42355588674545286,81.51246303337557
27,0.3251704931259155,88.0,0.41115679740905764,82.0278833967047
28,0.3307966411113739,87.53333333333333,0.40054471492767335,82.39966201943389
29,0.3260721504688263,88.2,0.3934424638748169,82.83903675538656
30,0.32472971081733704,87.80000000000001,0.39222912192344667,83.09252217997467
31,0.3183216780424118,88.06666666666666,0.38491071462631227,83.35868187579214
32,0.3238692730665207,87.0,0.3813720703125,83.59104351499789
33,0.3239527016878128,87.13333333333333,0.37962891459465026,83.73046049852134
34,0.31991044282913206,87.53333333333333,0.3745215594768524,83.97127165188002
35,0.32621981501579284,88.33333333333333,0.3721172034740448,84.10646387832699
36,0.3223075091838837,88.13333333333333,0.37318580150604247,84.29657794676805
37,0.3245052248239517,87.80000000000001,0.3732965111732483,84.42754541613857
38,0.32047355473041533,88.0,0.369367790222168,84.52049007182089
39,0.32241920232772825,87.86666666666666,0.36932545304298403,84.67258132657373
40,0.3273088902235031,88.13333333333333,0.3660318613052368,84.70637938318546
41,0.3219175189733505,88.2,0.36631971001625063,84.77820025348544
42,0.3252394437789917,87.26666666666668,0.3688635230064392,84.76130122517955
43,0.3266082674264908,87.13333333333334,0.36643960475921633,84.76552598225602
44,0.32272604405879973,87.8,0.36628773212432864,84.82467258132657
45,0.32571938037872317,87.66666666666666,0.3676048696041107,84.86692015209125
46,0.3247723370790482,87.4,0.36673009395599365,84.87959442332065
47,0.3216767728328705,87.93333333333335,0.3674074649810791,84.90071820870298
48,0.31770470142364504,88.86666666666667,0.3682833671569824,84.91761723700886
49,0.3246885359287262,87.4,0.36824287176132203,84.95141529362061
50,0.32370819747447965,87.4,0.3664532721042633,84.9936628643853
51,3.815729260444641,62.74609209970426,3.732147717475891,63.578369243768485
52,1.4942357063293457,70.03333333333333,2191539.7443169593,55.40768905787917
53,1.2443576097488402,43.9,44335.291577911375,53.168567807351074
54,0.5570403337478638,72.56666666666666,3495.964407348633,53.168567807351074
55,0.4818916320800781,77.1,388.6251735687256,53.168567807351074
56,0.4512315034866333,80.16666666666666,84.84659118652344,53.168567807351074
57,0.4118282735347748,82.9,27.7531174659729,53.17279256442754
58,0.3839027225971222,84.43333333333334,10.970675027370453,52.06168145331643
59,0.36385735869407654,85.36666666666666,5.026295614242554,57.35952682720743
60,0.33841884732246397,87.1,2.2762049436569214,60.81537811575835
61,0.3140092134475708,88.16666666666666,1.1971592724323272,70.35910435149978
62,0.28897368907928467,88.53333333333333,0.7719247698783874,75.7203210815378
63,0.28360276222229003,89.1,0.6038519144058228,78.25517532741868
64,0.28757608532905576,89.36666666666666,0.512339973449707,80.05492184199409
65,0.2854667782783508,89.73333333333332,0.4552333354949951,82.08280523869877
66,0.2695938438177109,89.60000000000001,0.3956615149974823,84.00929446556822
67,0.2573267251253128,89.5,0.3522913634777069,85.57245458386143
68,0.2674563735723495,89.86666666666666,0.3232328176498413,86.67934093789606
69,0.2460087299346924,90.26666666666668,0.3090517818927765,87.23278411491339
70,0.24824112057685851,90.36666666666667,0.3022786021232605,87.65103506548374
71,0.24183289408683778,90.06666666666666,0.2913886785507202,87.98479087452472
72,0.23436242640018462,90.8,0.2835764467716217,88.42416561047739
73,0.24241810142993928,90.63333333333334,0.2787957787513733,88.82551753274186
74,0.2528609871864319,90.8,0.2741402298212051,89.00295732995353
75,0.23939412832260132,90.7,0.2710887461900711,89.15927334178284
76,0.2491771548986435,91.03333333333333,0.2680861711502075,89.2733417828475
77,0.23721185326576233,91.0,0.27097860872745516,89.34516265314745
78,0.24051192104816438,91.3,0.2700103402137756,89.4423320659062
79,0.2381836712360382,90.76666666666668,0.2664859652519226,89.43810730882974
80,0.22135079503059388,91.03333333333333,0.2667219787836075,89.3916349809886
81,0.23037776350975037,91.2,0.2667886406183243,89.40430925221798
82,0.22236713469028474,90.9,0.26908977031707765,89.35783692437687
83,0.24150662124156952,91.03333333333333,0.26561676561832426,89.44233206590621
84,0.2394327253103256,91.03333333333333,0.2654383182525635,89.45078158005914
85,0.22594380080699922,91.0,0.26881236135959624,89.44233206590621
86,0.22312369644641877,90.86666666666666,0.2634134292602539,89.48035487959443
87,0.22586060166358948,91.3,0.26422341763973234,89.45500633713561
88,0.23528579473495484,91.03333333333333,0.2707914859056473,89.41275876637094
89,0.23276085257530213,90.93333333333334,0.2625899434089661,89.39585973806507
90,0.21931909322738646,91.46666666666667,0.26530900299549104,89.40430925221798
91,0.22972948849201202,91.4,0.2674457937479019,89.40853400929447
92,0.2362692952156067,91.06666666666666,0.2666194438934326,89.43388255175327
93,0.23738542199134827,91.26666666666665,0.264430844783783,89.47190536544149
94,0.225132617354393,91.06666666666668,0.2675687998533249,89.42120828052387
95,0.21674816608428954,90.83333333333334,0.2672357738018036,89.41275876637096
96,0.2263965904712677,90.86666666666666,0.26556698977947235,89.45078158005914
97,0.23549900352954864,90.96666666666667,0.26495301723480225,89.44655682298267
98,0.23269691467285156,90.6,0.2659341961145401,89.42543303760034
99,0.22671209871768952,90.76666666666667,0.2656975895166397,89.43388255175327
100,0.2188255161046982,91.2,0.26596385836601255,89.40853400929447
101,0.221835196018219,91.16666666666667,0.26726511418819426,89.46345585128856
102,3.8157296419143676,62.74609209970426,3.8056761741638185,63.578369243768485
103,1.3942437410354613,67.48888888888888,759444.6047815799,55.36966624419095
104,1.1636208772659302,49.33333333333333,17420.415817546844,49.64934516265315
105,0.6161321997642517,68.3111111111111,1271.137281870842,53.050274609209964
106,0.5004874110221863,76.82222222222222,196.42677040100097,51.41106886354034
107,0.4384690999984741,80.0,46.555702769756316,51.97296155471061
108,0.39923163652420046,82.55555555555556,15.231487047672271,50.7689057879172
109,0.37062681913375856,84.8,5.831422889232636,56.70891423743135
110,0.3354986011981964,86.22222222222221,2.419059729576111,64.85424588086184
111,0.31339614987373354,87.8,1.1944798409938813,68.69032530629488
112,0.28506128787994384,88.6888888888889,0.6768540143966675,74.35994930291508
113,0.2644426763057709,89.64444444444445,0.5112686276435852,79.92395437262357
114,0.2609784036874771,90.26666666666668,0.42747023701667786,82.79256442754541
115,0.25429049134254456,90.35555555555557,0.37951532006263733,84.36839881706803
116,0.24595323204994202,90.60000000000001,0.3438739538192749,85.65272496831432
117,0.2475503206253052,90.51111111111112,0.31766689121723174,86.68779045204901
118,0.24166638553142547,90.77777777777779,0.29759613871574403,87.63413603717785
119,0.23922691643238067,90.93333333333334,0.28064764440059664,88.73257287705958
120,0.23109026849269867,91.26666666666667,0.2734446913003922,89.0198563582594
121,0.22688885629177094,91.64444444444443,0.2699501395225525,89.06632868610055
122,0.22548549771308898,91.62222222222222,0.2708065569400787,89.10435149978876
123,0.22312915623188018,91.79999999999998,0.26723064482212067,89.35783692437685
124,0.22030587792396544,91.57777777777778,0.2607303708791733,89.61977186311788
125,0.22025006115436555,91.64444444444445,0.26145143508911134,89.79298690325305
126,0.21773368120193481,92.11111111111111,0.2539814651012421,89.85635825940008
127,0.21986099183559418,92.0,0.2551631361246109,89.9197296155471
128,0.21517699360847473,91.88888888888889,0.25301594436168673,89.92395437262357
129,0.21711221039295198,91.86666666666666,0.252028101682663,90.00844951415294
130,0.2184770166873932,91.62222222222222,0.25061004161834716,90.11829319814112
131,0.2175366073846817,91.97777777777779,0.250789412856102,90.14786649767639
132,0.21418750286102295,91.95555555555555,0.24904959201812743,90.18166455428813
133,0.21568509340286254,92.3111111111111,0.24959009885787964,90.1858893113646
134,0.21439422070980071,92.04444444444445,0.24885387420654298,90.19433882551753
135,0.21487738490104674,92.06666666666666,0.24944187998771666,90.19011406844106
136,0.2142158180475235,91.97777777777779,0.24469133615493774,90.20278833967046
137,0.21545101702213287,91.86666666666667,0.24978114366531373,90.2239121250528
138,0.21359457671642304,92.2,0.2478136271238327,90.25771018166455
139,0.2148615002632141,92.4,0.2462358444929123,90.27883396704689
140,0.2137887954711914,92.08888888888889,0.24612396955490112,90.26615969581749
141,0.21415673494338988,92.37777777777778,0.24721903800964357,90.27038445289396
142,0.2145300805568695,91.95555555555555,0.2491964191198349,90.26615969581749
143,0.21570216715335847,92.02222222222221,0.24727343022823334,90.26615969581749
144,0.21234824061393737,92.02222222222221,0.24556945264339447,90.27460920997041
145,0.21498689353466033,91.8,0.24451351761817933,90.28728348119984
146,0.21148241460323333,92.19999999999999,0.2464453548192978,90.28728348119984
147,0.21412640511989595,92.11111111111111,0.24753186106681824,90.27460920997044
148,0.21384237110614776,92.44444444444444,0.24740309715270997,90.28305872412336
149,0.2139114409685135,92.24444444444444,0.24578399658203126,90.2915082382763
150,0.21179014146327974,92.26666666666667,0.24589783847332,90.28728348119982
151,0.2151346057653427,92.17777777777778,0.24686522483825685,90.29573299535278
152,0.21201406717300414,92.13333333333334,0.2482487976551056,90.28305872412336
153,3.81572949886322,62.74609209970426,3.732840657234192,63.578369243768485
154,1.3911115884780885,61.583333333333336,1049664.161221075,53.168567807351074
155,0.7544973134994507,64.45,7943.891775166989,57.53274186734262
156,0.46423309445381167,78.63333333333334,302.1204611778259,51.93071398394593
157,0.4184721946716309,81.65,22.04500241279602,54.05576679340938
158,0.3689599931240082,84.35,3.9401093125343323,67.66793409378961
159,0.31970794796943663,86.4,3.031119096279144,71.01394169835234
160,0.29529282748699187,87.96666666666667,1.1492662489414216,74.38529784537388
161,0.2736717969179153,89.91666666666666,0.5424241423606873,80.62526404731727
162,0.23686702847480773,90.49999999999999,0.42794294357299806,83.18969159273341
163,0.22091759443283082,91.23333333333332,0.4209782123565674,83.52767215885088
164,0.20454708635807037,91.73333333333332,0.31942349672317505,87.41444866920152
165,0.1968752384185791,92.15,0.2681217730045319,89.45500633713561
166,0.19830375015735627,92.38333333333334,0.2503442674875259,90.25348542458808
167,0.18855347931385041,92.45,0.2232216328382492,91.40261934938742
168,0.18563024401664735,93.08333333333334,0.22059436440467833,91.58005914659908
169,0.17749873101711272,93.21666666666667,0.21311453878879547,91.93071398394594
170,0.17712933123111724,93.23333333333332,0.21786556839942933,91.69835234474017
171,0.1715451091527939,93.18333333333334,0.21665938198566437,91.82087029995776
172,0.17002823054790497,93.51666666666667,0.21410102546215057,91.8800168990283
173,0.16722476482391357,93.25,0.20532166957855225,92.05745669623997
174,0.16343388259410857,93.9,0.19651857316493987,92.23912125052809
175,0.1623733013868332,93.65,0.1919735848903656,92.42078580481623
176,0.16250433325767516,93.91666666666666,0.18860931396484376,92.50528094634558
177,0.16039636135101318,93.86666666666666,0.18764320015907288,92.56865230249261
178,0.1572652131319046,93.88333333333333,0.1861594408750534,92.60667511618082
179,0.15850950479507447,94.13333333333334,0.18758637309074402,92.64469792986903
180,0.16382078230381011,93.93333333333332,0.18470239639282227,92.6362484157161
181,0.16253969669342042,93.96666666666667,0.1851321280002594,92.65314744402197
182,0.15333566069602966,94.0,0.1841120481491089,92.65314744402198
183,0.15911643505096434,93.95,0.18457768559455873,92.63202365863962
184,0.15823865532875062,93.96666666666667,0.18329017460346222,92.69539501478664
185,0.1552621990442276,94.01666666666668,0.18336434960365294,92.72496831432193
186,0.15801692456007005,94.06666666666668,0.17953534424304962,92.72919307139838
187,0.15956909954547882,93.68333333333332,0.18330684304237366,92.78833967046893
188,0.157682566344738,93.91666666666667,0.18473822474479676,92.77989015631603
189,0.15778776705265046,93.91666666666666,0.18585201501846313,92.77144064216307
190,0.1548804372549057,93.8,0.18251533806324005,92.77989015631601
191,0.15948617160320283,94.08333333333334,0.18113197088241578,92.81368821292776
192,0.15617933869361877,93.9,0.18126277029514312,92.82636248415716
193,0.1611134171485901,93.85000000000001,0.18329209387302398,92.81368821292776
194,0.15426028072834014,94.05,0.18370109796524048,92.82636248415716
195,0.1638593167066574,94.08333333333334,0.1813817024230957,92.80101394169836
196,0.15625482499599458,94.0,0.18196505606174468,92.80946345585129
197,0.15464524328708648,93.91666666666666,0.18075738251209258,92.80946345585129
198,0.15987967550754548,93.98333333333333,0.183206507563591,92.82213772708069
199,0.15853666365146638,93.96666666666667,0.1827766090631485,92.86861005492185
200,0.15534467697143556,93.9,0.1821055144071579,92.83903675538656
201,0.15500965416431428,93.85,0.1808753490447998,92.83058724123363
202,0.1570242762565613,94.06666666666666,0.18222960829734802,92.85593578369244
203,0.15123921930789946,94.23333333333332,0.1862514466047287,92.85593578369244
204,3.8157293796539307,62.74609209970426,3.7483596324920656,63.578369243768485
205,1.263061249256134,61.25333333333333,167986.88998336793,55.331643430502744
206,0.5771885097026825,73.02666666666667,1478.4928821563722,50.86607520067596
207,0.3974658906459808,83.18666666666665,117.24475178718566,50.325306294888044
208,0.3446630001068115,85.41333333333333,23.35747960805893,54.78242501056188
209,0.3056818783283234,87.89333333333335,5.821558344364166,61.52936206168145
210,0.283576625585556,88.66666666666666,2.2890815675258636,68.89733840304183
211,0.2570499241352081,89.72,0.9923434853553772,77.22433460076044
212,0.23483988642692566,90.64000000000001,0.6034325301647187,79.26911702577101
213,0.21700881719589232,91.64000000000001,0.5332603871822357,77.42289818335446
214,0.20855148732662201,92.10666666666667,0.5353863716125489,76.89480354879593
215,0.19302138090133666,92.56,0.4033140867948532,81.86311787072243
216,0.17795366644859315,93.08,0.3018143564462662,86.82298267849599
217,0.16937487721443176,93.77333333333334,0.26872110962867735,88.91423743134769
218,0.16954119503498077,93.58666666666666,0.2640987604856491,89.2733417828475
219,0.163888081908226,93.62666666666668,0.2565810590982437,89.55640050697085
220,0.15872812271118164,93.85333333333332,0.23622339069843293,90.3464300802704
221,0.15488988906145096,94.02666666666667,0.22995816469192504,90.8618504435995
222,0.1487014040350914,94.46666666666667,0.2250411331653595,91.21673003802282
223,0.14759500473737716,94.50666666666667,0.22184085845947266,91.2843261512463
224,0.14216039329767227,94.77333333333334,0.21866119801998138,91.25052809463455
225,0.1383022978901863,94.84,0.20193472802639006,92.00253485424587
226,0.13815730512142183,95.01333333333334,0.19653182327747346,92.31516687790452
227,0.13573135435581207,95.2,0.1921191930770874,92.54330376003381
228,0.1359066903591156,94.93333333333334,0.1855482667684555,92.7291930713984
229,0.13315049409866334,95.26666666666668,0.1830993890762329,92.80523869877483
230,0.1366290494799614,94.97333333333333,0.1848061800003052,92.81791297000423
231,0.13321727961301805,95.42666666666666,0.1852935880422592,92.8728348119983
232,0.1325441226363182,95.16,0.18225677609443663,92.91508238276299
233,0.13134435415267945,95.14666666666668,0.18217195570468903,92.90663286861006
234,0.13108690977096557,95.25333333333333,0.18161202371120452,92.9404309252218
235,0.13084263801574708,95.22666666666666,0.17865917682647706,92.99535276721588
236,0.13113464713096618,95.18666666666665,0.18056220710277557,92.99112801013942
237,0.13121277689933777,95.13333333333333,0.18235056698322297,92.99535276721589
238,0.13064726889133454,95.28,0.1817141056060791,92.98267849598649
239,0.13048615008592607,95.29333333333332,0.18036186397075654,92.97845373891002
240,0.130009925365448,95.39999999999999,0.17951964735984802,92.96577946768062
241,0.1293856218457222,95.21333333333332,0.18140501379966736,92.94465568229826
242,0.13115047216415404,95.11999999999999,0.18273841142654418,92.93620616814533
243,0.12968101352453232,95.25333333333333,0.17925224602222442,92.94465568229826
244,0.13121531009674073,95.0,0.18087612390518187,92.95310519645119
245,0.13177949339151382,95.29333333333332,0.17992448210716247,92.9531051964512
246,0.12973743826150894,95.18666666666668,0.17960893213748932,92.9531051964512
247,0.12957482188940048,95.35999999999999,0.1826853483915329,92.96155471060413
248,0.13277026563882827,95.09333333333333,0.18163148760795594,92.9657794676806
249,0.1313887506723404,95.26666666666667,0.18200460374355315,92.9531051964512
250,0.12921604365110398,95.21333333333332,0.17987319827079773,92.94888043937473
251,0.12914493381977082,95.52000000000001,0.17811098396778108,92.94888043937473
252,0.13184292912483214,95.26666666666668,0.18173824548721312,92.94465568229828
253,0.13193147480487824,95.41333333333334,0.18117705285549163,92.94465568229826
254,0.12821321338415145,95.4,0.17894459664821624,92.95310519645122
