Epoch,Repetition 1,Repetition 2,Repetition 3,Repetition 4,Repetition 5
0,61.28010139416983,60.139416983523446,67.74397972116603,61.575834389522605,62.99112801013942
1,72.0,72.33333333333333,69.33333333333333,74.0,75.0
2,77.33333333333333,47.666666666666664,45.666666666666664,54.0,63.0
3,83.33333333333333,35.333333333333336,35.0,39.666666666666664,21.666666666666668
4,72.66666666666667,71.33333333333333,56.0,43.0,65.0
5,67.66666666666667,71.0,58.0,57.666666666666664,63.333333333333336
6,85.0,67.66666666666667,61.0,66.66666666666667,66.0
7,84.33333333333333,79.66666666666667,71.66666666666667,76.66666666666667,69.66666666666667
8,87.33333333333333,82.33333333333333,74.33333333333333,81.66666666666667,76.0
9,90.0,83.66666666666667,80.33333333333333,82.66666666666667,76.66666666666667
10,91.66666666666667,82.33333333333333,80.0,86.33333333333333,80.66666666666667
11,91.66666666666667,82.33333333333333,83.66666666666667,85.33333333333333,81.0
12,94.33333333333333,81.33333333333333,83.0,86.33333333333333,81.0
13,92.33333333333333,81.0,83.0,87.66666666666667,81.33333333333333
14,93.66666666666667,81.66666666666667,84.33333333333333,85.66666666666667,81.66666666666667
15,94.33333333333333,82.66666666666667,85.33333333333333,87.33333333333333,80.66666666666667
16,93.33333333333333,82.66666666666667,85.33333333333333,89.0,81.0
17,95.33333333333333,84.0,84.33333333333333,88.0,82.0
18,93.66666666666667,82.0,86.66666666666667,87.0,83.33333333333333
19,94.0,81.0,86.66666666666667,88.66666666666667,83.66666666666667
20,94.0,84.0,87.33333333333333,88.66666666666667,81.66666666666667
21,94.33333333333333,82.0,87.33333333333333,89.33333333333333,82.0
22,95.0,82.0,86.0,89.33333333333333,82.33333333333333
23,95.0,83.66666666666667,87.33333333333333,88.66666666666667,84.0
24,94.66666666666667,83.0,87.66666666666667,89.33333333333333,82.0
25,95.66666666666667,81.66666666666667,87.66666666666667,90.33333333333333,83.66666666666667
26,95.0,82.33333333333333,87.33333333333333,89.33333333333333,84.0
27,94.33333333333333,83.0,87.66666666666667,91.0,84.0
28,94.33333333333333,83.66666666666667,87.66666666666667,88.66666666666667,83.33333333333333
29,95.0,84.66666666666667,87.66666666666667,90.33333333333333,83.33333333333333
30,94.66666666666667,83.0,87.66666666666667,90.66666666666667,83.0
31,95.33333333333333,83.66666666666667,87.33333333333333,90.33333333333333,83.66666666666667
32,94.66666666666667,83.33333333333333,86.66666666666667,88.33333333333333,82.0
33,94.33333333333333,81.0,87.66666666666667,89.33333333333333,83.33333333333333
34,95.33333333333333,83.0,88.66666666666667,88.66666666666667,82.0
35,94.66666666666667,82.66666666666667,89.66666666666667,90.33333333333333,84.33333333333333
36,95.33333333333333,84.0,87.33333333333333,90.33333333333333,83.66666666666667
37,95.0,85.66666666666667,85.66666666666667,89.66666666666667,83.0
38,94.33333333333333,84.33333333333333,88.33333333333333,89.66666666666667,83.33333333333333
39,95.33333333333333,83.0,88.0,89.33333333333333,83.66666666666667
40,95.33333333333333,83.0,88.0,90.33333333333333,84.0
41,95.33333333333333,83.66666666666667,88.0,90.66666666666667,83.33333333333333
42,94.0,82.66666666666667,86.66666666666667,89.66666666666667,83.33333333333333
43,94.0,81.0,88.33333333333333,89.66666666666667,82.66666666666667
44,94.66666666666667,82.33333333333333,87.66666666666667,90.0,84.33333333333333
45,95.0,83.0,87.33333333333333,89.0,84.0
46,94.66666666666667,83.0,87.33333333333333,89.0,83.0
47,95.0,82.66666666666667,88.66666666666667,90.66666666666667,82.66666666666667
48,94.66666666666667,85.0,89.0,92.0,83.66666666666667
49,94.66666666666667,82.0,87.33333333333333,91.0,82.0
50,94.33333333333333,83.66666666666667,86.0,89.66666666666667,83.33333333333333
51,61.28010139416983,60.139416983523446,67.74397972116603,61.575834389522605,62.99112801013942
52,73.33333333333333,68.83333333333333,67.0,70.83333333333333,70.16666666666667
53,45.833333333333336,47.666666666666664,34.0,56.333333333333336,35.666666666666664
54,69.83333333333333,74.66666666666667,70.66666666666667,70.83333333333333,76.83333333333333
55,78.33333333333333,75.16666666666667,72.16666666666667,81.83333333333333,78.0
56,83.33333333333333,78.16666666666667,77.33333333333333,82.66666666666667,79.33333333333333
57,85.66666666666667,83.0,82.0,82.83333333333333,81.0
58,87.33333333333333,83.83333333333333,84.16666666666667,85.16666666666667,81.66666666666667
59,89.5,81.33333333333333,86.16666666666667,87.0,82.83333333333333
60,91.0,84.66666666666667,88.83333333333333,87.5,83.5
61,92.83333333333333,84.83333333333333,91.5,88.0,83.66666666666667
62,92.66666666666667,85.33333333333333,91.16666666666667,88.66666666666667,84.83333333333333
63,93.0,86.5,91.5,89.16666666666667,85.33333333333333
64,93.66666666666667,87.33333333333333,91.66666666666667,89.33333333333333,84.83333333333333
65,94.16666666666667,86.83333333333333,91.83333333333333,90.5,85.33333333333333
66,94.0,86.5,92.16666666666667,90.16666666666667,85.16666666666667
67,94.0,87.33333333333333,92.0,89.5,84.66666666666667
68,94.33333333333333,86.5,92.83333333333333,90.0,85.66666666666667
69,94.5,87.33333333333333,93.16666666666667,89.66666666666667,86.66666666666667
70,94.5,87.5,93.66666666666667,89.66666666666667,86.5
71,94.83333333333333,87.0,92.83333333333333,89.66666666666667,86.0
72,94.66666666666667,87.66666666666667,93.83333333333333,90.0,87.83333333333333
73,95.0,87.16666666666667,93.33333333333333,91.16666666666667,86.5
74,95.0,88.33333333333333,93.16666666666667,91.33333333333333,86.16666666666667
75,94.66666666666667,88.0,93.83333333333333,91.5,85.5
76,95.16666666666667,87.66666666666667,94.83333333333333,90.33333333333333,87.16666666666667
77,94.83333333333333,88.16666666666667,94.16666666666667,91.0,86.83333333333333
78,96.0,87.33333333333333,95.0,91.0,87.16666666666667
79,95.5,86.66666666666667,94.0,90.5,87.16666666666667
80,94.0,88.0,95.0,91.0,87.16666666666667
81,95.33333333333333,88.0,94.33333333333333,91.16666666666667,87.16666666666667
82,95.5,88.0,94.66666666666667,90.33333333333333,86.0
83,95.16666666666667,87.66666666666667,94.33333333333333,91.5,86.5
84,95.5,87.5,93.83333333333333,91.16666666666667,87.16666666666667
85,95.33333333333333,88.5,94.16666666666667,90.5,86.5
86,95.16666666666667,87.83333333333333,94.16666666666667,90.83333333333333,86.33333333333333
87,95.83333333333333,88.16666666666667,94.16666666666667,91.83333333333333,86.5
88,95.33333333333333,88.0,94.66666666666667,90.83333333333333,86.33333333333333
89,95.16666666666667,88.16666666666667,93.66666666666667,90.5,87.16666666666667
90,95.16666666666667,88.83333333333333,95.5,91.5,86.33333333333333
91,95.83333333333333,88.0,94.66666666666667,91.66666666666667,86.83333333333333
92,94.66666666666667,88.0,94.33333333333333,91.5,86.83333333333333
93,95.33333333333333,88.0,94.83333333333333,91.33333333333333,86.83333333333333
94,95.0,88.16666666666667,94.16666666666667,91.0,87.0
95,95.0,86.16666666666667,95.0,91.16666666666667,86.83333333333333
96,94.83333333333333,87.5,94.16666666666667,91.0,86.83333333333333
97,94.83333333333333,87.33333333333333,94.66666666666667,91.0,87.0
98,94.83333333333333,86.83333333333333,94.33333333333333,89.83333333333333,87.16666666666667
99,94.5,88.0,93.83333333333333,90.33333333333333,87.16666666666667
100,95.5,88.0,94.83333333333333,90.66666666666667,87.0
101,94.83333333333333,87.66666666666667,94.66666666666667,91.5,87.16666666666667
102,61.28010139416983,60.139416983523446,67.74397972116603,61.575834389522605,62.99112801013942
103,72.88888888888889,64.33333333333333,66.88888888888889,65.0,68.33333333333333
104,35.666666666666664,38.333333333333336,53.888888888888886,58.44444444444444,60.333333333333336
105,57.111111111111114,66.22222222222223,75.55555555555556,62.111111111111114,80.55555555555556
106,75.88888888888889,74.88888888888889,81.33333333333333,69.77777777777777,82.22222222222223
107,82.55555555555556,81.33333333333333,84.0,69.0,83.11111111111111
108,85.33333333333333,81.11111111111111,86.33333333333333,75.44444444444444,84.55555555555556
109,88.33333333333333,82.0,87.33333333333333,81.22222222222223,85.11111111111111
110,89.33333333333333,84.77777777777777,87.77777777777777,82.44444444444444,86.77777777777777
111,89.33333333333333,87.0,89.44444444444444,86.11111111111111,87.11111111111111
112,90.77777777777777,87.66666666666667,89.44444444444444,86.88888888888889,88.66666666666667
113,92.22222222222223,88.11111111111111,91.11111111111111,87.55555555555556,89.22222222222223
114,91.66666666666667,89.0,92.22222222222223,88.55555555555556,89.88888888888889
115,91.55555555555556,89.77777777777777,92.11111111111111,88.88888888888889,89.44444444444444
116,92.22222222222223,89.22222222222223,92.22222222222223,89.66666666666667,89.66666666666667
117,92.44444444444444,89.33333333333333,91.66666666666667,89.66666666666667,89.44444444444444
118,92.55555555555556,89.88888888888889,91.88888888888889,89.77777777777777,89.77777777777777
119,92.66666666666667,90.44444444444444,91.77777777777777,88.77777777777777,91.0
120,92.33333333333333,90.33333333333333,92.77777777777777,90.55555555555556,90.33333333333333
121,93.11111111111111,90.22222222222223,92.77777777777777,91.0,91.11111111111111
122,93.33333333333333,90.0,93.66666666666667,90.55555555555556,90.55555555555556
123,93.22222222222223,90.55555555555556,92.88888888888889,90.55555555555556,91.77777777777777
124,93.0,89.77777777777777,93.44444444444444,91.22222222222223,90.44444444444444
125,92.66666666666667,90.66666666666667,93.11111111111111,91.22222222222223,90.55555555555556
126,92.77777777777777,91.33333333333333,93.22222222222223,91.77777777777777,91.44444444444444
127,93.0,90.44444444444444,93.44444444444444,92.0,91.11111111111111
128,92.77777777777777,90.44444444444444,93.55555555555556,91.55555555555556,91.11111111111111
129,93.11111111111111,90.66666666666667,93.55555555555556,91.0,91.0
130,93.11111111111111,90.88888888888889,93.11111111111111,90.11111111111111,90.88888888888889
131,92.88888888888889,90.77777777777777,93.22222222222223,91.66666666666667,91.33333333333333
132,92.77777777777777,90.77777777777777,94.0,91.22222222222223,91.0
133,93.0,91.66666666666667,93.88888888888889,92.0,91.0
134,93.22222222222223,90.66666666666667,93.55555555555556,91.44444444444444,91.33333333333333
135,92.88888888888889,90.88888888888889,93.66666666666667,91.55555555555556,91.33333333333333
136,93.11111111111111,91.11111111111111,93.44444444444444,91.11111111111111,91.11111111111111
137,92.55555555555556,91.11111111111111,93.44444444444444,91.55555555555556,90.66666666666667
138,93.11111111111111,91.66666666666667,93.0,92.22222222222223,91.0
139,94.0,91.11111111111111,93.66666666666667,91.77777777777777,91.44444444444444
140,93.44444444444444,91.44444444444444,93.0,91.55555555555556,91.0
141,93.66666666666667,91.55555555555556,94.11111111111111,91.66666666666667,90.88888888888889
142,92.55555555555556,91.0,93.77777777777777,91.55555555555556,90.88888888888889
143,92.88888888888889,91.11111111111111,93.55555555555556,91.77777777777777,90.77777777777777
144,93.11111111111111,90.55555555555556,93.77777777777777,91.33333333333333,91.33333333333333
145,92.66666666666667,90.77777777777777,93.11111111111111,91.66666666666667,90.77777777777777
146,92.88888888888889,91.66666666666667,93.33333333333333,91.77777777777777,91.33333333333333
147,92.88888888888889,91.44444444444444,93.88888888888889,91.66666666666667,90.66666666666667
148,93.88888888888889,91.44444444444444,93.11111111111111,92.44444444444444,91.33333333333333
149,93.22222222222223,91.0,93.66666666666667,92.33333333333333,91.0
150,93.11111111111111,90.88888888888889,93.66666666666667,91.88888888888889,91.77777777777777
151,93.0,91.22222222222223,93.22222222222223,91.88888888888889,91.55555555555556
152,93.33333333333333,91.44444444444444,93.44444444444444,91.44444444444444,91.0
153,61.28010139416983,60.139416983523446,67.74397972116603,61.575834389522605,62.99112801013942
154,68.33333333333333,57.666666666666664,60.833333333333336,59.166666666666664,61.916666666666664
155,51.0,71.91666666666667,63.583333333333336,71.41666666666667,64.33333333333333
156,76.41666666666667,80.16666666666667,79.33333333333333,77.91666666666667,79.33333333333333
157,79.16666666666667,85.25,81.33333333333333,80.33333333333333,82.16666666666667
158,83.5,87.83333333333333,85.08333333333333,82.75,82.58333333333333
159,85.91666666666667,89.0,87.33333333333333,84.58333333333333,85.16666666666667
160,87.66666666666667,89.5,88.5,87.58333333333333,86.58333333333333
161,90.08333333333333,91.25,90.5,90.0,87.75
162,90.83333333333333,91.0,91.08333333333333,90.75,88.83333333333333
163,91.83333333333333,91.0,92.33333333333333,91.5,89.5
164,91.58333333333333,92.75,92.33333333333333,92.16666666666667,89.83333333333333
165,92.08333333333333,92.5,93.16666666666667,92.66666666666667,90.33333333333333
166,92.16666666666667,93.0,93.33333333333333,92.75,90.66666666666667
167,92.66666666666667,93.25,92.83333333333333,93.0,90.5
168,93.41666666666667,93.66666666666667,93.58333333333333,93.83333333333333,90.91666666666667
169,93.5,93.08333333333333,94.66666666666667,93.58333333333333,91.25
170,93.83333333333333,93.58333333333333,94.0,93.5,91.25
171,93.91666666666667,93.33333333333333,93.75,93.5,91.41666666666667
172,94.0,94.0,94.58333333333333,93.58333333333333,91.41666666666667
173,93.5,93.75,94.08333333333333,93.91666666666667,91.0
174,94.33333333333333,94.58333333333333,94.66666666666667,94.41666666666667,91.5
175,94.16666666666667,94.41666666666667,94.33333333333333,94.0,91.33333333333333
176,94.41666666666667,94.33333333333333,94.83333333333333,94.33333333333333,91.66666666666667
177,94.5,94.91666666666667,94.58333333333333,93.83333333333333,91.5
178,93.83333333333333,94.5,95.08333333333333,94.41666666666667,91.58333333333333
179,94.66666666666667,94.91666666666667,94.75,94.25,92.08333333333333
180,94.58333333333333,94.66666666666667,95.08333333333333,93.75,91.58333333333333
181,94.41666666666667,94.83333333333333,94.66666666666667,94.16666666666667,91.75
182,94.5,94.91666666666667,94.75,94.0,91.83333333333333
183,94.08333333333333,95.16666666666667,94.58333333333333,94.25,91.66666666666667
184,94.25,95.0,95.16666666666667,93.91666666666667,91.5
185,94.16666666666667,95.33333333333333,94.41666666666667,94.16666666666667,92.0
186,94.0,95.16666666666667,94.58333333333333,94.41666666666667,92.16666666666667
187,93.83333333333333,94.83333333333333,94.33333333333333,94.08333333333333,91.33333333333333
188,93.83333333333333,94.91666666666667,95.16666666666667,94.16666666666667,91.5
189,94.0,94.66666666666667,94.33333333333333,94.5,92.08333333333333
190,94.16666666666667,94.66666666666667,94.5,94.08333333333333,91.58333333333333
191,94.41666666666667,94.91666666666667,95.33333333333333,94.0,91.75
192,93.91666666666667,95.08333333333333,94.41666666666667,94.08333333333333,92.0
193,93.91666666666667,94.91666666666667,94.5,94.16666666666667,91.75
194,94.16666666666667,94.83333333333333,95.0,94.33333333333333,91.91666666666667
195,93.91666666666667,95.33333333333333,94.83333333333333,94.41666666666667,91.91666666666667
196,94.0,94.91666666666667,95.0,94.08333333333333,92.0
197,93.75,94.83333333333333,94.91666666666667,94.33333333333333,91.75
198,94.0,94.66666666666667,95.33333333333333,94.16666666666667,91.75
199,94.33333333333333,94.91666666666667,94.66666666666667,93.91666666666667,92.0
200,94.16666666666667,95.0,94.66666666666667,94.16666666666667,91.5
201,94.33333333333333,94.91666666666667,94.66666666666667,94.0,91.33333333333333
202,94.0,95.08333333333333,94.83333333333333,94.41666666666667,92.0
203,94.5,95.0,94.83333333333333,94.83333333333333,92.0
204,61.28010139416983,60.139416983523446,67.74397972116603,61.575834389522605,62.99112801013942
205,75.26666666666667,54.4,59.0,55.733333333333334,61.86666666666667
206,69.8,72.93333333333334,72.06666666666666,70.33333333333333,80.0
207,87.6,81.0,81.06666666666666,81.66666666666667,84.6
208,89.46666666666667,84.66666666666667,84.2,83.66666666666667,85.06666666666666
209,91.0,87.06666666666666,87.2,85.66666666666667,88.53333333333333
210,92.4,88.46666666666667,87.26666666666667,86.33333333333333,88.86666666666666
211,91.73333333333333,89.8,89.6,87.46666666666667,90.0
212,92.6,91.26666666666667,90.46666666666667,87.8,91.06666666666666
213,93.86666666666666,92.13333333333334,91.73333333333333,89.0,91.46666666666667
214,93.93333333333334,91.0,92.4,90.86666666666666,92.33333333333333
215,94.26666666666667,92.46666666666667,91.6,91.33333333333333,93.13333333333334
216,94.33333333333333,93.33333333333333,92.73333333333333,91.2,93.8
217,94.86666666666666,93.53333333333333,93.8,92.06666666666666,94.6
218,95.13333333333334,93.13333333333334,93.73333333333333,91.33333333333333,94.6
219,95.13333333333334,93.53333333333333,93.13333333333334,91.53333333333333,94.8
220,95.6,93.46666666666667,93.73333333333333,92.06666666666666,94.4
221,95.73333333333333,93.2,93.73333333333333,92.8,94.66666666666667
222,95.73333333333333,93.93333333333334,94.6,92.93333333333334,95.13333333333334
223,95.46666666666667,93.73333333333333,94.53333333333333,92.8,96.0
224,96.33333333333333,94.33333333333333,94.93333333333334,92.53333333333333,95.73333333333333
225,96.33333333333333,94.46666666666667,94.8,92.8,95.8
226,96.53333333333333,94.73333333333333,95.0,92.93333333333334,95.86666666666666
227,96.6,94.73333333333333,94.93333333333334,93.6,96.13333333333334
228,96.06666666666666,94.73333333333333,95.06666666666666,93.0,95.8
229,96.53333333333333,94.66666666666667,95.2,93.46666666666667,96.46666666666667
230,96.4,94.66666666666667,94.4,93.33333333333333,96.06666666666666
231,96.53333333333333,95.13333333333334,95.13333333333334,93.93333333333334,96.4
232,96.06666666666666,94.53333333333333,95.06666666666666,93.73333333333333,96.4
233,96.33333333333333,94.93333333333334,94.93333333333334,93.4,96.13333333333334
234,96.46666666666667,95.0,95.0,93.53333333333333,96.26666666666667
235,96.73333333333333,94.8,94.8,93.46666666666667,96.33333333333333
236,96.53333333333333,94.93333333333334,94.8,93.33333333333333,96.33333333333333
237,96.53333333333333,94.66666666666667,94.86666666666666,93.46666666666667,96.13333333333334
238,96.53333333333333,95.0,94.93333333333334,93.66666666666667,96.26666666666667
239,96.66666666666667,94.73333333333333,95.2,93.53333333333333,96.33333333333333
240,96.8,94.86666666666666,95.53333333333333,93.46666666666667,96.33333333333333
241,96.53333333333333,94.6,95.33333333333333,93.0,96.6
242,96.46666666666667,94.86666666666666,94.93333333333334,93.4,95.93333333333334
243,96.26666666666667,95.06666666666666,95.2,93.46666666666667,96.26666666666667
244,96.4,94.53333333333333,95.13333333333334,92.93333333333334,96.0
245,96.66666666666667,95.06666666666666,95.06666666666666,93.33333333333333,96.33333333333333
246,96.33333333333333,94.86666666666666,94.86666666666666,93.4,96.46666666666667
247,96.73333333333333,95.06666666666666,95.2,93.53333333333333,96.26666666666667
248,96.66666666666667,94.6,94.8,93.06666666666666,96.33333333333333
249,96.73333333333333,95.2,95.0,93.46666666666667,95.93333333333334
250,96.53333333333333,94.73333333333333,95.4,93.0,96.4
251,96.6,95.2,95.33333333333333,93.93333333333334,96.53333333333333
252,96.53333333333333,95.0,95.2,93.13333333333334,96.46666666666667
253,96.33333333333333,95.46666666666667,95.13333333333334,93.73333333333333,96.4
254,96.53333333333333,95.06666666666666,95.13333333333334,93.93333333333334,96.33333333333333
