Epoch,Repetition 1,Repetition 2,Repetition 3,Repetition 4,Repetition 5
0,1.9513288736343384,6.195169448852539,2.0804765224456787,5.068224906921387,3.7834465503692627
1,2.050750732421875,2.05782413482666,2.2271859645843506,1.7690187692642212,1.688689112663269
2,0.5798454880714417,1.1923049688339233,1.0396777391433716,0.7945180535316467,0.9221728444099426
3,0.41504645347595215,2.10854434967041,1.4131364822387695,1.548744559288025,2.8573720455169678
4,0.61332106590271,0.6048523187637329,0.7181108593940735,1.4726216793060303,0.7368397116661072
5,0.664821207523346,0.5826490521430969,0.6986613869667053,0.6997185349464417,0.6208702921867371
6,0.3521729111671448,0.540510892868042,0.6252374053001404,0.5806075930595398,0.591262698173523
7,0.3876318633556366,0.4569771885871887,0.5608540773391724,0.5060058832168579,0.5389602780342102
8,0.3196451961994171,0.4238255023956299,0.5208196043968201,0.48558127880096436,0.5213673114776611
9,0.26990291476249695,0.4154706597328186,0.46962809562683105,0.4515819549560547,0.5034508109092712
10,0.26030680537223816,0.40010198950767517,0.4280658960342407,0.42542630434036255,0.48422786593437195
11,0.25954505801200867,0.38178980350494385,0.3852028250694275,0.40613576769828796,0.4670458137989044
12,0.24309471249580383,0.38766688108444214,0.37163636088371277,0.40518704056739807,0.4706435799598694
13,0.24981264770030975,0.39401134848594666,0.3702363669872284,0.39023977518081665,0.4623655378818512
14,0.23423385620117188,0.382377028465271,0.3655065596103668,0.3989325165748596,0.4518217146396637
15,0.23167292773723602,0.37042129039764404,0.35477808117866516,0.3959324359893799,0.45755356550216675
16,0.21912872791290283,0.3846447169780731,0.35170188546180725,0.3786545395851135,0.4513961374759674
17,0.2070641815662384,0.37709927558898926,0.349203497171402,0.37568989396095276,0.4552508592605591
18,0.2057858109474182,0.38089147210121155,0.3197517693042755,0.36260300874710083,0.449466347694397
19,0.20765624940395355,0.37224477529525757,0.322552353143692,0.36539241671562195,0.43603965640068054
20,0.20144997537136078,0.35594242811203003,0.32259052991867065,0.3587064743041992,0.4375815987586975
21,0.20692695677280426,0.3660338521003723,0.3128962814807892,0.3535429537296295,0.43571779131889343
22,0.19450457394123077,0.36268118023872375,0.30763041973114014,0.3570356070995331,0.4308580756187439
23,0.2034771591424942,0.37095993757247925,0.3074829578399658,0.356814444065094,0.42624443769454956
24,0.19641050696372986,0.36896052956581116,0.31060752272605896,0.3492361307144165,0.43259918689727783
25,0.1878984272480011,0.3736575245857239,0.30595701932907104,0.3537680208683014,0.43365478515625
26,0.19519025087356567,0.35755977034568787,0.2978057861328125,0.3447153568267822,0.4247762858867645
27,0.18784937262535095,0.3543432056903839,0.3041660785675049,0.3421250879764557,0.4373687207698822
28,0.19363686442375183,0.3624337911605835,0.3065800666809082,0.3559134602546692,0.4354190230369568
29,0.18741360306739807,0.3624338209629059,0.30373984575271606,0.34722965955734253,0.4295438230037689
30,0.19001027941703796,0.3652249872684479,0.2965866029262543,0.34416085481643677,0.4276658296585083
31,0.18406285345554352,0.3528687357902527,0.29473087191581726,0.3359662592411041,0.42397966980934143
32,0.19422443211078644,0.35735565423965454,0.3023049533367157,0.34230661392211914,0.42315471172332764
33,0.18856479227542877,0.3569278419017792,0.2935471534729004,0.34534671902656555,0.43537700176239014
34,0.18523621559143066,0.35617202520370483,0.29226863384246826,0.33718419075012207,0.42869114875793457
35,0.19705823063850403,0.3674667179584503,0.29565075039863586,0.344018816947937,0.426904559135437
36,0.18703380227088928,0.3572222888469696,0.29876914620399475,0.33959317207336426,0.42891913652420044
37,0.187539741396904,0.3561944365501404,0.3074931502342224,0.33850541710853577,0.43279337882995605
38,0.18691064417362213,0.34741541743278503,0.3020034730434418,0.3397267460823059,0.4263114929199219
39,0.17854797840118408,0.3683616816997528,0.2919682264328003,0.3422669470310211,0.43095117807388306
40,0.18997080624103546,0.3725276291370392,0.29994359612464905,0.33984702825546265,0.4342553913593292
41,0.18838588893413544,0.35820120573043823,0.2977953851222992,0.3393447995185852,0.42586031556129456
42,0.19446733593940735,0.3596731722354889,0.30176764726638794,0.3417026698589325,0.4285863935947418
43,0.19315297901630402,0.37358275055885315,0.2971228361129761,0.3370296359062195,0.4321531355381012
44,0.19517497718334198,0.3570548892021179,0.2966754734516144,0.3392491340637207,0.42547574639320374
45,0.18914654850959778,0.36285775899887085,0.29776108264923096,0.3440678119659424,0.43476369976997375
46,0.19582681357860565,0.3578053116798401,0.2999379634857178,0.3387633264064789,0.4315282702445984
47,0.18924981355667114,0.35362762212753296,0.28875935077667236,0.34074798226356506,0.4359990954399109
48,0.18228104710578918,0.34785282611846924,0.2921874523162842,0.3372199833393097,0.4289821982383728
49,0.19273948669433594,0.3528074324131012,0.3085794746875763,0.3373247981071472,0.43199148774147034
50,0.19001220166683197,0.35039258003234863,0.30579209327697754,0.34021124243736267,0.43213286995887756
51,1.9513291120529175,6.195169448852539,2.0804762840270996,5.068224906921387,3.7834465503692627
52,1.2275676727294922,1.6593866348266602,1.550539493560791,1.3414974212646484,1.6921873092651367
53,1.278796911239624,0.9289212226867676,1.411996603012085,1.0222796201705933,1.5797936916351318
54,0.580420732498169,0.5127919912338257,0.5663884878158569,0.5671115517616272,0.5584889054298401
55,0.42550092935562134,0.5132452249526978,0.5143056511878967,0.4476909637451172,0.5087153911590576
56,0.4440563917160034,0.4349478483200073,0.49031418561935425,0.4077349305152893,0.4791041612625122
57,0.3760622441768646,0.3774524927139282,0.4338057041168213,0.41095906496047974,0.46086186170578003
58,0.3422650098800659,0.35377323627471924,0.38975200057029724,0.399441659450531,0.43428170680999756
59,0.31102561950683594,0.41098839044570923,0.3567870855331421,0.28534024953842163,0.4551454484462738
60,0.2570750117301941,0.38160526752471924,0.3092481195926666,0.32923537492752075,0.41493046283721924
61,0.2500136196613312,0.37541359663009644,0.22265902161598206,0.31843703985214233,0.403522789478302
62,0.22187849879264832,0.383662611246109,0.21919649839401245,0.2915138602256775,0.3286169767379761
63,0.17664459347724915,0.3354153633117676,0.2572256624698639,0.2835041284561157,0.36522406339645386
64,0.16864925622940063,0.36057114601135254,0.21543416380882263,0.2861960530281067,0.40702980756759644
65,0.2027330845594406,0.35861581563949585,0.22907723486423492,0.2603297829627991,0.3765779733657837
66,0.17519104480743408,0.3373781740665436,0.2365250140428543,0.2504410743713379,0.3484339118003845
67,0.15926064550876617,0.3134651780128479,0.20730984210968018,0.23961496353149414,0.36698299646377563
68,0.19253626465797424,0.33785754442214966,0.21924667060375214,0.2700575888156891,0.3175837993621826
69,0.16359251737594604,0.2758044898509979,0.2007577121257782,0.28016892075538635,0.3097200095653534
70,0.1521199345588684,0.2930079996585846,0.20154696702957153,0.24631792306900024,0.3482127785682678
71,0.16931477189064026,0.30751878023147583,0.17207306623458862,0.23740819096565247,0.32284966111183167
72,0.1673775017261505,0.3179836869239807,0.14888478815555573,0.2173984944820404,0.3201676607131958
73,0.15013474225997925,0.35201504826545715,0.15213893353939056,0.24109062552452087,0.3167111575603485
74,0.17236360907554626,0.3300527334213257,0.15511548519134521,0.2640703022480011,0.34270280599594116
75,0.16670486330986023,0.30853933095932007,0.16992434859275818,0.22527003288269043,0.3265320658683777
76,0.16477848589420319,0.31868717074394226,0.15573114156723022,0.26901423931121826,0.33767473697662354
77,0.16161109507083893,0.3176880478858948,0.1414770632982254,0.24585580825805664,0.3194272518157959
78,0.14522065222263336,0.3490559458732605,0.17671391367912292,0.23278364539146423,0.2987854480743408
79,0.14395281672477722,0.30387428402900696,0.17134146392345428,0.24163846671581268,0.3301113247871399
80,0.14506053924560547,0.2715596556663513,0.16115161776542664,0.20201241970062256,0.3269697427749634
81,0.1374361217021942,0.3054095506668091,0.14459466934204102,0.2519332766532898,0.3125151991844177
82,0.15236535668373108,0.24938689172267914,0.14720627665519714,0.22744303941726685,0.33543410897254944
83,0.203319251537323,0.30285605788230896,0.14681802690029144,0.2509743869304657,0.3035653829574585
84,0.15597285330295563,0.3462027907371521,0.16833576560020447,0.2031903862953186,0.3234618306159973
85,0.13208919763565063,0.2824956476688385,0.1535092145204544,0.2350229024887085,0.326602041721344
86,0.14960554242134094,0.25484395027160645,0.17149406671524048,0.2458551973104477,0.29381972551345825
87,0.13583847880363464,0.25090599060058594,0.18699970841407776,0.22452062368392944,0.3310382068157196
88,0.13401052355766296,0.3300015330314636,0.1758595108985901,0.20984473824501038,0.3267126679420471
89,0.15752708911895752,0.25275886058807373,0.1880541741847992,0.224071204662323,0.3413929343223572
90,0.15871772170066833,0.2740399241447449,0.14263901114463806,0.21005511283874512,0.311143696308136
91,0.14546425640583038,0.2789980173110962,0.1670221984386444,0.236296147108078,0.32086682319641113
92,0.1598353385925293,0.3007171154022217,0.14607253670692444,0.22842785716056824,0.3462936282157898
93,0.16667020320892334,0.2947424054145813,0.1733594834804535,0.23086553812026978,0.3212894797325134
94,0.15208283066749573,0.2698816657066345,0.15704593062400818,0.21665804088115692,0.3299946188926697
95,0.12362870573997498,0.2886723279953003,0.15172159671783447,0.23075440526008606,0.28896379470825195
96,0.14263564348220825,0.30019980669021606,0.13205769658088684,0.25638890266418457,0.3007009029388428
97,0.1704496294260025,0.29937267303466797,0.15918701887130737,0.2450476586818695,0.3034380376338959
98,0.16112706065177917,0.28517186641693115,0.15546149015426636,0.2706511318683624,0.2910730242729187
99,0.13678395748138428,0.2741631865501404,0.1556570827960968,0.24231533706188202,0.3246409296989441
100,0.16429896652698517,0.21919971704483032,0.16135664284229279,0.24085702002048492,0.3084152340888977
101,0.13899865746498108,0.2900673747062683,0.15205559134483337,0.21867620944976807,0.30937814712524414
102,1.9513291120529175,6.195169925689697,2.080476760864258,5.068225383758545,3.783447027206421
103,1.1690917015075684,1.5778119564056396,1.5028432607650757,1.2692898511886597,1.4521819353103638
104,1.191687822341919,1.386460781097412,1.0997447967529297,1.2471076250076294,0.8931033611297607
105,0.6981492042541504,0.6176432371139526,0.5036654472351074,0.7944471836090088,0.4667559266090393
106,0.5311688184738159,0.5456424355506897,0.4290030598640442,0.5724818110466003,0.42414093017578125
107,0.3906623423099518,0.47825559973716736,0.3743765950202942,0.555455207824707,0.39359575510025024
108,0.3632148802280426,0.4333672523498535,0.3375653028488159,0.49168896675109863,0.37032178044319153
109,0.3237919807434082,0.41399043798446655,0.3127000033855438,0.45334988832473755,0.3493017852306366
110,0.2965349853038788,0.3716534376144409,0.2803942561149597,0.4057624936103821,0.32314783334732056
111,0.28079935908317566,0.3518102765083313,0.26513296365737915,0.3576563000679016,0.3115818500518799
112,0.2456284761428833,0.3277050852775574,0.2447318732738495,0.32460710406303406,0.282633900642395
113,0.21720683574676514,0.3007882833480835,0.2218160331249237,0.3132883310317993,0.2691138982772827
114,0.2279292494058609,0.29517433047294617,0.21251904964447021,0.30580374598503113,0.26346564292907715
115,0.22269901633262634,0.2846077084541321,0.20533126592636108,0.29734665155410767,0.2614678144454956
116,0.21894825994968414,0.28117355704307556,0.19412393867969513,0.282326877117157,0.25319352746009827
117,0.2156970500946045,0.27974116802215576,0.203507661819458,0.28475141525268555,0.25405430793762207
118,0.20781265199184418,0.27393803000450134,0.19940465688705444,0.2795115113258362,0.24766507744789124
119,0.2066815048456192,0.2706998586654663,0.1935986876487732,0.27981817722320557,0.2453363537788391
120,0.20161136984825134,0.2629842162132263,0.18469379842281342,0.2693193554878235,0.23684260249137878
121,0.19901537895202637,0.2675681710243225,0.17992663383483887,0.25331464409828186,0.23461945354938507
122,0.20685961842536926,0.25513505935668945,0.17768380045890808,0.25594455003738403,0.23180446028709412
123,0.1985749900341034,0.24948762357234955,0.17811810970306396,0.25650328397750854,0.2329617738723755
124,0.19449907541275024,0.256710022687912,0.17074477672576904,0.24857404828071594,0.23100146651268005
125,0.19379276037216187,0.25227922201156616,0.17864865064620972,0.24515628814697266,0.2313733845949173
126,0.19372965395450592,0.2496221363544464,0.17014290392398834,0.24167168140411377,0.23350203037261963
127,0.19687747955322266,0.24954022467136383,0.17593398690223694,0.24919885396957397,0.2277544140815735
128,0.19337905943393707,0.24605771899223328,0.17270943522453308,0.23866458237171173,0.2250741720199585
129,0.1927739530801773,0.2475130259990692,0.16906309127807617,0.2434980273246765,0.23271295428276062
130,0.19458752870559692,0.24753674864768982,0.17177653312683105,0.2500069737434387,0.22847729921340942
131,0.19446921348571777,0.2461952269077301,0.17883281409740448,0.24306023120880127,0.22512555122375488
132,0.1964280605316162,0.24471400678157806,0.16825206577777863,0.23862767219543457,0.22291570901870728
133,0.1927666962146759,0.24512600898742676,0.17257747054100037,0.2421453297138214,0.2258099615573883
134,0.1916121244430542,0.24700886011123657,0.16855788230895996,0.23959647119045258,0.2251957654953003
135,0.1908940076828003,0.23582789301872253,0.17275360226631165,0.249074786901474,0.2258366346359253
136,0.19008198380470276,0.24648624658584595,0.16840948164463043,0.24388930201530457,0.2222120761871338
137,0.19158345460891724,0.2451862394809723,0.16958536207675934,0.24170970916748047,0.22919031977653503
138,0.1915179193019867,0.24576011300086975,0.1680307686328888,0.23828285932540894,0.224381223320961
139,0.1936134397983551,0.24765947461128235,0.16476422548294067,0.2450905442237854,0.22317981719970703
140,0.1894216537475586,0.24350708723068237,0.169644296169281,0.24037325382232666,0.2259976863861084
141,0.18903571367263794,0.24451255798339844,0.16875794529914856,0.24023368954658508,0.22824376821517944
142,0.19816431403160095,0.23984485864639282,0.16768616437911987,0.2437036633491516,0.22325140237808228
143,0.19756531715393066,0.24955740571022034,0.16609303653240204,0.24387618899345398,0.22141888737678528
144,0.19002467393875122,0.23921996355056763,0.16801169514656067,0.2419264316558838,0.22255843877792358
145,0.19256921112537384,0.24450048804283142,0.1657281517982483,0.24610552191734314,0.226031094789505
146,0.1947799026966095,0.24066190421581268,0.16117942333221436,0.2358940690755844,0.22489677369594574
147,0.1981407105922699,0.24358035624027252,0.16240134835243225,0.2396250069141388,0.2268846035003662
148,0.19039928913116455,0.24421356618404388,0.17089083790779114,0.23724323511123657,0.22646492719650269
149,0.19838199019432068,0.24060720205307007,0.1656121164560318,0.23842966556549072,0.22652623057365417
150,0.19453555345535278,0.24032315611839294,0.1676522046327591,0.2350357472896576,0.2214040458202362
151,0.19225609302520752,0.24849821627140045,0.1786700189113617,0.23278817534446716,0.22346052527427673
152,0.18760445713996887,0.239908367395401,0.16143116354942322,0.24070072174072266,0.230425626039505
153,1.9513291120529175,6.195169448852539,2.0804765224456787,5.068225383758545,3.783447027206421
154,1.1132434606552124,1.5104007720947266,1.2800321578979492,1.6401869058609009,1.4116946458816528
155,1.1028953790664673,0.5548306107521057,0.7781632542610168,0.7054588198661804,0.6311385035514832
156,0.5112501978874207,0.3914852440357208,0.47521471977233887,0.4872787296772003,0.45593658089637756
157,0.4856812059879303,0.33027300238609314,0.4209326207637787,0.45913413166999817,0.396340012550354
158,0.41116586327552795,0.2979976236820221,0.371555894613266,0.40538206696510315,0.3586985170841217
159,0.3563675880432129,0.26377400755882263,0.3005431592464447,0.369327187538147,0.30852779746055603
160,0.3233424127101898,0.24643106758594513,0.28417181968688965,0.3268389403820038,0.29567989706993103
161,0.26959484815597534,0.24556861817836761,0.270113468170166,0.2932436466217041,0.28983840346336365
162,0.2349899858236313,0.21678365767002106,0.218332901597023,0.2669319212436676,0.24729667603969574
163,0.21464204788208008,0.2228812724351883,0.1855602264404297,0.23134101927280426,0.25016340613365173
164,0.1867046356201172,0.20529858767986298,0.18513472378253937,0.202741339802742,0.24285614490509033
165,0.18586301803588867,0.19909615814685822,0.1745995134115219,0.20329327881336212,0.2215242236852646
166,0.1939890831708908,0.17707018554210663,0.18963585793972015,0.210293710231781,0.22052991390228271
167,0.1853134036064148,0.1702558994293213,0.1701555997133255,0.19153070449829102,0.22551178932189941
168,0.18559996783733368,0.16263586282730103,0.1752071976661682,0.1976454257965088,0.207062765955925
169,0.17421461641788483,0.1600368171930313,0.15587091445922852,0.18984360992908478,0.20752769708633423
170,0.17468726634979248,0.15837650001049042,0.16127775609493256,0.18385152518749237,0.20745360851287842
171,0.17382371425628662,0.1531301587820053,0.14443428814411163,0.18131977319717407,0.20501761138439178
172,0.17681682109832764,0.15951202809810638,0.14175869524478912,0.17872470617294312,0.19332890212535858
173,0.1694355010986328,0.13721443712711334,0.15256191790103912,0.1792762726545334,0.1976356953382492
174,0.17093484103679657,0.14491702616214752,0.13771973550319672,0.17408239841461182,0.18951541185379028
175,0.15706785023212433,0.14193390309810638,0.14081047475337982,0.18923427164554596,0.18282000720500946
176,0.1723928302526474,0.1388326734304428,0.1473093032836914,0.16922688484191895,0.1847599744796753
177,0.14854563772678375,0.13106563687324524,0.14362116158008575,0.17506420612335205,0.20368516445159912
178,0.1501442790031433,0.13058345019817352,0.14098313450813293,0.17059357464313507,0.19402162730693817
179,0.1578666865825653,0.1360376626253128,0.14051653444766998,0.16576255857944489,0.19236408174037933
180,0.17634041607379913,0.13361477851867676,0.1494704633951187,0.17681775987148285,0.18286049365997314
181,0.16417181491851807,0.14414435625076294,0.13893833756446838,0.1734987050294876,0.19194526970386505
182,0.1554809808731079,0.12659911811351776,0.1386861950159073,0.15409134328365326,0.1918206661939621
183,0.1575743854045868,0.12822474539279938,0.14800740778446198,0.16517914831638336,0.19659648835659027
184,0.1591503620147705,0.12768200039863586,0.1406394988298416,0.17853127419948578,0.1851901412010193
185,0.16093625128269196,0.1273135095834732,0.12857423722743988,0.178819939494133,0.18066705763339996
186,0.1771649569272995,0.12349998205900192,0.13409177958965302,0.17486949265003204,0.1804584115743637
187,0.16091014444828033,0.13271644711494446,0.15165716409683228,0.16293670237064362,0.18962503969669342
188,0.16030754148960114,0.12472816556692123,0.1418597549200058,0.18035030364990234,0.18116706609725952
189,0.1661641150712967,0.134194016456604,0.1434069126844406,0.1669299602508545,0.17824383080005646
190,0.15752531588077545,0.13054250180721283,0.13866537809371948,0.16220545768737793,0.1854635328054428
191,0.1588181108236313,0.1364414244890213,0.14412344992160797,0.16879145801067352,0.18925641477108002
192,0.1534322053194046,0.13079175353050232,0.14468763768672943,0.16322140395641327,0.18876369297504425
193,0.1659780889749527,0.13115258514881134,0.14372286200523376,0.1752602458000183,0.18945330381393433
194,0.15929172933101654,0.1341315060853958,0.13631917536258698,0.16240639984607697,0.17915259301662445
195,0.19025640189647675,0.14227616786956787,0.14323820173740387,0.1690479964017868,0.17447781562805176
196,0.16042552888393402,0.1356821209192276,0.14611440896987915,0.16218601167201996,0.1768660545349121
197,0.15083245933055878,0.13598209619522095,0.13675151765346527,0.16796515882015228,0.18169498443603516
198,0.1810591220855713,0.13181018829345703,0.14828193187713623,0.1566227376461029,0.1816243976354599
199,0.16172082722187042,0.12961743772029877,0.13483279943466187,0.17789244651794434,0.18861980736255646
200,0.14878882467746735,0.13445451855659485,0.1310483068227768,0.1780332773923874,0.18439845740795135
201,0.15796799957752228,0.13349522650241852,0.13897199928760529,0.15740059316158295,0.18721245229244232
202,0.16573719680309296,0.12523292005062103,0.15621085464954376,0.1615043431520462,0.17643606662750244
203,0.15560732781887054,0.12511414289474487,0.13556897640228271,0.1578824669122696,0.18202318251132965
204,1.951329231262207,6.195169448852539,2.0804762840270996,5.068225383758545,3.7834465503692627
205,0.9558812975883484,1.3645496368408203,1.3786553144454956,1.5606998205184937,1.0555201768875122
206,0.6221029162406921,0.5689852237701416,0.6298373341560364,0.6051340103149414,0.45988306403160095
207,0.317670613527298,0.43254873156547546,0.4573165476322174,0.41121330857276917,0.36858025193214417
208,0.28101617097854614,0.3615052402019501,0.374622106552124,0.38262662291526794,0.32354485988616943
209,0.24790596961975098,0.3219112455844879,0.31847748160362244,0.35619521141052246,0.28391948342323303
210,0.21632671356201172,0.2826186418533325,0.31113818287849426,0.3385753929615021,0.2692241966724396
211,0.21912415325641632,0.26203298568725586,0.2541927993297577,0.30914902687072754,0.24075065553188324
212,0.1964263767004013,0.2332911640405655,0.23055870831012726,0.29051098227500916,0.22341220080852509
213,0.1824832409620285,0.22135239839553833,0.20558802783489227,0.26969459652900696,0.2059258222579956
214,0.17466764152050018,0.23160356283187866,0.19099485874176025,0.24368172883987427,0.20180964469909668
215,0.15841703116893768,0.19178444147109985,0.20349539816379547,0.22582310438156128,0.18558692932128906
216,0.14946776628494263,0.17544932663440704,0.17923106253147125,0.21490828692913055,0.17071188986301422
217,0.14349596202373505,0.17261922359466553,0.16000907123088837,0.21115200221538544,0.15959812700748444
218,0.1378421187400818,0.17329289019107819,0.16912372410297394,0.2116689532995224,0.15577828884124756
219,0.13124190270900726,0.16651535034179688,0.16520312428474426,0.20120660960674286,0.1552734225988388
220,0.12547363340854645,0.16630451381206512,0.15466667711734772,0.2000402808189392,0.1471555083990097
221,0.12345155328512192,0.15714919567108154,0.1540607362985611,0.195778489112854,0.14400947093963623
222,0.12006225436925888,0.15088967978954315,0.14651913940906525,0.1900435835123062,0.1359923630952835
223,0.12141964584589005,0.14771591126918793,0.14326022565364838,0.19100813567638397,0.1345711052417755
224,0.1091144010424614,0.14681202173233032,0.13776735961437225,0.18967558443546295,0.12743259966373444
225,0.10659518837928772,0.14030595123767853,0.14091159403324127,0.18156154453754425,0.12213721126317978
226,0.10751012712717056,0.13960520923137665,0.1378912776708603,0.18394120037555695,0.12183871120214462
227,0.10707855224609375,0.1329353153705597,0.13461437821388245,0.18286769092082977,0.1211608350276947
228,0.10546804219484329,0.13491849601268768,0.13203856348991394,0.1835344284772873,0.1235739216208458
229,0.10362257808446884,0.13264481723308563,0.13085706532001495,0.17957861721515656,0.11904939264059067
230,0.10562360286712646,0.13401658833026886,0.14265592396259308,0.17729957401752472,0.12354955822229385
231,0.10488858819007874,0.12819363176822662,0.13529372215270996,0.1776186227798462,0.12009183317422867
232,0.104347825050354,0.13255345821380615,0.13394269347190857,0.17645151913166046,0.11542511731386185
233,0.10247543454170227,0.12557469308376312,0.131369948387146,0.17890356481075287,0.11839812994003296
234,0.10103011876344681,0.1287095844745636,0.13177615404129028,0.1766059845685959,0.1173127070069313
235,0.10268024355173111,0.12524759769439697,0.13033795356750488,0.1768629550933838,0.1190844401717186
236,0.10272481292486191,0.13087129592895508,0.13093365728855133,0.17615275084972382,0.1149907186627388
237,0.10483095049858093,0.1279882788658142,0.12721242010593414,0.17862416803836823,0.11740806698799133
238,0.1022723913192749,0.12765569984912872,0.12842150032520294,0.1763572245836258,0.11852952837944031
239,0.10100328177213669,0.13013052940368652,0.12842459976673126,0.17489361763000488,0.11797872185707092
240,0.10070299357175827,0.1256563812494278,0.1302807480096817,0.17563320696353912,0.1177762970328331
241,0.10085892677307129,0.128379687666893,0.12873779237270355,0.1754077523946762,0.11354395002126694
242,0.10276421159505844,0.12746715545654297,0.13134291768074036,0.17665882408618927,0.11751925200223923
243,0.1030917540192604,0.12363503128290176,0.12935149669647217,0.17370086908340454,0.11862591654062271
244,0.09952995181083679,0.12939944863319397,0.12921768426895142,0.17842763662338257,0.11950182914733887
245,0.10292837023735046,0.13102950155735016,0.13233980536460876,0.17718780040740967,0.11541198939085007
246,0.10181576013565063,0.12809288501739502,0.12938697636127472,0.17467935383319855,0.11471221596002579
247,0.10069284588098526,0.12448675185441971,0.12813641130924225,0.17648954689502716,0.11806855350732803
248,0.10146164149045944,0.13271905481815338,0.13124682009220123,0.1810205727815628,0.11740323901176453
249,0.09994521737098694,0.1279531568288803,0.13283564150333405,0.17587901651859283,0.12033072113990784
250,0.09940093755722046,0.13072150945663452,0.12623365223407745,0.17336301505565643,0.116361103951931
251,0.10196294635534286,0.12472721934318542,0.12644118070602417,0.17609596252441406,0.11649736016988754
252,0.102970652282238,0.13301245868206024,0.13115160167217255,0.17566026747226715,0.11641966551542282
253,0.10444130748510361,0.1246454119682312,0.1308794617652893,0.1834689825773239,0.11622221022844315
254,0.09821352362632751,0.12556982040405273,0.12782257795333862,0.17521972954273224,0.11424041539430618
