Epoch,Train Loss,Train Accuracy,Val Loss,Val Accuracy
0,1.656418666587341,2.659034046131518,1.6334805972454596,2.5442509959392665
1,0.1996339114486161,1.9390719429665333,46616.44030382288,0.5188029212677235
2,0.20923975981681509,11.59808413297453,16079354.416081544,0.5188029212677235
3,0.8071868967858292,21.05126018925127,1795147.2102371033,4.412758260775274
4,0.3261282756049956,11.009894539811803,63547.411249761186,4.421151257037447
5,0.04558137053031497,5.251877970994969,11306.239591105508,4.412758260775274
6,0.09674780588647804,8.195933951254935,2760.970613235133,4.412758260775274
7,0.06203757250875808,5.318312180047765,872.5554452564588,4.412758260775274
8,0.07610781562604739,4.680930581744522,356.0407689303902,4.410359062619189
9,0.08118364063620198,4.38684903369656,169.4932801949398,4.3515941269752325
10,0.07488928316862356,4.333846123505336,82.78956953940968,3.9004828039740826
11,0.06752733094922435,3.7214095298540983,30.802598378551735,3.312258046082779
12,0.07433388982495069,4.942334131426835,13.740720156702286,6.985423435089851
13,0.06914780186378756,4.343065993307288,7.099459429939448,7.24623308880817
14,0.07222054450639878,4.414118761932493,3.78461312597056,7.990794925270564
15,0.0740136317504606,4.715930449020635,2.231966770457555,9.102909478939765
16,0.07639408691729623,4.449219656923621,1.2616346350581806,8.974020506087143
17,0.0810708644005818,4.715930449020638,0.741565533919743,8.642283522492402
18,0.08064848533771822,4.0474957964428135,0.45317248054971937,8.322567706208302
19,0.07579496727208467,4.445222154178573,0.264634481989735,7.915751809888999
20,0.07682818175328161,4.224794538067961,0.1482012325552122,7.14423285482732
21,0.0752891633559284,4.676180777800046,0.10442193944533151,6.435027606203872
22,0.07852295836278017,4.841487374764082,0.0783404843957334,5.683194976386199
23,0.07500652694701804,4.106363625182531,0.06527901928206535,4.76700891092753
24,0.07826180962776372,4.584999697079841,0.062097514779966514,3.739933839042649
25,0.08243938654985628,4.960286730063539,0.05322994372420247,3.2400443994958805
26,0.07614372180433562,4.439219150556398,0.054021214468546276,3.021791277614898
27,0.08127142584923015,4.247875285886396,0.049416527266698,3.0164114646021125
28,0.07997106162236485,4.003331945600646,0.052316987092671685,2.874244789310513
29,0.08025100982609051,4.177186719418811,0.04975661879720263,2.768637747175369
30,0.07944135075971252,4.504812241740309,0.05147592685169375,2.7630557259870523
31,0.07905744719136902,4.409081537009716,0.048074812522802365,2.7666966104953525
32,0.07561967503635465,4.452215428550402,0.0509261330063136,2.8005837863418033
33,0.08150438255018723,4.669522935423322,0.04995799402749831,2.8089837620282263
34,0.08043350519782373,4.78701948560433,0.054060091423576505,2.8028453454824755
35,0.07716568118146708,4.335896677735761,0.05415549904067128,2.8074329327748706
36,0.079670452965145,4.344089215371973,0.050546237086896956,2.8156540047436236
37,0.07996935682386354,4.1825032376954985,0.05632986468039979,2.861174427571116
38,0.07807485318236222,3.9553058597843544,0.05322096971072802,2.8823062635677763
39,0.08474671102419871,4.455209185760963,0.05526526030559806,2.9136921674133514
40,0.08154765722266505,4.475116385823574,0.05473095674083953,2.9524372587434606
41,0.07853266143060393,4.49987654151632,0.058194733013492095,3.009160151713037
42,0.0771875390525325,4.197353663652586,0.05500988635874342,3.018990241600123
43,0.08016811190944968,4.745055906473131,0.05417319317963172,3.01564213642314
44,0.07610110423905912,4.333846123505339,0.05862904009983128,3.0359105527329717
45,0.08129008859194176,4.263540521418529,0.05755024001152717,3.0825270591563347
46,0.07736594677499985,4.3379462626659855,0.05778353095283441,3.0580763364866077
47,0.08133217993393993,4.762818959864466,0.05487084597921331,3.050947453371285
48,0.08082466591211313,4.134408462323641,0.05737835461244702,3.0637208939227714
49,0.07763288527035375,4.981744451271843,0.05896311927139531,3.0859124906721753
50,0.07865865807844029,4.138706185378334,0.056450308428714215,3.1258235027108965
51,1.656418662869544,2.659034046131518,1.621914260014412,2.5442509959392665
52,0.18114668454790736,2.1066033745766606,3675769.0758855576,0.5188029212677235
53,0.24109127330478136,8.225704968099832,66840.6964519098,4.412758260775274
54,0.023218417851526472,2.7092434368288134,4636.581071789024,4.412758260775274
55,0.03769039012848555,3.249957264676291,419.9158011761809,4.412758260775274
56,0.03004307776822021,2.4083189157584592,86.87288211747709,4.412758260775274
57,0.03270767160936963,1.5549205052920818,28.58492384657004,4.425993110168181
58,0.03303089380571715,1.8457157599876146,11.722688439444589,4.493235219697999
59,0.06254752967601279,2.935226661700178,4.3166870671508075,3.1556022576335527
60,0.05526514508972248,2.7296723450097637,1.6130372306834544,6.4202408830995905
61,0.06963200095678194,3.58546448253996,0.7951435666221339,10.308263554581496
62,0.06311046760480613,3.0973106614179597,0.3307417818605174,6.184366168455241
63,0.06554752995847028,2.8955905173978675,0.16869230465450794,4.603194188204332
64,0.0882580564596075,3.1134118476895023,0.11994570053659943,3.987494840804575
65,0.06972595607583078,3.2379691852215733,0.09266399109658745,3.000362869277915
66,0.06508876444965674,3.332666599986663,0.04811621550561004,1.6245825291928329
67,0.0743079737217685,3.303197104489998,0.02363629953289938,1.108948436705253
68,0.05552125390180304,3.3983656202487786,0.0227062107410712,1.2247861495634238
69,0.05468806049467059,3.106623747915269,0.02920987139385523,1.4834613500535518
70,0.06844228361170615,3.213513134665342,0.031196006387954514,1.6249999648177182
71,0.06484325994941523,3.360886126537991,0.0351564401893018,1.664543565360199
72,0.0727134584608495,2.9465610840812757,0.038840557756012466,1.578895215283845
73,0.08270339493859326,3.3389951915043063,0.04042065748702659,1.6937008439870656
74,0.07770428286901673,3.196178273431499,0.04185906982932488,1.6472002231493013
75,0.06735480505978124,3.4791442115043814,0.040889581787592715,1.640131011211201
76,0.07604244471571106,3.4146742157927727,0.0412955787379604,1.6140230882878006
77,0.07508812458300286,3.165789352155671,0.04417023939593186,1.726297984663386
78,0.07534978059764665,3.7064508330447032,0.04162030827692068,1.7508751229854773
79,0.07228446628242485,3.541186241925152,0.04446191143443349,1.803283504440702
80,0.06854838968278336,3.1205412635915852,0.04500090223281662,1.8280265617938527
81,0.07594452659269625,3.2683669044680705,0.044551426273163865,1.8467359885311014
82,0.0694109159381761,3.6902273341594802,0.046115575981244335,1.8866934512740634
83,0.060214428457374486,3.466346139028177,0.04232012657329441,1.8602080842706048
84,0.07974280213600266,3.3239868966181074,0.045560943866459834,1.8757445652552789
85,0.07411892978417353,3.333333333333333,0.04447512883870352,1.858336130404611
86,0.05402103626837791,3.438992100407719,0.04484064230809693,1.7852285791289273
87,0.06527717411452726,3.518838192105771,0.04546875930096609,1.8190707031926758
88,0.07970615452201568,3.5502738548518273,0.04646730383259222,1.8587682870866817
89,0.06314295803420417,3.079682523320293,0.046709690264355404,1.8570198342349136
90,0.06490656302563064,3.556527644893107,0.04593089426016571,1.8606014349448459
91,0.06604446423247566,3.544322533605291,0.04538102653118213,1.87469757245444
92,0.07784339214120164,3.1982634176829303,0.04647983837117233,1.84885139641549
93,0.06240542653998169,3.4522134606333035,0.045130636321362,1.8643867817272837
94,0.0678857914240797,3.1633315770982127,0.04631309532933491,1.8706373257582507
95,0.06853326993277313,3.8108033565407466,0.04525621460595094,1.897212295825764
96,0.07454301779131542,3.2937651538761683,0.04305334154978407,1.8601217278671052
97,0.061386765511861854,3.3934577580331777,0.045262029907560036,1.8469775959533745
98,0.061138315548713365,3.4182516648784698,0.046927801258427555,1.8726494872382928
99,0.07102254373718028,2.9713446264088716,0.04509456781883907,1.8515043075355897
100,0.05438319733617091,3.459929350595342,0.045737281634410924,1.883436317293492
101,0.06936924828919597,3.288025412175383,0.04397801283905173,1.8411121014917176
102,1.6564187702114077,2.659034046131518,1.6656490178591854,2.5442509959392665
103,0.15175960940049096,3.0458228833990058,1277994.1803825481,0.502444233115962
104,0.16411903813524792,10.320302416853327,24016.281962416586,4.803097316517225
105,0.12123312016863762,8.609899556346193,1966.799901913811,8.246067833045727
106,0.06180989603031067,4.555067724557854,304.5356356640185,5.893110602104177
107,0.0688123060843191,5.567542623473801,75.50917939554252,6.718580583975741
108,0.05594518996690889,3.9659040661277203,23.3974012646083,10.509541572017161
109,0.05427206418951122,2.8156528966774084,7.518485431316739,13.30713713007763
110,0.046800385576008206,2.398559238324766,2.6195594789493284,14.620079361889145
111,0.036958851761792345,1.3432961119739897,1.0716738907256553,13.788285503325183
112,0.03624821531285975,1.3579214326624147,0.36599159632484296,10.065295547261941
113,0.039438500969937486,1.7713773674115243,0.25802672890635053,9.137228579356643
114,0.03640168862250915,1.4463235640242675,0.2113660182248374,8.702195606033087
115,0.03526898807489104,1.2519614240891825,0.15591469587272602,7.258447417081407
116,0.03473177045622303,1.334443981866883,0.12504876947710433,5.953106980377173
117,0.03291461859645857,1.2892719737209153,0.09516791272907965,4.625952737955042
118,0.03299038002412059,1.1987647963787738,0.06695376163546751,3.4665824505874894
119,0.03410765558453743,1.3120523928111592,0.0419763530237524,1.9840441624728877
120,0.03326684307339156,1.0648132045076377,0.034961779484993336,1.5194096691500818
121,0.03284896381734982,1.109776976816333,0.027687232426401816,1.2996605300629913
122,0.029928933498487905,1.5501493356973586,0.02942171837360556,1.2372408655829976
123,0.03011372763465723,1.1230470016438472,0.02531228276731391,1.1173983311842615
124,0.03274458927640539,1.4253437965177413,0.02465291452699788,1.0314465588687112
125,0.028984760594267207,1.0503379820530199,0.025407553978099094,1.0016684313550945
126,0.03059286736243046,0.7535922203472546,0.02625494491780384,0.9564573840437121
127,0.029194851362233955,1.1221672153735638,0.02613890192887133,0.9779559811562518
128,0.027863537521347702,1.1287488977066922,0.025591560407187425,1.0163153458417953
129,0.03087028587922495,1.2118753959498652,0.025275719236481774,1.015173171329585
130,0.030627617161585484,1.2484063915722805,0.02825679226962405,1.0517354340037899
131,0.026685022731070946,0.9306840707276443,0.0272191464499868,1.0497139910083162
132,0.028393073357132866,1.2404698432846986,0.029488814140904106,1.092195717252754
133,0.028470843505986176,1.0193195503270842,0.02864582327965294,1.0446859840301619
134,0.029784342633780107,1.134422134942243,0.026890193822792494,1.0640518496660227
135,0.028559085051766537,1.041366623454223,0.02691415334667816,1.0858201027301613
136,0.030549955034282365,1.0666666666666653,0.024482673487335824,1.096517773742631
137,0.029785196481321864,1.0071350394333012,0.025462294353530226,1.1016332550886647
138,0.02940722420523886,0.7993824777157755,0.026946680023237964,1.124404630996301
139,0.03168568645521559,1.1938112016500717,0.026518247478757754,1.144542755616908
140,0.029262473315472808,0.9542626912703946,0.0295984535040313,1.1137184057247145
141,0.02997346783761121,1.269976183309295,0.02478899050978431,1.110846028190608
142,0.028390801939349106,1.085482199272871,0.02801616337315225,1.130341631309886
143,0.030863067713271807,1.0526861584290688,0.0273617060579216,1.1011470902544924
144,0.028862702293884438,1.213911136333125,0.025346066871009643,1.1237059668074534
145,0.03127418039414605,0.9568466729604925,0.02479777215977811,1.1234517993769506
146,0.029788190118902633,0.7710822921287757,0.026402294287227283,1.1234517993769506
147,0.03036942371236651,1.139633902662938,0.027773247448788323,1.10043365997623
148,0.02836811994289982,0.9762614505106141,0.027549844511791297,1.1030581024822566
149,0.02844970475686383,1.103082101865856,0.02909711164886306,1.0914764360342346
150,0.02717644769835554,0.9952975856248343,0.027212473341391225,1.1068057259630297
151,0.025873509233137342,0.7938031599774112,0.026690154078430808,1.1114082501096105
152,0.031920090338333235,1.038517461826481,0.02759097579226388,1.0961596101617048
153,1.6564186831695367,2.659034046131518,1.605906134707706,2.5442509959392665
154,0.18234112079679082,3.6719658676699773,1884410.878824016,4.412758260775274
155,0.18943613745986526,7.562443755530059,15557.928077895129,8.767053994288366
156,0.040554623140732805,1.3235054464061196,576.1365896761995,10.521770857683364
157,0.05375021678914273,2.0604745947367453,35.88065907391402,13.197961242443354
158,0.040633969557534344,1.9532024984624599,3.9807026773508922,10.329376402234915
159,0.03854059866626919,1.5928660402627148,3.1111196286986975,11.987664639608687
160,0.02930267799351381,0.9783773414292795,0.7139294347211995,7.750899192736816
161,0.017108409265472573,1.1702326454361305,0.19162928412094168,6.037670089969513
162,0.018777935225415664,0.841625411530174,0.08520957469540855,3.701002943945316
163,0.021247810591174345,0.9695359714832642,0.21379693658545104,9.049676197216264
164,0.020816350836387738,1.0211649121360278,0.07239608082937722,3.820507413276167
165,0.01594473658592565,0.9723968097209915,0.01691366669727062,0.7508190922356767
166,0.01537774021352432,0.9392668535736886,0.028857455114260636,1.207467797253488
167,0.020290697585179138,0.9938701010583714,0.015063532653471568,0.44107758804015995
168,0.015754999003700164,1.091634859587519,0.01160835211852941,0.6719356266014711
169,0.01917081704414137,1.1138022964402425,0.017732323415046963,0.9886292642689498
170,0.017740656573082565,1.0074720839804934,0.017771848452470096,1.1552991996532362
171,0.021425459234125654,0.9058452161134115,0.02678358651539421,1.2095207251299738
172,0.017744813812141214,1.0972187060421832,0.014621767423947142,0.8567615693287176
173,0.020931171677517645,1.1413929112175953,0.017922756433090003,0.7881182131887464
174,0.01925613028620746,1.2057731498457283,0.015418973005003037,0.6879482135812383
175,0.020250687933199063,1.1671427600007755,0.015344612264062718,0.7311881675237056
176,0.016908725875779382,1.140175425099135,0.0196513112045594,0.8075145462613563
177,0.025966149195865974,1.234458945809414,0.018465458843480245,0.8520403933934555
178,0.02261154335293955,1.216324152701264,0.017114090694529373,0.8270171054156124
179,0.020138932727551018,1.0482790129010955,0.01893895871031297,0.81236267409326
180,0.019007932983908994,1.2521093313995308,0.017445558774123425,0.7766661775275349
181,0.019405484278514223,1.1311253000638106,0.017030307573986218,0.718631054522701
182,0.021980530735134042,1.1266962520770407,0.01682076202448362,0.692061117661262
183,0.022457051372731067,1.200231459159254,0.016063883902762505,0.6459044280926417
184,0.02182862180912274,1.31719398723195,0.01842058683404116,0.640493237287612
185,0.02334928432459453,1.095952148184906,0.015328619009240369,0.6395450602506548
186,0.024158263247400454,1.0211649121360251,0.016950883953305143,0.668847230322375
187,0.018439969380079864,1.2206555615733703,0.014552383651660679,0.6212835308881507
188,0.021948086156568996,1.3017082793177777,0.01875940846587618,0.6089221970878111
189,0.016344219077024193,0.9428090415820656,0.014467660702912884,0.6467329004859642
190,0.019241830922195714,1.1286668635558035,0.016341658945276026,0.6598470080495559
191,0.018656771562237242,1.2505554321536045,0.015883699375465313,0.6393775889275088
192,0.019470317107458016,1.0306416555826863,0.015957299126532883,0.6288505141137195
193,0.021104643239764635,1.1022703842524313,0.016304929965153914,0.6153369921778793
194,0.016960853593794727,1.1100550536897782,0.01451708365821218,0.6149307716455362
195,0.01858786549951345,1.1796892246124226,0.016529496755796035,0.6170749084391098
196,0.014166585471634328,1.0814085465005565,0.015843201096689304,0.6597388009304223
197,0.01784457589272556,1.1606990230986765,0.01694277923436654,0.6392659170047379
198,0.019258314109929415,1.2092238098144699,0.015901146627145295,0.6305228787593689
199,0.023186097432841304,1.0389631583672476,0.019826670860124584,0.6435790317233875
200,0.022038993929002243,1.2409673645990866,0.015601143122037885,0.6559947251945555
201,0.018823206824113946,1.2957194483717902,0.0171595779941321,0.6427464941426791
202,0.017228787382560017,1.0972187060421847,0.01667551829603161,0.6522291572086149
203,0.019692341818691495,1.1284207253207161,0.01729182171765429,0.6333473100203673
204,1.6564187081458666,2.659034046131518,1.6484027191510284,2.5442509959392665
205,0.22346517368537822,7.473496875998246,258199.225493167,0.5309765050566964
206,0.062286459394692725,3.6666909090107707,1578.9402879054865,5.331904542216645
207,0.04940357222443371,2.571432804229318,141.2680659162678,4.369256758917977
208,0.03773417674106041,2.079914528158415,29.99770621892639,5.453155008752657
209,0.036852066707021715,1.7990614837248389,6.046909460431928,9.879550838762487
210,0.04126491116916904,2.0698899595013396,2.196823193559256,13.92979738112237
211,0.029837361894730463,1.3586921816380795,0.9451015784494406,12.666949018540398
212,0.030744715539835613,1.5818975946628142,0.37846095604757046,9.238690815241773
213,0.02912023578983414,1.5626757678915837,0.14619223619702945,6.971968006896006
214,0.02556299947100742,1.116820884873172,0.2662257229222766,11.64425672309216
215,0.02209036084241148,1.0654993612803785,0.17667807582967318,9.266777131593008
216,0.021153899261209166,1.0777754868245957,0.07546440338829724,4.690838931306771
217,0.022842396435391536,0.984863216673033,0.04010765697229327,1.9600050056803635
218,0.024426405956531297,1.3208751307792557,0.04434206412796464,2.5947163403074605
219,0.022544576983316234,1.2869257079481242,0.06274865765965942,3.3058717374548956
220,0.024577949103791977,1.158082706699118,0.04213188132728661,2.1588880700733055
221,0.023598398376647726,1.0579645026601276,0.041517827045396465,1.9383119167134295
222,0.02323982464991264,0.9697651491183024,0.05666744015786413,2.508324769539603
223,0.023487342281285056,1.1543925771687138,0.057785039758560294,2.5483236002153737
224,0.026861032334416435,1.3108775686539151,0.054416625725597134,2.4746548384264275
225,0.02509516404724531,1.221001410500595,0.039038984470419806,1.8342258570469534
226,0.025705556940363233,1.220127497891554,0.032744794559310064,1.5924252160739099
227,0.025550666514629464,1.0658330075579394,0.02874647790284703,1.3848570682791528
228,0.02593433576791856,1.0799176923368832,0.023160522899666126,1.174406479960499
229,0.025423709513946024,1.1531599098901137,0.02457571680722695,1.0235427704590059
230,0.02378928559948511,1.1263313110369546,0.023852179905297775,0.9889000350589606
231,0.024395983391784806,0.9564750098379162,0.02194932629211873,0.8890679812708023
232,0.02456789407059915,0.9794329425177052,0.020548091570607965,0.8598807814954085
233,0.025675620355516977,1.051052382667537,0.02496095783886932,0.8756974721143208
234,0.02518432945748503,1.0569557964056764,0.01877133721329373,0.8224073205089472
235,0.024822588281652683,1.1795290962451443,0.018725071800348637,0.781363082043715
236,0.0248776386307493,1.1642069308236307,0.017726671314066515,0.8199076955273804
237,0.025142836084089484,1.0978767386794082,0.01907077505207969,0.8244881604479872
238,0.024719534351514267,1.0339997850848668,0.01715830693261509,0.8187095249390687
239,0.02450336676611943,1.1302703708012136,0.018615447320816627,0.8383348883692425
240,0.024936192285086447,1.1722722474844394,0.01913054375911673,0.8363525277052758
241,0.025235684991000183,1.33825757361329,0.019050597504705266,0.8446344990799491
242,0.024804047670105835,1.0518977559101872,0.01785331940707325,0.8505937508523459
243,0.023679586383179924,1.0279645475944728,0.01650206276499591,0.8428363896603289
244,0.02599022586865684,1.2220201853215575,0.01867459677140946,0.8451203886810282
245,0.025151832051668946,1.1757550765359277,0.017897146698975516,0.8468082681110297
246,0.02460886250415545,1.1269624858194884,0.016648121183466445,0.8487031200397063
247,0.025280473311480964,1.1096345744833707,0.01730987630867969,0.8322235286687759
248,0.02663377968546943,1.29998290587052,0.014960220669462622,0.8444231555262628
249,0.024916887272762322,1.0873004286866728,0.019171063970926883,0.8433233152617052
250,0.0245532327651951,1.2895477243333553,0.020804778861493463,0.83275952728724
251,0.02502018041608214,0.9846826900072907,0.018516538312812893,0.836288502351236
252,0.024467489872589534,1.2386372439993143,0.01730413839317121,0.834322672502385
253,0.027249948415700078,0.9719625049924048,0.019322326642906142,0.844423155526264
254,0.025737028395231135,0.9475113602367904,0.016434432548408703,0.8383348883692384
