Epoch,Repetition 1,Repetition 2,Repetition 3,Repetition 4,Repetition 5
0,0.7971815466880798,0.7971815466880798,0.7971815466880798,0.7971815466880798,0.7971815466880798
1,0.5847944617271423,0.5841576457023621,0.5842419266700745,0.5869936347007751,0.5889419913291931
2,0.5620075464248657,0.5647239685058594,0.5665709972381592,0.5510412454605103,0.552386462688446
3,0.5208680629730225,0.499830424785614,0.5096545219421387,0.5235642790794373,0.5124776363372803
4,0.45019808411598206,0.4452801048755646,0.44398805499076843,0.4404648542404175,0.43878185749053955
5,0.37118104100227356,0.3772183954715729,0.3882845640182495,0.3811851739883423,0.3817701041698456
6,0.31678298115730286,0.3191956579685211,0.31156331300735474,0.3240055441856384,0.31296250224113464
7,0.2541407346725464,0.2607353925704956,0.25569504499435425,0.2558996081352234,0.25348371267318726
8,0.20976248383522034,0.21546153724193573,0.20872220396995544,0.20952913165092468,0.20834332704544067
9,0.1681463122367859,0.17022563517093658,0.1616368591785431,0.16640760004520416,0.16518548130989075
10,0.13162386417388916,0.1338554471731186,0.13661979138851166,0.13147638738155365,0.13334211707115173
11,0.10860369354486465,0.1100032851099968,0.1093321144580841,0.11021609604358673,0.11205287277698517
12,0.10409295558929443,0.11073322594165802,0.1045774295926094,0.10770485550165176,0.10800331085920334
13,0.10605508089065552,0.10698242485523224,0.10132910311222076,0.10473429411649704,0.1017441675066948
14,0.10323762893676758,0.10468511283397675,0.10441421717405319,0.10368013381958008,0.10443227738142014
15,0.10080671310424805,0.10240338742733002,0.09995469450950623,0.10230693221092224,0.10159149020910263
16,0.09845677763223648,0.10391297936439514,0.10088974982500076,0.09917301684617996,0.09697824716567993
17,0.09601327776908875,0.09820559620857239,0.09805982559919357,0.09601014107465744,0.09946531802415848
18,0.09564685076475143,0.10087749361991882,0.09524444490671158,0.09573067724704742,0.0978410542011261
19,0.0927894115447998,0.09528420865535736,0.09337063878774643,0.09467040002346039,0.09790746122598648
20,0.09251641482114792,0.09571902453899384,0.09115304052829742,0.09258998185396194,0.09638208895921707
21,0.09174653887748718,0.09356678277254105,0.09161537885665894,0.09193965792655945,0.09263870120048523
22,0.08925464749336243,0.09493685513734818,0.0907321572303772,0.09031034260988235,0.0919908806681633
23,0.09315416216850281,0.08954715728759766,0.09061834961175919,0.08869220316410065,0.08927742391824722
24,0.08915198594331741,0.09384797513484955,0.08955097198486328,0.09454216063022614,0.09445346146821976
25,0.0870320200920105,0.09232272207736969,0.09290982782840729,0.09202103316783905,0.09220656007528305
26,0.08723447471857071,0.0922597125172615,0.09295269101858139,0.0924738347530365,0.09257399290800095
27,0.09121698141098022,0.09058518707752228,0.09271298348903656,0.09246167540550232,0.09500308334827423
28,0.09075445681810379,0.09129907190799713,0.09166810661554337,0.09074640274047852,0.09021212160587311
29,0.08892523497343063,0.09261508285999298,0.08875280618667603,0.09206105768680573,0.09084445238113403
30,0.08867067843675613,0.09078226238489151,0.09184905886650085,0.08821585029363632,0.09147791564464569
31,0.08960958570241928,0.08942625671625137,0.08965867757797241,0.09184115380048752,0.08818912506103516
32,0.09015413373708725,0.0905594527721405,0.09056888520717621,0.09099496155977249,0.09062942862510681
33,0.09088900685310364,0.0902918353676796,0.09424354881048203,0.09016411006450653,0.08960173279047012
34,0.09066715091466904,0.09171435981988907,0.08922974020242691,0.09194976091384888,0.09013085812330246
35,0.08992062509059906,0.09109188616275787,0.08872393518686295,0.08960885554552078,0.09137675911188126
36,0.08987842500209808,0.09037823230028152,0.09153943508863449,0.08834701776504517,0.09199920296669006
37,0.08859896659851074,0.08982260525226593,0.09111984819173813,0.09274915605783463,0.08947449922561646
38,0.09109878540039062,0.0898577868938446,0.0934228003025055,0.08939529210329056,0.09157606214284897
39,0.09052744507789612,0.08846171200275421,0.08956736326217651,0.0886063277721405,0.09118036180734634
40,0.08811299502849579,0.09111578017473221,0.09099044650793076,0.09342211484909058,0.09196744114160538
41,0.0885111540555954,0.09270910918712616,0.0914781466126442,0.09100741893053055,0.09323099255561829
42,0.08976619690656662,0.09009825438261032,0.0935407355427742,0.09035774320363998,0.08909164369106293
43,0.09005115181207657,0.0906609445810318,0.09011304378509521,0.08953484147787094,0.09136822074651718
44,0.0914418026804924,0.08958277851343155,0.08627445250749588,0.09032576531171799,0.08885456621646881
45,0.08961503952741623,0.09279528260231018,0.0915265679359436,0.08829806745052338,0.09229886531829834
46,0.08682265877723694,0.0896938368678093,0.08991366624832153,0.0893438458442688,0.08963566273450851
47,0.08964809030294418,0.09102319180965424,0.0914815217256546,0.09071869403123856,0.09268796443939209
48,0.08956576138734818,0.09114447236061096,0.0883745402097702,0.08815110474824905,0.08909374475479126
49,0.09163714200258255,0.09085381776094437,0.08737090975046158,0.08957013487815857,0.08935636281967163
50,0.08890432119369507,0.0936577171087265,0.08920550346374512,0.0880291610956192,0.08857259154319763
51,0.7971815466880798,0.7971815466880798,0.7971815466880798,0.7971815466880798,0.7971815466880798
52,0.5712610483169556,0.5884613394737244,0.5694434642791748,0.579268217086792,0.5775537490844727
53,0.4781736731529236,0.4858475625514984,0.4925246238708496,0.484921932220459,0.47193023562431335
54,0.3475680947303772,0.3506239950656891,0.3425438404083252,0.35411548614501953,0.3494699001312256
55,0.23580339550971985,0.22872695326805115,0.23570579290390015,0.23290736973285675,0.23552115261554718
56,0.15267197787761688,0.156728133559227,0.15210288763046265,0.15230214595794678,0.1587631106376648
57,0.10440623015165329,0.09676620364189148,0.10428100824356079,0.10107101500034332,0.1012691929936409
58,0.06719780713319778,0.06691356003284454,0.06891700625419617,0.06832263618707657,0.06591059267520905
59,0.04688243567943573,0.04701962321996689,0.0501406230032444,0.04748361557722092,0.046338073909282684
60,0.03524594008922577,0.03363494575023651,0.035767778754234314,0.03400507569313049,0.034156739711761475
61,0.026737641543149948,0.025118114426732063,0.027653146535158157,0.025785915553569794,0.025745149701833725
62,0.02252648025751114,0.0225055031478405,0.023670364171266556,0.0220322422683239,0.020640619099140167
63,0.02269381657242775,0.021655868738889694,0.021409526467323303,0.021605364978313446,0.021477598696947098
64,0.021351031959056854,0.02040502056479454,0.021965835243463516,0.02036544680595398,0.021066423505544662
65,0.020872481167316437,0.020717639476060867,0.02198575809597969,0.020240016281604767,0.020411767065525055
66,0.021250346675515175,0.019443761557340622,0.02212141640484333,0.021086912602186203,0.01963932253420353
67,0.020394641906023026,0.020243067294359207,0.0212949737906456,0.019484130665659904,0.019604410976171494
68,0.021165940910577774,0.019739095121622086,0.020444680005311966,0.02009975165128708,0.020085815340280533
69,0.021053697913885117,0.018689308315515518,0.020811405032873154,0.01937287673354149,0.019753508269786835
70,0.019034406170248985,0.018523160368204117,0.020122606307268143,0.018579665571451187,0.018772194162011147
71,0.01972648687660694,0.020338349044322968,0.019894476979970932,0.018977977335453033,0.018653344362974167
72,0.019844364374876022,0.01855694130063057,0.01988498494029045,0.018721092492341995,0.01834014803171158
73,0.01928626373410225,0.018199944868683815,0.019555628299713135,0.01872089132666588,0.018699977546930313
74,0.01972592994570732,0.01924465224146843,0.01984240673482418,0.018948869779706,0.01964666321873665
75,0.019447222352027893,0.018977809697389603,0.020220894366502762,0.01782303676009178,0.01937945932149887
76,0.01899068057537079,0.01837853528559208,0.020738238468766212,0.01940537430346012,0.018607493489980698
77,0.018420618027448654,0.017904028296470642,0.018784981220960617,0.019479811191558838,0.019189998507499695
78,0.018340982496738434,0.01869884878396988,0.020861271768808365,0.019900307059288025,0.01954932138323784
79,0.01998259127140045,0.018869571387767792,0.020490635186433792,0.01870545744895935,0.01876593753695488
80,0.019751068204641342,0.01865951344370842,0.020188383758068085,0.01812123879790306,0.01856544241309166
81,0.01943020522594452,0.01837872713804245,0.019908346235752106,0.01883643865585327,0.019447799772024155
82,0.019110916182398796,0.018927276134490967,0.019372887909412384,0.018850017338991165,0.019672302529215813
83,0.0199069045484066,0.02004145458340645,0.02047698386013508,0.019073456525802612,0.018954072147607803
84,0.018373999744653702,0.01829071342945099,0.019008640199899673,0.01870463602244854,0.018777288496494293
85,0.0188999455422163,0.018828514963388443,0.018974177539348602,0.018297500908374786,0.018422473222017288
86,0.019292745739221573,0.01842891052365303,0.019428979605436325,0.018482748419046402,0.018737157806754112
87,0.019325891509652138,0.019553497433662415,0.02046649530529976,0.018432166427373886,0.01978544145822525
88,0.01972561702132225,0.01809905283153057,0.02063675969839096,0.017726343125104904,0.01746620424091816
89,0.0188291072845459,0.01920827478170395,0.019189581274986267,0.017851896584033966,0.01879970356822014
90,0.01857336238026619,0.01932339370250702,0.019797440618276596,0.019309869036078453,0.01912696473300457
91,0.01956593245267868,0.019311966374516487,0.021050846204161644,0.018228672444820404,0.01934116892516613
92,0.019118376076221466,0.018281208351254463,0.019399374723434448,0.018832173198461533,0.019148919731378555
93,0.019318753853440285,0.018989665433764458,0.020280513912439346,0.019790159538388252,0.01849321462213993
94,0.018306013196706772,0.01936478540301323,0.0200578011572361,0.01983148418366909,0.018051624298095703
95,0.01936640962958336,0.019019093364477158,0.020155124366283417,0.01851501315832138,0.01993316411972046
96,0.018945273011922836,0.01849844865500927,0.01952080987393856,0.018359478563070297,0.01859196648001671
97,0.01925668865442276,0.01833878830075264,0.019553817808628082,0.01959260366857052,0.018713314086198807
98,0.019692741334438324,0.018655821681022644,0.0191446915268898,0.018871882930397987,0.018442925065755844
99,0.019767532125115395,0.01904299482703209,0.019853312522172928,0.019143041223287582,0.017588669434189796
100,0.0192374549806118,0.0178820863366127,0.019360359758138657,0.018636267632246017,0.018473271280527115
101,0.018989264965057373,0.017423655837774277,0.019739989191293716,0.018994655460119247,0.018566254526376724
102,nan,0.7971815466880798,nan,nan,0.7971815466880798
103,nan,0.6570892333984375,nan,nan,0.6578179597854614
104,nan,0.6232751607894897,nan,nan,0.6170758008956909
105,nan,0.5663951635360718,nan,nan,0.5687374472618103
106,nan,0.5213645100593567,nan,nan,0.5262155532836914
107,nan,0.4996544122695923,nan,nan,0.5043200254440308
108,nan,0.4887978732585907,nan,nan,0.48566436767578125
109,nan,0.4755820035934448,nan,nan,0.47408327460289
110,nan,0.46993038058280945,nan,nan,0.46244096755981445
111,nan,0.4665757417678833,nan,nan,0.4746604561805725
112,nan,0.47008708119392395,nan,nan,0.46938836574554443
113,nan,0.45290738344192505,nan,nan,0.45984989404678345
114,nan,0.46986937522888184,nan,nan,0.4642469584941864
115,nan,0.4604197144508362,nan,nan,0.46289873123168945
116,nan,0.45204490423202515,nan,nan,0.4609090983867645
117,nan,0.45525744557380676,nan,nan,0.4576176702976227
118,nan,0.46293628215789795,nan,nan,0.4613969326019287
119,nan,0.4434114992618561,nan,nan,0.44625431299209595
120,nan,0.4509505033493042,nan,nan,0.4590889811515808
121,nan,0.45509612560272217,nan,nan,0.44762709736824036
122,nan,0.4567393660545349,nan,nan,0.4578692615032196
123,nan,0.4646555185317993,nan,nan,0.446847140789032
124,nan,0.4452536404132843,nan,nan,0.45241808891296387
125,nan,0.4549844264984131,nan,nan,0.44436216354370117
126,nan,0.45551520586013794,nan,nan,0.4508790969848633
127,nan,0.43285489082336426,nan,nan,0.4503884017467499
128,nan,0.4463496804237366,nan,nan,0.4360482096672058
129,nan,0.45326483249664307,nan,nan,0.45413938164711
130,nan,0.44458478689193726,nan,nan,0.45302319526672363
131,nan,0.45273181796073914,nan,nan,0.45501017570495605
132,nan,0.4497426152229309,nan,nan,0.446308434009552
133,nan,0.4392249584197998,nan,nan,0.449862539768219
134,nan,0.4458325505256653,nan,nan,0.4427372217178345
135,nan,0.4436537027359009,nan,nan,0.44535183906555176
136,nan,0.4499931335449219,nan,nan,0.44810593128204346
137,nan,0.44853830337524414,nan,nan,0.4439302086830139
138,nan,0.4505016803741455,nan,nan,0.4473247528076172
139,nan,0.4472717046737671,nan,nan,0.4471076428890228
140,nan,0.45339444279670715,nan,nan,0.44721120595932007
141,nan,0.4562974274158478,nan,nan,0.4391762316226959
142,nan,0.4403303861618042,nan,nan,0.44924142956733704
143,nan,0.43814271688461304,nan,nan,0.45003455877304077
144,nan,0.44059765338897705,nan,nan,0.4510510563850403
145,nan,0.4482609033584595,nan,nan,0.4497752785682678
146,nan,0.4476650059223175,nan,nan,0.45027291774749756
147,nan,0.44798022508621216,nan,nan,0.4495142698287964
148,nan,0.4475135803222656,nan,nan,0.4437711238861084
149,nan,0.44363272190093994,nan,nan,0.4451862573623657
150,nan,0.4473347067832947,nan,nan,0.4487720727920532
151,nan,0.4599679410457611,nan,nan,0.4358140230178833
152,nan,0.44853436946868896,nan,nan,0.45138561725616455
