Epoch,Repetition 1,Repetition 2,Repetition 3,Repetition 4,Repetition 5
0,50.0,50.0,50.0,50.0,50.0
1,83.33333333333333,83.33333333333333,79.0,78.66666666666667,81.66666666666667
2,85.66666666666667,88.0,87.66666666666667,88.0,88.66666666666667
3,90.66666666666667,93.66666666666667,91.33333333333333,90.0,92.66666666666667
4,98.0,98.33333333333333,97.33333333333333,97.33333333333333,98.0
5,100.0,99.66666666666667,99.66666666666667,99.66666666666667,99.66666666666667
6,100.0,100.0,99.66666666666667,100.0,100.0
7,100.0,100.0,100.0,100.0,100.0
8,100.0,100.0,100.0,100.0,100.0
9,100.0,100.0,100.0,100.0,100.0
10,100.0,100.0,100.0,100.0,100.0
11,100.0,100.0,100.0,100.0,100.0
12,100.0,100.0,100.0,100.0,100.0
13,100.0,100.0,100.0,100.0,100.0
14,100.0,100.0,100.0,100.0,100.0
15,100.0,100.0,100.0,100.0,100.0
16,100.0,100.0,100.0,100.0,100.0
17,100.0,100.0,100.0,100.0,100.0
18,100.0,100.0,100.0,100.0,100.0
19,100.0,100.0,100.0,100.0,100.0
20,100.0,100.0,100.0,100.0,100.0
21,100.0,100.0,100.0,100.0,100.0
22,100.0,100.0,100.0,100.0,100.0
23,100.0,100.0,100.0,100.0,100.0
24,100.0,100.0,100.0,100.0,100.0
25,100.0,100.0,100.0,100.0,100.0
26,100.0,100.0,100.0,100.0,100.0
27,100.0,100.0,100.0,100.0,100.0
28,100.0,100.0,100.0,100.0,100.0
29,100.0,100.0,100.0,100.0,100.0
30,100.0,100.0,100.0,100.0,100.0
31,100.0,100.0,100.0,100.0,100.0
32,100.0,100.0,100.0,100.0,100.0
33,100.0,100.0,100.0,100.0,100.0
34,100.0,100.0,100.0,100.0,100.0
35,100.0,100.0,100.0,100.0,100.0
36,100.0,100.0,100.0,100.0,100.0
37,100.0,100.0,100.0,100.0,100.0
38,100.0,100.0,100.0,100.0,100.0
39,100.0,100.0,100.0,100.0,100.0
40,100.0,100.0,100.0,100.0,100.0
41,100.0,100.0,100.0,100.0,100.0
42,100.0,100.0,100.0,100.0,100.0
43,100.0,100.0,100.0,100.0,100.0
44,100.0,100.0,100.0,100.0,100.0
45,100.0,100.0,100.0,100.0,100.0
46,100.0,100.0,100.0,100.0,100.0
47,100.0,100.0,100.0,100.0,100.0
48,100.0,100.0,100.0,100.0,100.0
49,100.0,100.0,100.0,100.0,100.0
50,100.0,100.0,100.0,100.0,100.0
51,50.0,50.0,50.0,50.0,50.0
52,85.66666666666667,84.33333333333333,83.66666666666667,83.0,83.66666666666667
53,91.83333333333333,92.83333333333333,91.5,93.16666666666667,92.83333333333333
54,99.33333333333333,98.83333333333333,99.16666666666667,99.0,99.66666666666667
55,100.0,100.0,100.0,100.0,100.0
56,100.0,100.0,100.0,100.0,100.0
57,100.0,100.0,100.0,100.0,100.0
58,100.0,100.0,100.0,100.0,100.0
59,100.0,100.0,100.0,100.0,100.0
60,100.0,100.0,100.0,100.0,100.0
61,100.0,100.0,100.0,100.0,100.0
62,100.0,100.0,100.0,100.0,100.0
63,100.0,100.0,100.0,100.0,100.0
64,100.0,100.0,100.0,100.0,100.0
65,100.0,100.0,100.0,100.0,100.0
66,100.0,100.0,100.0,100.0,100.0
67,100.0,100.0,100.0,100.0,100.0
68,100.0,100.0,100.0,100.0,100.0
69,100.0,100.0,100.0,100.0,100.0
70,100.0,100.0,100.0,100.0,100.0
71,100.0,100.0,100.0,100.0,100.0
72,100.0,100.0,100.0,100.0,100.0
73,100.0,100.0,100.0,100.0,100.0
74,100.0,100.0,100.0,100.0,100.0
75,100.0,100.0,100.0,100.0,100.0
76,100.0,100.0,100.0,100.0,100.0
77,100.0,100.0,100.0,100.0,100.0
78,100.0,100.0,100.0,100.0,100.0
79,100.0,100.0,100.0,100.0,100.0
80,100.0,100.0,100.0,100.0,100.0
81,100.0,100.0,100.0,100.0,100.0
82,100.0,100.0,100.0,100.0,100.0
83,100.0,100.0,100.0,100.0,100.0
84,100.0,100.0,100.0,100.0,100.0
85,100.0,100.0,100.0,100.0,100.0
86,100.0,100.0,100.0,100.0,100.0
87,100.0,100.0,100.0,100.0,100.0
88,100.0,100.0,100.0,100.0,100.0
89,100.0,100.0,100.0,100.0,100.0
90,100.0,100.0,100.0,100.0,100.0
91,100.0,100.0,100.0,100.0,100.0
92,100.0,100.0,100.0,100.0,100.0
93,100.0,100.0,100.0,100.0,100.0
94,100.0,100.0,100.0,100.0,100.0
95,100.0,100.0,100.0,100.0,100.0
96,100.0,100.0,100.0,100.0,100.0
97,100.0,100.0,100.0,100.0,100.0
98,100.0,100.0,100.0,100.0,100.0
99,100.0,100.0,100.0,100.0,100.0
100,100.0,100.0,100.0,100.0,100.0
101,100.0,100.0,100.0,100.0,100.0
102,nan,50.0,nan,nan,50.0
103,nan,71.55555555555556,nan,nan,70.11111111111111
104,nan,75.88888888888889,nan,nan,78.55555555555556
105,nan,82.0,nan,nan,82.11111111111111
106,nan,83.22222222222223,nan,nan,83.22222222222223
107,nan,83.33333333333333,nan,nan,83.11111111111111
108,nan,83.33333333333333,nan,nan,83.33333333333333
109,nan,83.33333333333333,nan,nan,83.33333333333333
110,nan,83.33333333333333,nan,nan,83.33333333333333
111,nan,83.33333333333333,nan,nan,83.33333333333333
112,nan,83.33333333333333,nan,nan,83.33333333333333
113,nan,83.33333333333333,nan,nan,83.33333333333333
114,nan,83.33333333333333,nan,nan,83.33333333333333
115,nan,83.33333333333333,nan,nan,83.33333333333333
116,nan,83.33333333333333,nan,nan,83.33333333333333
117,nan,83.33333333333333,nan,nan,83.33333333333333
118,nan,83.33333333333333,nan,nan,83.33333333333333
119,nan,83.33333333333333,nan,nan,83.33333333333333
120,nan,83.33333333333333,nan,nan,83.33333333333333
121,nan,83.33333333333333,nan,nan,83.33333333333333
122,nan,83.33333333333333,nan,nan,83.33333333333333
123,nan,83.44444444444444,nan,nan,83.33333333333333
124,nan,83.33333333333333,nan,nan,83.33333333333333
125,nan,83.33333333333333,nan,nan,83.33333333333333
126,nan,83.33333333333333,nan,nan,83.33333333333333
127,nan,83.33333333333333,nan,nan,83.33333333333333
128,nan,83.33333333333333,nan,nan,83.33333333333333
129,nan,83.33333333333333,nan,nan,83.33333333333333
130,nan,83.33333333333333,nan,nan,83.33333333333333
131,nan,83.33333333333333,nan,nan,83.33333333333333
132,nan,83.33333333333333,nan,nan,83.33333333333333
133,nan,83.33333333333333,nan,nan,83.33333333333333
134,nan,83.33333333333333,nan,nan,83.44444444444444
135,nan,83.33333333333333,nan,nan,83.33333333333333
136,nan,83.33333333333333,nan,nan,83.33333333333333
137,nan,83.33333333333333,nan,nan,83.33333333333333
138,nan,83.33333333333333,nan,nan,83.22222222222223
139,nan,83.33333333333333,nan,nan,83.33333333333333
140,nan,83.33333333333333,nan,nan,83.33333333333333
141,nan,83.33333333333333,nan,nan,83.33333333333333
142,nan,83.33333333333333,nan,nan,83.33333333333333
143,nan,83.33333333333333,nan,nan,83.33333333333333
144,nan,83.33333333333333,nan,nan,83.33333333333333
145,nan,83.33333333333333,nan,nan,83.33333333333333
146,nan,83.33333333333333,nan,nan,83.33333333333333
147,nan,83.33333333333333,nan,nan,83.33333333333333
148,nan,83.33333333333333,nan,nan,83.33333333333333
149,nan,83.33333333333333,nan,nan,83.33333333333333
150,nan,83.33333333333333,nan,nan,83.33333333333333
151,nan,83.33333333333333,nan,nan,83.33333333333333
152,nan,83.33333333333333,nan,nan,83.33333333333333
