Epoch,Train Loss,Train Accuracy,Val Loss,Val Accuracy
0,0.7855958104133606,54.35149978876215,0.7825324058532714,55.40768905787917
1,0.7568427681922912,51.00000000000001,0.7164008378982544,55.51330798479087
2,0.7537845253944397,52.733333333333334,0.6959791421890259,59.032530629488804
3,0.7558241367340088,50.53333333333334,0.6919820666313171,58.12843261512463
4,0.7409865021705627,52.73333333333333,0.6917220711708069,56.10054921841994
5,0.7223111748695373,53.333333333333336,0.691811740398407,54.42332065906211
6,0.7178262829780578,55.6,0.6920704483985901,52.65737220109844
7,0.7043668270111084,56.33333333333333,0.6921138763427734,51.820870299957754
8,0.701168167591095,56.4,0.6918980479240417,52.272919307139844
9,0.6911759853363038,58.0,0.6910767436027527,53.00802703844529
10,0.6951018691062927,56.133333333333326,0.6902739882469178,54.013519222644696
11,0.6932841420173645,57.266666666666666,0.6892291903495789,55.24714828897338
12,0.6859991312026977,59.06666666666668,0.6885051250457763,56.45542881284325
13,0.6879313230514527,58.46666666666666,0.6876708984375,57.465145754119135
14,0.6879701018333435,57.13333333333334,0.6867519855499268,57.883396704689474
15,0.6857346415519714,57.6,0.6862235069274902,58.56780735107732
16,0.6899757623672486,57.73333333333333,0.6854256391525269,58.91001267427123
17,0.6764678359031677,60.6,0.6843658089637756,59.32826362484157
18,0.6754837274551392,61.06666666666668,0.6833023071289063,59.746514575411915
19,0.6731964349746704,61.0,0.6827544331550598,59.92817912970004
20,0.6806322336196899,59.13333333333334,0.6820961833000183,60.3041825095057
21,0.6828771829605103,58.6,0.6809321999549866,60.53654414871145
22,0.674895966053009,58.73333333333333,0.6802770733833313,60.68018588931136
23,0.6839019417762756,59.06666666666666,0.6799363732337952,60.92944655682298
24,0.6822593569755554,59.6,0.679618501663208,61.208280523869874
25,0.6766041398048401,61.06666666666666,0.6788737297058105,61.42796789184622
26,0.6669499039649963,61.53333333333334,0.6782880663871765,61.63075623151669
27,0.6786683917045593,59.8,0.6774256348609924,62.07435572454583
28,0.6719479560852051,58.86666666666666,0.6767673134803772,62.33629066328687
29,0.6724725961685181,62.06666666666666,0.676119327545166,62.6362484157161
30,0.6785344958305359,59.2,0.675788938999176,62.85593578369244
31,0.6766876339912414,60.06666666666666,0.6746600031852722,63.1263202365864
32,0.6741376280784607,60.0,0.6741652250289917,63.32065906210393
33,0.6745098471641541,59.26666666666667,0.6736297130584716,63.66708914237431
34,0.6797871470451355,59.2,0.6730066299438476,63.967046894803545
35,0.6729199409484863,62.46666666666666,0.6719380736351013,64.19518377693284
36,0.6805741667747498,61.0,0.6717389464378357,64.41064638783271
37,0.6762594938278198,60.733333333333334,0.6712283849716186,64.65990705534432
38,0.6739565134048462,59.0,0.6704312205314636,64.8626953950148
39,0.6753472208976745,62.266666666666666,0.670397162437439,65.06548373468526
40,0.6678041696548462,61.13333333333334,0.6691603779792785,65.29362061681454
41,0.6809508323669433,60.6,0.6687507033348083,65.32741867342628
42,0.6745737671852112,59.13333333333334,0.6685510039329529,65.4837346852556
43,0.6821168303489685,59.533333333333324,0.6671099305152893,65.5766793409379
44,0.6823159575462341,58.733333333333334,0.6663851976394654,65.72877059569075
45,0.6901925206184387,57.46666666666666,0.6664941310882568,65.72877059569075
46,0.6803388118743896,60.266666666666666,0.6659722924232483,65.64427545416139
47,0.6801263689994812,59.6,0.6657431125640869,65.8005914659907
48,0.6752466559410095,60.13333333333334,0.6651103973388672,65.93155893536121
49,0.6772775411605835,62.13333333333334,0.6649397730827331,66.04140261934938
50,0.6746253848075867,60.6,0.6646325826644898,66.10477397549641
51,0.7855957984924317,54.35149978876215,0.7821285963058472,55.40768905787917
52,0.7749822497367859,50.266666666666666,0.6963621258735657,59.446556822982686
53,0.7442837476730346,51.53333333333334,0.6922941923141479,55.79636670891424
54,0.7375784397125245,52.26666666666667,0.6928350687026977,51.71102661596958
55,0.7109283685684205,55.06666666666668,0.6927333354949952,52.36163920574567
56,0.6941937208175659,55.56666666666666,0.6908908724784851,56.096324461343464
57,0.6844660520553589,57.1,0.6875041007995606,61.96873679763414
58,0.6801243782043457,58.36666666666666,0.6818137049674988,64.24165610477397
59,0.6752548217773438,61.333333333333336,0.6747515797615051,63.47697507393325
60,0.6535812020301819,62.9,0.666199791431427,62.040557667934095
61,0.6521316170692444,65.7,0.6568405389785766,60.66751161808196
62,0.6471714735031128,66.39999999999999,0.6539490103721619,60.54076890578792
63,0.6384387135505676,68.13333333333334,0.6506201028823853,60.73088297422898
64,0.6401840925216675,65.93333333333332,0.6474205017089844,61.153358681875794
65,0.6275217175483704,67.36666666666666,0.6443772673606872,61.75327418673427
66,0.6256461024284363,68.79999999999998,0.6420642256736755,62.644697929869025
67,0.6374363303184509,66.93333333333334,0.6380396723747254,63.637515842839036
68,0.629275667667389,67.53333333333333,0.6331268191337586,64.74017743979721
69,0.6321243047714233,67.43333333333334,0.6302363276481628,65.75411913814955
70,0.6211148023605346,67.2,0.6260869026184082,66.90325306294889
71,0.6248437166213989,68.73333333333333,0.6221205115318298,67.73130544993663
72,0.6349516749382019,67.26666666666667,0.6198785662651062,68.55090832277145
73,0.6206753969192504,68.03333333333333,0.6176685690879822,69.3367131389945
74,0.6249972105026245,67.5,0.6164996385574341,69.94507815800591
75,0.6246774673461915,67.73333333333333,0.6138755559921265,70.3041825095057
76,0.6241419196128846,68.56666666666666,0.6114577770233154,70.75623151668779
77,0.6298270106315613,67.69999999999999,0.6114508628845214,71.1660329531052
78,0.6263179779052734,68.43333333333332,0.609075665473938,71.35614702154626
79,0.6250752210617065,67.3,0.6077229499816894,71.4828897338403
80,0.6224566578865052,68.36666666666666,0.607169771194458,71.6434305027461
81,0.6215272188186646,67.93333333333332,0.6077126026153564,71.79129700042247
82,0.6256328821182251,68.3,0.6065947532653808,71.87156738487536
83,0.6295169949531555,68.23333333333332,0.6052865028381348,71.93916349809885
84,0.6257712841033936,69.03333333333333,0.6055580735206604,71.87579214195185
85,0.6260322570800781,66.63333333333333,0.605198347568512,71.93916349809885
86,0.6265226840972901,67.13333333333334,0.6041579365730285,72.00253485424588
87,0.6236867904663086,67.36666666666667,0.6044879674911499,72.01098436839882
88,0.6272860288619995,67.26666666666665,0.605463695526123,72.11237853823405
89,0.6117872476577759,68.16666666666667,0.6041808009147644,72.13772708069287
90,0.6131253480911255,69.23333333333332,0.6045463681221008,72.16307562315167
91,0.6247963905334473,69.23333333333333,0.6047077298164367,72.1461765948458
92,0.6231549263000489,68.8,0.6048935174942016,72.15040135192228
93,0.6335469484329224,67.23333333333333,0.6038532495498657,72.17574989438108
94,0.6253488659858704,67.36666666666667,0.6040416598320008,72.12082805238698
95,0.6230596780776978,68.16666666666666,0.6039124131202698,72.1461765948458
96,0.6205531597137451,68.86666666666666,0.6040509104728699,72.1335023236164
97,0.6295673489570618,68.93333333333334,0.6047096729278565,72.15462610899871
98,0.6184064507484436,69.13333333333334,0.6052045106887818,72.10392902408111
99,0.6216909885406494,68.2,0.6045398473739624,72.1081537811576
100,0.6254398107528687,67.80000000000001,0.6040796995162964,72.06590621039291
101,0.6249870896339417,69.0,0.6040727615356445,72.09970426700464
102,0.7855958223342896,54.35149978876215,0.7831870675086975,55.40768905787917
103,0.7634244322776794,51.266666666666666,0.696322214603424,59.311364596535704
104,0.7522797107696533,51.355555555555554,0.6920574545860291,56.44275454161385
105,0.7313453078269958,51.488888888888894,0.6923116445541382,53.56991972961555
106,0.7082945942878723,54.644444444444446,0.691968810558319,53.8149556400507
107,0.6984219551086426,56.42222222222222,0.6903833031654358,57.418673426278
108,0.6853854298591614,58.15555555555555,0.6870763897895813,62.555978031263194
109,0.6810683488845826,60.15555555555555,0.6818713545799255,65.65694972539079
110,0.6779276132583618,61.37777777777778,0.6749168992042541,64.61765948457963
111,0.663726544380188,62.511111111111106,0.6663613677024841,61.65610477397549
112,0.6476951479911804,64.86666666666666,0.6574569940567017,59.383185466835656
113,0.6450207710266114,66.75555555555556,0.6542520165443421,58.931136459653565
114,0.6402913331985474,66.73333333333332,0.6506578683853149,58.95648500211238
115,0.6346609473228455,66.91111111111111,0.6480931997299194,59.44655682298268
116,0.636226499080658,66.6,0.6447338342666626,60.126742712294046
117,0.6393724083900452,66.11111111111111,0.6415607094764709,61.09843683988171
118,0.6350612998008728,66.86666666666666,0.6380480289459228,62.15040135192227
119,0.635067343711853,66.95555555555555,0.6346644878387451,63.25306294888044
120,0.634823203086853,67.42222222222223,0.6312520146369934,64.40219687367976
121,0.6316833734512329,67.26666666666667,0.6269426822662354,65.49218419940853
122,0.6286904215812683,67.31111111111112,0.6235352516174316,66.69201520912547
123,0.6299153089523315,67.75555555555556,0.6205753445625305,67.69328263624843
124,0.6267975568771362,68.57777777777778,0.6182729721069335,68.7029995775243
125,0.620274543762207,69.6888888888889,0.6160297513008117,69.62399662019433
126,0.6262274742126465,68.4,0.6137805342674255,70.2365863962822
127,0.6292599439620972,67.6,0.6124336957931519,70.78158005914659
128,0.6247373819351196,67.93333333333335,0.609885323047638,71.2167300380228
129,0.6278263330459595,68.2,0.6095681667327881,71.47444021968737
130,0.6287068128585815,68.53333333333333,0.608105731010437,71.6941275876637
131,0.625070083141327,68.46666666666665,0.6063967823982239,71.82087029995776
132,0.6342404127120972,66.53333333333333,0.6063329100608825,71.87156738487538
133,0.6265454292297363,67.66666666666666,0.6059956550598145,72.06168145331644
134,0.6233801007270813,68.88888888888889,0.6045071005821228,72.21377270806929
135,0.6276081562042236,67.84444444444443,0.605032992362976,72.29404309252219
136,0.6291940569877624,66.97777777777779,0.6044114112854004,72.30671736375157
137,0.6289188385009765,67.97777777777777,0.6046510934829712,72.41233629066329
138,0.6253628253936767,67.93333333333332,0.6040785551071167,72.45035910435149
139,0.624268651008606,68.13333333333334,0.6034271955490113,72.45458386142796
140,0.6282044649124146,67.91111111111111,0.6036068558692932,72.48415716096324
141,0.6283524751663208,68.33333333333333,0.6034676432609558,72.52640473172792
142,0.6285457849502564,66.6,0.6030882239341736,72.52640473172792
143,0.6276309251785278,67.66666666666667,0.6035856008529663,72.55175327418674
144,0.6275758862495422,68.11111111111111,0.6040231108665466,72.58977608787495
145,0.6281014323234558,68.02222222222221,0.6026804089546204,72.5982256020279
146,0.6278805255889892,68.24444444444444,0.602911901473999,72.5686523024926
147,0.628508698940277,68.08888888888889,0.6036476135253906,72.56865230249261
148,0.6304168343544007,67.46666666666667,0.6034847617149353,72.57287705956908
149,0.6268338680267334,68.0,0.6026863217353821,72.56442754541614
150,0.6261567115783692,67.97777777777779,0.6034713864326477,72.57710181664554
151,0.6241613507270813,68.77777777777777,0.6040020823478699,72.5855513307985
152,0.6248350858688354,68.82222222222222,0.6029684543609619,72.58977608787494
153,0.7855957984924317,54.35149978876215,0.782209324836731,55.40768905787917
154,0.7578246712684631,51.46666666666666,0.6922023057937622,58.23405154203633
155,0.7320463538169861,51.88333333333334,0.6922075986862183,54.372623574144484
156,0.7116047024726868,54.016666666666666,0.6907520413398742,58.495986480777354
157,0.6903585433959961,56.18333333333332,0.6858158707618713,65.53443177017321
158,0.6811359167098999,59.533333333333324,0.6768943190574646,63.78960709759188
159,0.6692564725875855,61.78333333333334,0.6650058269500733,59.39585973806506
160,0.6487910509109497,65.1,0.6523123145103454,57.54964089564851
161,0.6343196749687194,66.71666666666667,0.6401739835739135,57.3637515842839
162,0.6161341905593872,68.05,0.6296765804290771,57.841149133924795
163,0.6035691380500794,68.86666666666666,0.6165579199790955,59.539501478664974
164,0.5970462441444397,70.25,0.6099524140357971,60.91254752851711
165,0.5888249993324279,70.48333333333333,0.6015943169593811,62.826362484157166
166,0.5905699014663697,70.3,0.5931734681129456,65.12885509083227
167,0.5901719450950622,71.26666666666667,0.5866043925285339,67.27925644275453
168,0.5869361162185669,71.36666666666666,0.5780852198600769,69.26489226869455
169,0.5787320494651794,71.78333333333333,0.5721616625785828,71.06886354034643
170,0.5809555649757385,71.36666666666666,0.5667405009269715,72.4630333755809
171,0.5792588233947754,72.05,0.5622383952140808,73.31643430502746
172,0.5833312034606933,71.81666666666666,0.5580297946929932,74.08534009294466
173,0.5707643151283264,72.31666666666666,0.5559143185615539,74.71905365441486
174,0.576208746433258,72.28333333333333,0.5538760781288147,74.91761723700887
175,0.5728888750076294,73.11666666666667,0.552538788318634,74.96408956485001
176,0.5726754903793335,72.95,0.5520947694778442,75.07393324883819
177,0.5767884373664856,72.66666666666667,0.5513401627540588,75.15842839036755
178,0.5744235157966614,72.38333333333334,0.5514705777168274,75.24292353189692
179,0.5776891589164734,72.2,0.5510881423950196,75.32319391634981
180,0.5751084566116333,72.88333333333334,0.5507570266723633,75.37389100126742
181,0.5765449285507203,72.56666666666666,0.5504596590995788,75.42881284326151
182,0.5722413420677185,72.01666666666668,0.5486530303955078,75.44148711449091
183,0.5724141955375671,72.86666666666666,0.5494777917861938,75.51753274186734
184,0.5729549288749695,72.9,0.5496520280838013,75.496408956485
185,0.5735594272613526,73.06666666666666,0.5483596086502075,75.49218419940853
186,0.5740780711174012,73.0,0.5489426374435424,75.5217574989438
187,0.5743848323822022,72.86666666666666,0.5497186064720154,75.49218419940853
188,0.5769642114639282,72.13333333333334,0.5502877831459045,75.53865652724969
189,0.5738887548446655,72.41666666666666,0.5497631549835205,75.54710604140261
190,0.5726819038391113,73.08333333333334,0.5502380013465882,75.55555555555556
191,0.5697737216949463,73.11666666666667,0.5497498989105225,75.60625264047317
192,0.5731656670570373,72.9,0.5487902283668518,75.50485847063794
193,0.5755917072296143,73.29999999999998,0.5500830769538879,75.4837346852556
194,0.5725820541381836,72.55,0.5497773289680481,75.45838614279678
195,0.5722753643989563,73.1,0.5487097501754761,75.47950992817913
196,0.5758270025253296,72.6,0.5497668623924256,75.5090832277144
197,0.5742176413536072,72.33333333333334,0.5502249121665954,75.4583861427968
198,0.5677122712135315,73.28333333333333,0.5495980024337769,75.44993662864384
199,0.5762904763221741,72.98333333333333,0.5507530331611633,75.42036332910858
200,0.5740662455558777,72.55,0.550796377658844,75.42881284326153
201,0.5760232210159302,73.38333333333334,0.5506552577018737,75.42036332910857
202,0.577019190788269,72.46666666666667,0.5477656245231628,75.44993662864385
203,0.5710618019104003,72.73333333333333,0.5496009349822998,75.4837346852556
204,0.7855958104133606,54.35149978876215,0.7825415253639221,55.40768905787917
205,0.7605483412742615,51.2,0.6922114014625549,58.52978453738909
206,0.7348713040351867,52.69333333333333,0.6922868967056275,53.97127165188002
207,0.7088822841644287,54.64,0.690989875793457,57.00042247570765
208,0.6912795066833496,56.90666666666666,0.6862128019332886,64.27967891846218
209,0.6795726180076599,59.89333333333333,0.6776757359504699,63.68398817068019
210,0.66332026720047,63.013333333333335,0.6662742853164673,59.716941275876636
211,0.6471694707870483,65.92,0.6535623788833618,57.58766370933671
212,0.6274165511131287,67.82666666666668,0.642563009262085,57.21588508660752
213,0.6141549944877625,68.52,0.6298711180686951,58.018588931136456
214,0.5977184414863587,69.64,0.6139016628265381,60.35065483734686
215,0.585740077495575,70.78666666666666,0.6073114037513733,61.75749894381072
216,0.5884957909584045,71.34666666666666,0.5989577174186707,63.895226024503586
217,0.5843887448310852,71.38666666666667,0.5907394528388977,65.98225602027884
218,0.5857829093933106,70.92,0.5828204393386841,68.00591465990706
219,0.5827630996704102,71.36,0.5753504276275635,70.04647232784114
220,0.5788581132888794,71.69333333333333,0.5682545661926269,71.56738487536967
221,0.5814088821411133,71.64,0.5642516136169433,72.77566539923956
222,0.5718076467514038,72.66666666666667,0.5589171528816224,73.60794254330376
223,0.5728700041770936,72.11999999999999,0.5547658324241638,74.1318124207858
224,0.572904622554779,72.76,0.5513547539710999,74.67258132657372
225,0.5720537304878235,72.97333333333333,0.5507089734077454,74.90071820870301
226,0.5696563363075257,73.17333333333333,0.5509939551353454,75.05703422053233
227,0.5701852321624756,72.90666666666667,0.5493689894676208,75.14152936206169
228,0.567837369441986,72.98666666666665,0.5489541888237,75.24292353189692
229,0.5724619150161743,72.47999999999999,0.5478898406028747,75.34009294465568
230,0.5735715627670288,72.75999999999999,0.5471867561340332,75.43726235741444
231,0.5689963459968567,73.14666666666668,0.5484289765357971,75.44993662864385
232,0.5709685802459716,72.92,0.5460597276687622,75.43726235741445
233,0.568772554397583,73.12,0.5471219897270203,75.45416138572031
234,0.5678673386573792,73.46666666666667,0.5479829668998718,75.47950992817913
235,0.5695357084274292,73.24000000000001,0.5462689280509949,75.47950992817913
236,0.5677770614624024,73.01333333333332,0.546576178073883,75.47528517110266
237,0.5691928625106811,73.50666666666666,0.546025025844574,75.4837346852556
238,0.5704720735549926,72.50666666666667,0.546454668045044,75.48795944233207
239,0.5703841805458069,73.12,0.5458639740943909,75.50485847063794
240,0.5717491269111633,72.32000000000001,0.545676875114441,75.50485847063793
241,0.5704671263694763,72.78666666666666,0.5464911699295044,75.50063371356147
242,0.570407509803772,72.82666666666667,0.5475213289260864,75.496408956485
243,0.5720325708389282,72.47999999999999,0.5458845138549805,75.496408956485
244,0.5681606650352478,73.05333333333334,0.546286690235138,75.496408956485
245,0.571691381931305,72.64000000000001,0.5464967727661133,75.5090832277144
246,0.5696245074272156,72.98666666666666,0.547052001953125,75.50063371356148
247,0.5717625737190246,72.84,0.5464141488075256,75.49218419940853
248,0.5702857136726379,72.8,0.545491099357605,75.48795944233207
249,0.5702437400817871,73.18666666666665,0.5467887043952941,75.50485847063794
250,0.5685644388198853,73.58666666666667,0.5472206234931946,75.496408956485
251,0.5696004509925843,73.16,0.5458156824111938,75.496408956485
252,0.5711349010467529,72.58666666666667,0.546334195137024,75.47528517110266
253,0.5709770917892456,73.01333333333334,0.5465059399604797,75.49218419940854
254,0.5678022265434265,73.4,0.5464189648628235,75.496408956485
