Epoch,Repetition 1,Repetition 2,Repetition 3,Repetition 4,Repetition 5
0,54.16138572032108,54.07689057879172,54.055766793409376,55.38656527249683,54.07689057879172
1,50.333333333333336,53.666666666666664,49.333333333333336,55.333333333333336,46.333333333333336
2,56.0,54.333333333333336,53.666666666666664,49.333333333333336,50.333333333333336
3,52.0,58.0,48.333333333333336,49.0,45.333333333333336
4,51.666666666666664,55.666666666666664,54.333333333333336,50.0,52.0
5,52.666666666666664,60.0,47.333333333333336,52.0,54.666666666666664
6,55.333333333333336,61.333333333333336,51.0,55.0,55.333333333333336
7,52.333333333333336,56.333333333333336,58.333333333333336,56.666666666666664,58.0
8,60.666666666666664,62.0,54.0,54.333333333333336,51.0
9,58.333333333333336,61.666666666666664,53.0,58.666666666666664,58.333333333333336
10,57.0,58.666666666666664,56.666666666666664,54.666666666666664,53.666666666666664
11,54.333333333333336,61.333333333333336,59.333333333333336,52.0,59.333333333333336
12,60.333333333333336,62.333333333333336,56.0,58.333333333333336,58.333333333333336
13,55.666666666666664,60.333333333333336,56.666666666666664,56.0,63.666666666666664
14,57.0,63.333333333333336,55.333333333333336,51.666666666666664,58.333333333333336
15,52.333333333333336,61.666666666666664,63.0,53.0,58.0
16,54.666666666666664,60.0,56.0,60.666666666666664,57.333333333333336
17,57.333333333333336,68.33333333333333,54.333333333333336,60.333333333333336,62.666666666666664
18,58.333333333333336,65.0,63.0,59.0,60.0
19,56.0,64.0,62.333333333333336,62.333333333333336,60.333333333333336
20,57.0,63.0,59.333333333333336,59.0,57.333333333333336
21,50.666666666666664,58.0,60.666666666666664,64.0,59.666666666666664
22,57.666666666666664,60.666666666666664,56.0,62.0,57.333333333333336
23,59.666666666666664,63.0,60.666666666666664,61.0,51.0
24,60.333333333333336,61.0,59.666666666666664,59.333333333333336,57.666666666666664
25,63.666666666666664,65.33333333333333,61.333333333333336,55.666666666666664,59.333333333333336
26,57.333333333333336,65.33333333333333,62.333333333333336,63.0,59.666666666666664
27,58.0,61.0,62.0,59.666666666666664,58.333333333333336
28,55.333333333333336,59.0,59.666666666666664,59.666666666666664,60.666666666666664
29,62.333333333333336,66.0,61.666666666666664,60.0,60.333333333333336
30,54.333333333333336,67.0,59.333333333333336,56.0,59.333333333333336
31,58.333333333333336,64.33333333333333,57.0,56.666666666666664,64.0
32,54.666666666666664,67.66666666666667,57.333333333333336,62.0,58.333333333333336
33,59.333333333333336,58.333333333333336,57.0,59.0,62.666666666666664
34,61.0,60.333333333333336,58.333333333333336,57.0,59.333333333333336
35,64.0,67.33333333333333,59.333333333333336,63.333333333333336,58.333333333333336
36,62.0,63.333333333333336,61.333333333333336,60.0,58.333333333333336
37,59.0,64.66666666666667,61.0,59.666666666666664,59.333333333333336
38,58.333333333333336,62.666666666666664,57.333333333333336,54.0,62.666666666666664
39,60.0,63.666666666666664,62.666666666666664,61.666666666666664,63.333333333333336
40,60.666666666666664,69.66666666666667,58.333333333333336,60.333333333333336,56.666666666666664
41,58.0,64.0,61.333333333333336,58.333333333333336,61.333333333333336
42,54.0,62.0,59.333333333333336,58.0,62.333333333333336
43,55.333333333333336,65.33333333333333,60.666666666666664,59.0,57.333333333333336
44,54.333333333333336,63.0,56.0,59.0,61.333333333333336
45,55.0,62.0,58.0,57.0,55.333333333333336
46,58.666666666666664,67.0,57.333333333333336,57.666666666666664,60.666666666666664
47,58.333333333333336,61.333333333333336,59.333333333333336,58.0,61.0
48,60.333333333333336,68.66666666666667,54.0,58.333333333333336,59.333333333333336
49,62.333333333333336,61.0,62.333333333333336,65.33333333333333,59.666666666666664
50,60.666666666666664,64.66666666666667,56.0,63.0,58.666666666666664
51,54.16138572032108,54.07689057879172,54.055766793409376,55.38656527249683,54.07689057879172
52,51.0,52.166666666666664,49.833333333333336,49.666666666666664,48.666666666666664
53,51.166666666666664,52.833333333333336,49.333333333333336,51.333333333333336,53.0
54,49.833333333333336,53.333333333333336,53.0,54.666666666666664,50.5
55,52.333333333333336,59.833333333333336,54.666666666666664,55.333333333333336,53.166666666666664
56,54.5,53.666666666666664,55.166666666666664,56.333333333333336,58.166666666666664
57,57.833333333333336,57.0,55.333333333333336,56.166666666666664,59.166666666666664
58,61.333333333333336,59.333333333333336,54.666666666666664,59.666666666666664,56.833333333333336
59,62.333333333333336,61.333333333333336,62.166666666666664,59.833333333333336,61.0
60,62.666666666666664,63.666666666666664,64.83333333333333,61.333333333333336,62.0
61,67.0,67.0,63.833333333333336,67.33333333333333,63.333333333333336
62,65.0,70.5,66.33333333333333,64.33333333333333,65.83333333333333
63,69.83333333333333,69.33333333333333,67.0,66.33333333333333,68.16666666666667
64,65.16666666666667,69.33333333333333,63.666666666666664,65.0,66.5
65,69.0,68.5,68.66666666666667,64.33333333333333,66.33333333333333
66,70.83333333333333,68.16666666666667,69.83333333333333,67.33333333333333,67.83333333333333
67,67.5,67.16666666666667,67.33333333333333,64.5,68.16666666666667
68,68.16666666666667,69.83333333333333,66.83333333333333,65.5,67.33333333333333
69,68.16666666666667,69.33333333333333,69.0,65.66666666666667,65.0
70,69.33333333333333,69.0,66.5,64.0,67.16666666666667
71,67.33333333333333,71.16666666666667,67.0,65.5,72.66666666666667
72,68.0,68.83333333333333,67.0,64.83333333333333,67.66666666666667
73,69.5,69.0,68.0,65.5,68.16666666666667
74,68.66666666666667,66.83333333333333,67.33333333333333,66.0,68.66666666666667
75,66.5,68.5,68.5,66.5,68.66666666666667
76,68.0,68.16666666666667,67.83333333333333,66.83333333333333,72.0
77,68.33333333333333,67.33333333333333,67.16666666666667,65.83333333333333,69.83333333333333
78,69.5,69.33333333333333,64.83333333333333,67.16666666666667,71.33333333333333
79,68.33333333333333,68.5,67.16666666666667,62.666666666666664,69.83333333333333
80,68.5,70.16666666666667,65.83333333333333,67.83333333333333,69.5
81,68.5,72.33333333333333,64.83333333333333,65.66666666666667,68.33333333333333
82,68.66666666666667,69.66666666666667,64.16666666666667,67.83333333333333,71.16666666666667
83,68.0,67.5,68.5,67.83333333333333,69.33333333333333
84,68.5,70.0,67.83333333333333,67.66666666666667,71.16666666666667
85,66.83333333333333,68.66666666666667,64.5,65.83333333333333,67.33333333333333
86,70.66666666666667,66.66666666666667,66.5,64.33333333333333,67.5
87,69.16666666666667,69.66666666666667,66.33333333333333,66.0,65.66666666666667
88,65.5,67.83333333333333,69.33333333333333,65.83333333333333,67.83333333333333
89,68.16666666666667,68.83333333333333,69.5,67.16666666666667,67.16666666666667
90,71.16666666666667,70.16666666666667,67.16666666666667,68.33333333333333,69.33333333333333
91,65.5,68.0,71.66666666666667,69.66666666666667,71.33333333333333
92,69.16666666666667,71.16666666666667,69.5,65.66666666666667,68.5
93,68.83333333333333,68.66666666666667,66.5,65.5,66.66666666666667
94,66.16666666666667,68.5,69.16666666666667,63.0,70.0
95,68.83333333333333,68.5,67.33333333333333,68.33333333333333,67.83333333333333
96,70.5,69.5,67.33333333333333,69.5,67.5
97,69.0,69.0,68.33333333333333,66.66666666666667,71.66666666666667
98,69.83333333333333,71.16666666666667,65.66666666666667,66.0,73.0
99,68.16666666666667,68.0,66.5,67.33333333333333,71.0
100,70.0,68.16666666666667,67.5,65.16666666666667,68.16666666666667
101,69.33333333333333,69.66666666666667,67.66666666666667,69.5,68.83333333333333
102,54.16138572032108,54.07689057879172,54.055766793409376,55.38656527249683,54.07689057879172
103,50.44444444444444,52.22222222222222,50.77777777777778,51.666666666666664,51.22222222222222
104,50.888888888888886,52.55555555555556,52.44444444444444,51.888888888888886,49.0
105,54.44444444444444,49.77777777777778,51.111111111111114,52.666666666666664,49.44444444444444
106,55.55555555555556,56.666666666666664,52.111111111111114,53.333333333333336,55.55555555555556
107,55.888888888888886,57.44444444444444,54.0,57.55555555555556,57.22222222222222
108,55.888888888888886,59.55555555555556,58.333333333333336,59.0,58.0
109,60.44444444444444,62.0,58.44444444444444,62.0,57.888888888888886
110,63.22222222222222,60.77777777777778,60.0,62.333333333333336,60.55555555555556
111,63.666666666666664,64.33333333333333,63.0,61.44444444444444,60.111111111111114
112,64.88888888888889,64.66666666666667,67.0,64.55555555555556,63.22222222222222
113,66.22222222222223,67.0,65.22222222222223,68.0,67.33333333333333
114,66.44444444444444,67.55555555555556,66.22222222222223,67.33333333333333,66.11111111111111
115,67.22222222222223,67.22222222222223,68.77777777777777,66.33333333333333,65.0
116,67.33333333333333,67.0,66.0,67.33333333333333,65.33333333333333
117,65.88888888888889,67.88888888888889,67.0,65.44444444444444,64.33333333333333
118,65.0,67.33333333333333,68.77777777777777,65.77777777777777,67.44444444444444
119,65.33333333333333,67.88888888888889,68.11111111111111,67.88888888888889,65.55555555555556
120,66.44444444444444,67.22222222222223,67.77777777777777,67.0,68.66666666666667
121,65.55555555555556,68.22222222222223,67.0,67.0,68.55555555555556
122,66.33333333333333,67.11111111111111,69.11111111111111,66.33333333333333,67.66666666666667
123,69.11111111111111,66.77777777777777,67.66666666666667,67.88888888888889,67.33333333333333
124,71.0,68.55555555555556,67.22222222222223,69.22222222222223,66.88888888888889
125,69.77777777777777,69.77777777777777,67.77777777777777,70.0,71.11111111111111
126,69.88888888888889,68.11111111111111,69.0,67.88888888888889,67.11111111111111
127,66.77777777777777,69.44444444444444,66.66666666666667,66.11111111111111,69.0
128,66.11111111111111,66.33333333333333,71.11111111111111,69.22222222222223,66.88888888888889
129,69.77777777777777,69.88888888888889,68.66666666666667,67.66666666666667,65.0
130,65.77777777777777,68.55555555555556,68.55555555555556,70.66666666666667,69.11111111111111
131,68.33333333333333,70.0,67.55555555555556,68.88888888888889,67.55555555555556
132,68.33333333333333,65.44444444444444,66.22222222222223,67.22222222222223,65.44444444444444
133,65.33333333333333,68.33333333333333,68.22222222222223,67.77777777777777,68.66666666666667
134,68.11111111111111,69.44444444444444,68.44444444444444,68.11111111111111,70.33333333333333
135,67.33333333333333,67.77777777777777,67.55555555555556,67.33333333333333,69.22222222222223
136,69.22222222222223,67.0,65.11111111111111,66.33333333333333,67.22222222222223
137,66.0,69.88888888888889,68.11111111111111,68.11111111111111,67.77777777777777
138,69.77777777777777,67.77777777777777,66.88888888888889,67.88888888888889,67.33333333333333
139,69.22222222222223,68.77777777777777,65.77777777777777,68.44444444444444,68.44444444444444
140,67.11111111111111,67.22222222222223,67.88888888888889,68.44444444444444,68.88888888888889
141,68.55555555555556,69.33333333333333,69.44444444444444,66.44444444444444,67.88888888888889
142,65.33333333333333,67.88888888888889,66.33333333333333,66.55555555555556,66.88888888888889
143,67.0,69.44444444444444,67.22222222222223,66.77777777777777,67.88888888888889
144,69.77777777777777,66.88888888888889,65.44444444444444,69.44444444444444,69.0
145,69.0,68.0,68.55555555555556,66.0,68.55555555555556
146,70.11111111111111,67.33333333333333,68.55555555555556,65.66666666666667,69.55555555555556
147,65.77777777777777,68.33333333333333,68.66666666666667,68.11111111111111,69.55555555555556
148,67.44444444444444,67.55555555555556,66.11111111111111,67.88888888888889,68.33333333333333
149,68.77777777777777,69.22222222222223,66.44444444444444,66.55555555555556,69.0
150,69.22222222222223,67.77777777777777,70.77777777777777,67.44444444444444,64.66666666666667
151,68.33333333333333,69.22222222222223,67.88888888888889,68.22222222222223,70.22222222222223
152,66.66666666666667,72.33333333333333,69.66666666666667,67.55555555555556,67.88888888888889
153,54.16138572032108,54.07689057879172,54.055766793409376,55.38656527249683,54.07689057879172
154,51.166666666666664,51.083333333333336,51.666666666666664,52.916666666666664,50.5
155,53.583333333333336,52.083333333333336,51.583333333333336,51.083333333333336,51.083333333333336
156,53.666666666666664,55.583333333333336,53.416666666666664,55.5,51.916666666666664
157,53.666666666666664,56.75,57.583333333333336,56.166666666666664,56.75
158,57.166666666666664,62.916666666666664,60.333333333333336,58.75,58.5
159,61.666666666666664,61.833333333333336,61.25,61.0,63.166666666666664
160,64.83333333333333,64.75,65.75,64.75,65.41666666666667
161,66.66666666666667,67.08333333333333,66.91666666666667,67.66666666666667,65.25
162,66.91666666666667,67.25,70.66666666666667,68.33333333333333,67.08333333333333
163,69.41666666666667,70.0,71.33333333333333,69.08333333333333,64.5
164,69.83333333333333,70.83333333333333,72.16666666666667,68.75,69.66666666666667
165,70.0,70.41666666666667,71.33333333333333,71.25,69.41666666666667
166,69.0,71.25,70.41666666666667,69.75,71.08333333333333
167,70.33333333333333,72.75,72.25,69.83333333333333,71.16666666666667
168,70.83333333333333,71.83333333333333,72.16666666666667,70.58333333333333,71.41666666666667
169,71.66666666666667,72.41666666666667,70.75,72.83333333333333,71.25
170,70.91666666666667,71.25,72.08333333333333,72.5,70.08333333333333
171,71.66666666666667,72.66666666666667,73.25,70.33333333333333,72.33333333333333
172,72.33333333333333,72.08333333333333,73.5,69.41666666666667,71.75
173,72.16666666666667,73.66666666666667,73.16666666666667,72.08333333333333,70.5
174,70.83333333333333,73.75,71.75,71.91666666666667,73.16666666666667
175,74.25,72.75,73.25,72.16666666666667,73.16666666666667
176,73.25,73.75,74.58333333333333,71.5,71.66666666666667
177,71.41666666666667,73.0,75.33333333333333,72.16666666666667,71.41666666666667
178,72.5,74.08333333333333,73.16666666666667,71.25,70.91666666666667
179,72.83333333333333,72.83333333333333,73.25,71.33333333333333,70.75
180,73.0,72.58333333333333,72.41666666666667,72.41666666666667,74.0
181,74.0,72.16666666666667,74.25,70.58333333333333,71.83333333333333
182,72.91666666666667,73.58333333333333,72.41666666666667,70.5,70.66666666666667
183,74.33333333333333,72.16666666666667,73.58333333333333,71.83333333333333,72.41666666666667
184,72.33333333333333,73.33333333333333,73.33333333333333,72.75,72.75
185,73.33333333333333,73.0,74.33333333333333,72.16666666666667,72.5
186,73.5,73.91666666666667,74.25,71.08333333333333,72.25
187,71.33333333333333,73.0,73.75,72.83333333333333,73.41666666666667
188,72.66666666666667,73.58333333333333,73.16666666666667,71.5,69.75
189,71.33333333333333,71.83333333333333,74.91666666666667,72.16666666666667,71.83333333333333
190,71.66666666666667,72.75,73.91666666666667,73.16666666666667,73.91666666666667
191,72.16666666666667,74.66666666666667,73.75,72.0,73.0
192,72.25,73.83333333333333,74.41666666666667,70.83333333333333,73.16666666666667
193,72.75,72.5,74.83333333333333,73.33333333333333,73.08333333333333
194,73.08333333333333,73.58333333333333,71.66666666666667,72.16666666666667,72.25
195,73.5,74.58333333333333,73.25,72.25,71.91666666666667
196,71.58333333333333,73.58333333333333,73.41666666666667,73.08333333333333,71.33333333333333
197,74.25,72.75,72.5,71.5,70.66666666666667
198,74.16666666666667,73.5,74.5,72.25,72.0
199,72.66666666666667,74.16666666666667,73.5,72.83333333333333,71.75
200,73.08333333333333,73.66666666666667,72.25,73.41666666666667,70.33333333333333
201,73.5,73.75,74.91666666666667,72.16666666666667,72.58333333333333
202,73.5,72.66666666666667,73.91666666666667,71.66666666666667,70.58333333333333
203,73.66666666666667,73.66666666666667,74.33333333333333,70.66666666666667,71.33333333333333
204,54.16138572032108,54.07689057879172,54.055766793409376,55.38656527249683,54.07689057879172
205,50.2,51.46666666666667,51.0,53.266666666666666,50.06666666666667
206,52.13333333333333,53.0,54.266666666666666,53.4,50.666666666666664
207,54.0,55.13333333333333,55.06666666666667,55.8,53.2
208,59.266666666666666,55.4,58.13333333333333,57.333333333333336,54.4
209,61.6,59.666666666666664,60.733333333333334,58.2,59.266666666666666
210,62.06666666666667,63.86666666666667,63.266666666666666,64.13333333333334,61.733333333333334
211,67.13333333333334,63.666666666666664,66.93333333333334,66.2,65.66666666666667
212,69.26666666666667,67.8,66.66666666666667,67.46666666666667,67.93333333333334
213,66.86666666666666,68.53333333333333,68.13333333333334,69.4,69.66666666666667
214,70.2,69.8,69.66666666666667,69.33333333333333,69.2
215,72.2,69.4,72.6,70.53333333333333,69.2
216,72.0,70.33333333333333,71.6,71.6,71.2
217,69.8,71.06666666666666,71.73333333333333,72.2,72.13333333333334
218,71.6,70.8,71.53333333333333,70.26666666666667,70.4
219,72.0,71.46666666666667,71.33333333333333,70.33333333333333,71.66666666666667
220,72.4,71.0,70.86666666666666,72.0,72.2
221,72.33333333333333,70.93333333333334,72.13333333333334,70.86666666666666,71.93333333333334
222,71.93333333333334,73.0,72.86666666666666,73.06666666666666,72.46666666666667
223,71.73333333333333,71.66666666666667,72.66666666666667,72.6,71.93333333333334
224,71.93333333333334,73.06666666666666,72.13333333333334,73.66666666666667,73.0
225,73.46666666666667,71.6,73.46666666666667,74.33333333333333,72.0
226,74.53333333333333,73.13333333333334,71.73333333333333,73.13333333333334,73.33333333333333
227,73.2,71.26666666666667,74.06666666666666,73.8,72.2
228,73.13333333333334,72.86666666666666,74.0,72.53333333333333,72.4
229,73.8,71.46666666666667,72.33333333333333,72.33333333333333,72.46666666666667
230,72.0,72.93333333333334,74.33333333333333,73.06666666666666,71.46666666666667
231,73.73333333333333,72.33333333333333,73.0,73.2,73.46666666666667
232,73.46666666666667,73.46666666666667,73.13333333333334,73.13333333333334,71.4
233,73.53333333333333,73.6,73.86666666666666,72.2,72.4
234,73.2,74.0,73.93333333333334,73.8,72.4
235,72.8,72.33333333333333,74.66666666666667,73.86666666666666,72.53333333333333
236,72.66666666666667,72.6,73.4,73.86666666666666,72.53333333333333
237,73.73333333333333,71.66666666666667,74.53333333333333,74.46666666666667,73.13333333333334
238,72.4,71.53333333333333,72.8,73.06666666666666,72.73333333333333
239,72.8,72.06666666666666,74.13333333333334,73.66666666666667,72.93333333333334
240,73.13333333333334,72.06666666666666,72.13333333333334,73.53333333333333,70.73333333333333
241,72.66666666666667,72.2,72.93333333333334,73.86666666666666,72.26666666666667
242,73.4,72.8,73.06666666666666,72.33333333333333,72.53333333333333
243,72.6,72.86666666666666,72.53333333333333,73.53333333333333,70.86666666666666
244,73.46666666666667,72.26666666666667,73.66666666666667,73.86666666666666,72.0
245,71.13333333333334,72.2,72.26666666666667,74.13333333333334,73.46666666666667
246,74.33333333333333,72.13333333333334,74.26666666666667,73.26666666666667,70.93333333333334
247,73.53333333333333,72.33333333333333,73.53333333333333,72.6,72.2
248,74.86666666666666,72.6,72.2,72.86666666666666,71.46666666666667
249,72.73333333333333,73.66666666666667,73.86666666666666,74.2,71.46666666666667
250,74.13333333333334,73.0,74.0,73.46666666666667,73.33333333333333
251,73.53333333333333,72.46666666666667,74.0,73.6,72.2
252,73.8,72.13333333333334,72.73333333333333,73.0,71.26666666666667
253,74.26666666666667,71.33333333333333,73.26666666666667,73.33333333333333,72.86666666666666
254,74.2,72.4,73.33333333333333,74.0,73.06666666666666
