Epoch,Repetition 1,Repetition 2,Repetition 3,Repetition 4,Repetition 5
0,0.7862224578857422,0.7862843871116638,0.7857727408409119,0.783599853515625,0.7860996127128601
1,0.7537567615509033,0.7469837069511414,0.779085636138916,0.7386078238487244,0.7657799124717712
2,0.7503710389137268,0.742310643196106,0.7535112500190735,0.7615017890930176,0.7612279057502747
3,0.7461323738098145,0.7397027611732483,0.7689621448516846,0.7552271485328674,0.7690962553024292
4,0.7386097311973572,0.7466285228729248,0.730867326259613,0.7460875511169434,0.7427393794059753
5,0.7258670330047607,0.704306960105896,0.7469810843467712,0.7145841717720032,0.7198166251182556
6,0.7281219363212585,0.7010453939437866,0.7214609980583191,0.7186955809593201,0.719807505607605
7,0.7115351557731628,0.7110336422920227,0.7070903778076172,0.7012394666671753,0.690935492515564
8,0.6974711418151855,0.6859903335571289,0.7062956690788269,0.6976613402366638,0.7184223532676697
9,0.6972277760505676,0.6774669289588928,0.7041736841201782,0.6900083422660828,0.6870031952857971
10,0.7074111104011536,0.6842997074127197,0.6839975118637085,0.7035955190658569,0.6962054967880249
11,0.7100326418876648,0.671556293964386,0.6926732659339905,0.7030001878738403,0.6891583204269409
12,0.6817145943641663,0.6745361685752869,0.692446231842041,0.693168044090271,0.6881306171417236
13,0.7025045156478882,0.6771141886711121,0.6939465403556824,0.6954683065414429,0.6706230640411377
14,0.6975340843200684,0.6607576012611389,0.6907601952552795,0.7031589150428772,0.6876397132873535
15,0.7164289355278015,0.6634781360626221,0.6742042303085327,0.6966399550437927,0.6779219508171082
16,0.6956344842910767,0.6830937266349792,0.6916874647140503,0.6846729516983032,0.6947901844978333
17,0.6912416815757751,0.6458999514579773,0.6936808824539185,0.6788243651390076,0.6726922988891602
18,0.6895201206207275,0.6518768668174744,0.6846712231636047,0.6795507073402405,0.6717997193336487
19,0.6925406455993652,0.6617848873138428,0.6717920899391174,0.6614912152290344,0.6783733367919922
20,0.682393491268158,0.6592627167701721,0.6873642802238464,0.6826257705688477,0.6915149092674255
21,0.7067289352416992,0.6772975921630859,0.6719539761543274,0.6727920770645142,0.6856133341789246
22,0.6857869625091553,0.6604416966438293,0.6947222948074341,0.658308744430542,0.6752201318740845
23,0.685082733631134,0.6634380221366882,0.6866821646690369,0.6775301098823547,0.7067766785621643
24,0.6826633214950562,0.6751533150672913,0.6888824105262756,0.6785926818847656,0.6860050559043884
25,0.6810621619224548,0.6556956171989441,0.673697829246521,0.689567506313324,0.6829975843429565
26,0.6765798926353455,0.6484302282333374,0.6733913421630859,0.6672382354736328,0.6691098213195801
27,0.690897524356842,0.6685463190078735,0.6747503876686096,0.6783047914505005,0.680842936038971
28,0.6838135719299316,0.6705531477928162,0.6674071550369263,0.6770779490470886,0.6608879566192627
29,0.6745957136154175,0.6597135663032532,0.6754399538040161,0.6815153956413269,0.6710983514785767
30,0.6959537863731384,0.6526236534118652,0.6752889156341553,0.6865451335906982,0.6822609901428223
31,0.680574893951416,0.6545770764350891,0.6962727308273315,0.6891986727714539,0.6628147959709167
32,0.6804715394973755,0.6384609341621399,0.6844975352287292,0.6703807711601257,0.6968773603439331
33,0.6773530840873718,0.6681254506111145,0.689432680606842,0.6793202757835388,0.6583177447319031
34,0.6856575012207031,0.6671406030654907,0.6829445362091064,0.6808812618255615,0.6823118329048157
35,0.6818709373474121,0.6460170745849609,0.6819103360176086,0.668441653251648,0.686359703540802
36,0.6786243915557861,0.6654341816902161,0.6828579306602478,0.6902730464935303,0.6856812834739685
37,0.6794956922531128,0.6687852144241333,0.675118625164032,0.6809751391410828,0.6769227981567383
38,0.6861066818237305,0.653367817401886,0.6746417880058289,0.6948223114013672,0.6608439683914185
39,0.6797537207603455,0.653765857219696,0.6865808963775635,0.6763874888420105,0.6802481412887573
40,0.6686705946922302,0.6419458389282227,0.6748531460762024,0.6672289371490479,0.6863223314285278
41,0.6887465715408325,0.6670854091644287,0.6797223091125488,0.6847896575927734,0.6844102144241333
42,0.6843927502632141,0.6698797345161438,0.6767812967300415,0.6779069304466248,0.6639081239700317
43,0.7009562253952026,0.6570278406143188,0.6736307144165039,0.6834123730659485,0.6955569982528687
44,0.7027493119239807,0.6671966314315796,0.6874161958694458,0.6795020699501038,0.6747155785560608
45,0.6954735517501831,0.6723635792732239,0.6993654370307922,0.6881954073905945,0.6955646276473999
46,0.6804075241088867,0.6559295654296875,0.7056689262390137,0.6778370141983032,0.6818510293960571
47,0.6937276124954224,0.6631655097007751,0.6869811415672302,0.688515305519104,0.6682422757148743
48,0.6757695078849792,0.6522876024246216,0.7020933032035828,0.6767042875289917,0.6693785786628723
49,0.6722772121429443,0.6805526614189148,0.6880712509155273,0.6589162349700928,0.6865703463554382
50,0.6747949123382568,0.6588230729103088,0.6880492568016052,0.6640312075614929,0.6874284744262695
51,0.7862224578857422,0.7862843871116638,0.7857727408409119,0.783599853515625,0.7860995531082153
52,0.7839518785476685,0.7723444700241089,0.7857638597488403,0.7608183026313782,0.7720327377319336
53,0.7404931783676147,0.7621411085128784,0.7618191242218018,0.7317136526107788,0.7252516746520996
54,0.7367830872535706,0.7330214381217957,0.7308700084686279,0.7430374622344971,0.7441802024841309
55,0.7268083095550537,0.7010370492935181,0.712047815322876,0.7107686996459961,0.7039799690246582
56,0.7146899104118347,0.6847018599510193,0.7021497488021851,0.6978888511657715,0.671538233757019
57,0.6771959066390991,0.6761846542358398,0.7009278535842896,0.6851184368133545,0.6829034090042114
58,0.6745273470878601,0.6749011278152466,0.6833935379981995,0.675971269607544,0.6918286085128784
59,0.683964729309082,0.6741756200790405,0.660347580909729,0.6858144998550415,0.6719716787338257
60,0.6505268812179565,0.6350371837615967,0.6599486470222473,0.6621756553649902,0.6602176427841187
61,0.6466163992881775,0.6394939422607422,0.659621000289917,0.6498863697052002,0.6650403738021851
62,0.6481420993804932,0.637005090713501,0.6404383182525635,0.6674889326095581,0.6427829265594482
63,0.6408347487449646,0.609386682510376,0.648930549621582,0.6375819444656372,0.6554596424102783
64,0.6311354041099548,0.6403452157974243,0.6469476222991943,0.6362671256065369,0.646225094795227
65,0.6094318628311157,0.6182374358177185,0.61118483543396,0.6455219984054565,0.6532324552536011
66,0.6154230833053589,0.6237468719482422,0.6168450117111206,0.6308665871620178,0.6413489580154419
67,0.6323490142822266,0.6485477089881897,0.6604150533676147,0.6316198706626892,0.6142500042915344
68,0.6196789741516113,0.6049147844314575,0.6504705548286438,0.6479607224464417,0.6233533024787903
69,0.6305985450744629,0.6057639122009277,0.6311823129653931,0.654239296913147,0.638837456703186
70,0.6188918352127075,0.6129564046859741,0.6265290379524231,0.6206439733505249,0.6265527606010437
71,0.6211915016174316,0.6146883368492126,0.6471128463745117,0.6239779591560364,0.6172479391098022
72,0.6341681480407715,0.618419349193573,0.6331205368041992,0.6530815362930298,0.635968804359436
73,0.6260747909545898,0.6036595106124878,0.611296534538269,0.6287169456481934,0.6336292028427124
74,0.6311350464820862,0.6221203207969666,0.6157827377319336,0.6420526504516602,0.6138952970504761
75,0.6376606225967407,0.602442741394043,0.633006751537323,0.62101811170578,0.6292591094970703
76,0.6364489793777466,0.6000893115997314,0.630837619304657,0.6305168867111206,0.622816801071167
77,0.6066833734512329,0.6278994083404541,0.6187755465507507,0.6668423414230347,0.628934383392334
78,0.6292489171028137,0.615220844745636,0.64402836561203,0.6250423192977905,0.6180494427680969
79,0.6236004829406738,0.5981602668762207,0.6430927515029907,0.6418805122375488,0.6186420917510986
80,0.6180647611618042,0.5928666591644287,0.6435552835464478,0.6242367029190063,0.6335598826408386
81,0.6234105825424194,0.5975077748298645,0.6203375458717346,0.6457560062408447,0.6206241846084595
82,0.6208562850952148,0.5941216945648193,0.6362578868865967,0.6356133222579956,0.641315221786499
83,0.6361293792724609,0.6253548860549927,0.637559175491333,0.6216204166412354,0.6269211173057556
84,0.6119375228881836,0.6123720407485962,0.6501893997192383,0.6218441724777222,0.6325132846832275
85,0.6289369463920593,0.6081912517547607,0.634858250617981,0.6300603747367859,0.6281144618988037
86,0.6146540641784668,0.6075009107589722,0.637319803237915,0.6513762474060059,0.6217623949050903
87,0.6163631677627563,0.606386125087738,0.6281709671020508,0.6287608742713928,0.638752818107605
88,0.6337167024612427,0.6061365604400635,0.6291818618774414,0.6300194263458252,0.6373755931854248
89,0.6000998020172119,0.5998325347900391,0.618371844291687,0.6208823919296265,0.6197496652603149
90,0.6038243770599365,0.590467095375061,0.6385061740875244,0.6151894330978394,0.6176396608352661
91,0.6311514973640442,0.6158447265625,0.6204875707626343,0.6347912549972534,0.6217069029808044
92,0.614886999130249,0.6151590347290039,0.6278630495071411,0.6232075691223145,0.6346579790115356
93,0.6398904323577881,0.6193752288818359,0.633625864982605,0.6206871271133423,0.6541560888290405
94,0.6070080995559692,0.6104627847671509,0.6354252099990845,0.6422109007835388,0.6316373348236084
95,0.6158492565155029,0.6044621467590332,0.6166664361953735,0.6393638849258423,0.6389566659927368
96,0.6183547377586365,0.6101515293121338,0.6314682960510254,0.6281728148460388,0.6146184206008911
97,0.63627028465271,0.6232544183731079,0.6241996884346008,0.6338601112365723,0.6302522420883179
98,0.6151982545852661,0.612541675567627,0.6198465824127197,0.6386561393737793,0.6057896018028259
99,0.6090387105941772,0.6018386483192444,0.6371047496795654,0.6317595839500427,0.6287132501602173
100,0.6270947456359863,0.6131149530410767,0.6309877634048462,0.6425387859344482,0.6134628057479858
101,0.626740038394928,0.6069237589836121,0.6307586431503296,0.6319713592529297,0.6285416483879089
102,0.7862224578857422,0.7862844467163086,0.7857728004455566,0.7835997939109802,0.7860996127128601
103,0.7592910528182983,0.7618085145950317,0.7654091119766235,0.7644269466400146,0.766186535358429
104,0.7573641538619995,0.7455275058746338,0.7523796558380127,0.744701623916626,0.7614256143569946
105,0.7266516089439392,0.7343248128890991,0.7299521565437317,0.7246463894844055,0.7411515712738037
106,0.7044519782066345,0.7015172243118286,0.7231138944625854,0.7109158039093018,0.7014740705490112
107,0.7046269774436951,0.6972198486328125,0.6993424892425537,0.6966981887817383,0.6942222714424133
108,0.6895409822463989,0.6847062110900879,0.6833510994911194,0.6797897815704346,0.6895390748977661
109,0.6840201616287231,0.6738756895065308,0.683518648147583,0.6770427823066711,0.6868844628334045
110,0.6732439398765564,0.6800561547279358,0.6805737018585205,0.673058032989502,0.6827062368392944
111,0.6554516553878784,0.654838502407074,0.6633772253990173,0.6716598272323608,0.6733055114746094
112,0.6548130512237549,0.6398872137069702,0.6463112831115723,0.6467292308807373,0.6507349610328674
113,0.6488031148910522,0.6382431983947754,0.6477454900741577,0.6430178284645081,0.6472942233085632
114,0.6403977274894714,0.6359935402870178,0.6499671936035156,0.6335893869400024,0.6415088176727295
115,0.6292750835418701,0.6283552050590515,0.6291866302490234,0.6428020000457764,0.6436858177185059
116,0.6323935389518738,0.6261074542999268,0.6440078020095825,0.6348117589950562,0.6438119411468506
117,0.6441293954849243,0.6202171444892883,0.6478334665298462,0.6409441232681274,0.6437379121780396
118,0.6383569240570068,0.6258562803268433,0.6271702647209167,0.6435759663581848,0.6403470635414124
119,0.6375813484191895,0.6230412721633911,0.6323060989379883,0.6277213096618652,0.654686689376831
120,0.6376519203186035,0.6329614520072937,0.635558545589447,0.6336860656738281,0.6342580318450928
121,0.643659234046936,0.6202003359794617,0.6355106234550476,0.6335949301719666,0.6254517436027527
122,0.6302698254585266,0.628835916519165,0.6270384788513184,0.6300978660583496,0.6272100210189819
123,0.6190338134765625,0.6249297857284546,0.6334473490715027,0.6306927800178528,0.6414728164672852
124,0.6176345348358154,0.6160884499549866,0.6305937767028809,0.6313832402229309,0.6382877826690674
125,0.628159761428833,0.6103456020355225,0.624153196811676,0.6166802644729614,0.6220338940620422
126,0.6263705492019653,0.6222245693206787,0.6281169652938843,0.6214712858200073,0.6329540014266968
127,0.6304501295089722,0.6122879981994629,0.6342273950576782,0.6426154375076294,0.6267187595367432
128,0.6281328201293945,0.6300872564315796,0.6163154244422913,0.6188833117485046,0.6302680969238281
129,0.626465916633606,0.6163632273674011,0.6290990114212036,0.6255002617835999,0.6417032480239868
130,0.6395543813705444,0.6189601421356201,0.6328839063644409,0.6219473481178284,0.6301882863044739
131,0.6248571276664734,0.6126821041107178,0.63466876745224,0.6201027631759644,0.633039653301239
132,0.6323789358139038,0.6302918195724487,0.6294350028038025,0.6386458277702332,0.6404504776000977
133,0.636038601398468,0.6156051754951477,0.6243398189544678,0.6253639459609985,0.6313796043395996
134,0.6287095546722412,0.6168768405914307,0.6282355785369873,0.6189225316047668,0.6241559982299805
135,0.6275968551635742,0.6196797490119934,0.6314231753349304,0.6344717741012573,0.6248692274093628
136,0.6218736171722412,0.626244306564331,0.6348726153373718,0.6257667541503906,0.6372129917144775
137,0.6309728622436523,0.6214742064476013,0.627572238445282,0.6315610408782959,0.6330138444900513
138,0.622660756111145,0.6194438934326172,0.6378722786903381,0.6147537231445312,0.6320834755897522
139,0.6286345720291138,0.6162121295928955,0.6300526857376099,0.6172234416007996,0.6292204260826111
140,0.6366220712661743,0.6273816823959351,0.6248462200164795,0.6271137595176697,0.6250585913658142
141,0.6320748925209045,0.6185604929924011,0.6224283576011658,0.6351197361946106,0.633578896522522
142,0.6303771734237671,0.6236139535903931,0.6286232471466064,0.6244533061981201,0.635661244392395
143,0.6246762275695801,0.6150009632110596,0.6317389011383057,0.6312808990478516,0.6354576349258423
144,0.6264837980270386,0.624154806137085,0.6363956332206726,0.6265591382980347,0.6242860555648804
145,0.6242564916610718,0.6210074424743652,0.6199412941932678,0.6419093608856201,0.6333925724029541
146,0.6275010108947754,0.6275649070739746,0.6345250606536865,0.6287338137626648,0.621077835559845
147,0.6370561122894287,0.6193287372589111,0.6279837489128113,0.6307042837142944,0.6274706125259399
148,0.636020839214325,0.6185402274131775,0.635438084602356,0.6246814131736755,0.6374036073684692
149,0.6279199123382568,0.6222845315933228,0.6344090104103088,0.6309664845466614,0.6185894012451172
150,0.6230650544166565,0.6210516691207886,0.6126317381858826,0.6323753595352173,0.6416597366333008
151,0.6214677095413208,0.615717351436615,0.6271576881408691,0.6305849552154541,0.6258790493011475
152,0.6275367736816406,0.6114704608917236,0.6255117058753967,0.6272144317626953,0.632442057132721
153,0.7862224578857422,0.7862843871116638,0.7857727408409119,0.7835997939109802,0.7860996127128601
154,0.7537155151367188,0.7529828548431396,0.7542733550071716,0.7567537426948547,0.7713978886604309
155,0.7278218865394592,0.7349013686180115,0.7325889468193054,0.734445333480835,0.7304742336273193
156,0.7115684151649475,0.7079763412475586,0.7096371054649353,0.7138164043426514,0.7150252461433411
157,0.6969264149665833,0.6890141367912292,0.6915783882141113,0.689944326877594,0.6843294501304626
158,0.6859755516052246,0.6677207946777344,0.6809638142585754,0.6778464913368225,0.6931729316711426
159,0.6703207492828369,0.6739780306816101,0.6620504260063171,0.6775288581848145,0.6624042987823486
160,0.6523956060409546,0.6478365063667297,0.64308100938797,0.6495916247367859,0.6510505080223083
161,0.633599579334259,0.634089469909668,0.6419686675071716,0.6197313666343689,0.6422092914581299
162,0.6213672161102295,0.6239398121833801,0.6066623330116272,0.6132240891456604,0.6154775023460388
163,0.6038251519203186,0.5966321229934692,0.589507520198822,0.6065881252288818,0.621292769908905
164,0.590006411075592,0.5932223200798035,0.586617648601532,0.607143223285675,0.608241617679596
165,0.5815024971961975,0.5889488458633423,0.5809320211410522,0.5946545004844666,0.5980871319770813
166,0.5783836245536804,0.5884358286857605,0.5906012654304504,0.5966280102729797,0.598800778388977
167,0.5938013195991516,0.5810811519622803,0.5904775261878967,0.5929222106933594,0.5925775170326233
168,0.5806617736816406,0.5826743245124817,0.5796065926551819,0.5990720391273499,0.5926658511161804
169,0.5759357810020447,0.5729944109916687,0.5717255473136902,0.5861819386482239,0.5868225693702698
170,0.5787940621376038,0.5778304934501648,0.5670228600502014,0.5833336710929871,0.5977967381477356
171,0.5724993348121643,0.5671598315238953,0.5833728909492493,0.5893883109092712,0.5838737487792969
172,0.5760433077812195,0.5850806832313538,0.5718619227409363,0.5982630848884583,0.585407018661499
173,0.5687499046325684,0.5585185289382935,0.5613762736320496,0.5855110883712769,0.5796657800674438
174,0.5781455636024475,0.570920467376709,0.5734858512878418,0.5835587978363037,0.5749330520629883
175,0.5667166113853455,0.5657673478126526,0.573484480381012,0.5795093178749084,0.5789666175842285
176,0.564858615398407,0.5674232840538025,0.566105306148529,0.577709972858429,0.5872802734375
177,0.5724379420280457,0.5642869472503662,0.5699097514152527,0.5837052464485168,0.5936022996902466
178,0.5662183165550232,0.5617534518241882,0.5725482106208801,0.589612603187561,0.5819849967956543
179,0.5714251399040222,0.5643256306648254,0.5714007019996643,0.5941948294639587,0.5870994925498962
180,0.5767534375190735,0.5637756586074829,0.5875855684280396,0.5825996398925781,0.5648279786109924
181,0.5721064209938049,0.5635847449302673,0.5722194314002991,0.5833998322486877,0.591414213180542
182,0.5640580058097839,0.5695812702178955,0.5700099468231201,0.5738322138786316,0.5837252736091614
183,0.5629956722259521,0.5670066475868225,0.5709226727485657,0.57846999168396,0.5826759934425354
184,0.5689249634742737,0.5761404633522034,0.568999707698822,0.5719729065895081,0.5787366032600403
185,0.5721686482429504,0.5682816505432129,0.5663327574729919,0.5742844939231873,0.5867295861244202
186,0.5665623545646667,0.5721338987350464,0.5648091435432434,0.588364839553833,0.5785201191902161
187,0.5744139552116394,0.5651916861534119,0.572076141834259,0.5840150713920593,0.5762273073196411
188,0.570239782333374,0.5719866156578064,0.5766651630401611,0.5834451913833618,0.5824843049049377
189,0.5755173563957214,0.573657751083374,0.5630083084106445,0.5770013928413391,0.5802589654922485
190,0.5736667513847351,0.5737666487693787,0.5658645033836365,0.5719904899597168,0.5781211256980896
191,0.575445830821991,0.5655633807182312,0.5625877380371094,0.5688385963439941,0.5764330625534058
192,0.5689361691474915,0.5638517737388611,0.5713815093040466,0.5823306441307068,0.5793282389640808
193,0.5810098052024841,0.5624440312385559,0.5656745433807373,0.5832582116127014,0.5855719447135925
194,0.5654385089874268,0.5696595907211304,0.5702058672904968,0.5805098414421082,0.5770964622497559
195,0.5729031562805176,0.5632814764976501,0.56868577003479,0.5748581290245056,0.5816482901573181
196,0.5759097337722778,0.5686735510826111,0.5668739676475525,0.5862802863121033,0.5813974738121033
197,0.5737562775611877,0.5621874928474426,0.567930281162262,0.590707540512085,0.5765066146850586
198,0.5549610257148743,0.5597389340400696,0.5687670707702637,0.578659176826477,0.5764351487159729
199,0.5717954635620117,0.5643951892852783,0.5793319344520569,0.5749215483665466,0.5910082459449768
200,0.5606229901313782,0.561150074005127,0.5710757374763489,0.5955901741981506,0.5818922519683838
201,0.5654672980308533,0.5745488405227661,0.5747077465057373,0.5815969705581665,0.5837952494621277
202,0.5719965100288391,0.5765065550804138,0.5746815800666809,0.5765914916992188,0.5853198170661926
203,0.5653626918792725,0.5704224705696106,0.5618822574615479,0.5747084021568298,0.5829331874847412
204,0.7862224578857422,0.7862844467163086,0.7857727408409119,0.7835997939109802,0.7860996127128601
205,0.7641046047210693,0.7533879280090332,0.7655484676361084,0.7554628849029541,0.7642378211021423
206,0.7370584011077881,0.7352707982063293,0.7278738021850586,0.7341480255126953,0.7400054931640625
207,0.708681046962738,0.7086787819862366,0.7074753642082214,0.7055047154426575,0.71407151222229
208,0.6860373616218567,0.6956503391265869,0.6903011202812195,0.6854235529899597,0.6989851593971252
209,0.6757224202156067,0.6805076003074646,0.6796615719795227,0.6796544194221497,0.6823170781135559
210,0.6649821996688843,0.6543932557106018,0.6649454236030579,0.6563323736190796,0.6759480834007263
211,0.6386566162109375,0.6535996794700623,0.65003901720047,0.6446605324745178,0.6488915085792542
212,0.623343288898468,0.6278104186058044,0.6284224390983582,0.6242106556892395,0.6332959532737732
213,0.6169411540031433,0.6122360825538635,0.6139997839927673,0.6096430420875549,0.6179549098014832
214,0.5934279561042786,0.5954189300537109,0.5981687903404236,0.599244236946106,0.6023322939872742
215,0.5782251358032227,0.5882588028907776,0.5809954404830933,0.584871232509613,0.5963497757911682
216,0.5841582417488098,0.5934826135635376,0.5850062370300293,0.5854141116142273,0.5944177508354187
217,0.5871854424476624,0.5795217156410217,0.5856099724769592,0.5836326479911804,0.5859939455986023
218,0.5835065841674805,0.5833852887153625,0.5819105505943298,0.5887250900268555,0.5913870334625244
219,0.5767351984977722,0.57940274477005,0.5846526622772217,0.582561731338501,0.5904631614685059
220,0.5734817981719971,0.5790448188781738,0.5801176428794861,0.5803760886192322,0.5812702178955078
221,0.5745710134506226,0.5831193327903748,0.5761166214942932,0.5855057835578918,0.587731659412384
222,0.5728444457054138,0.5650388598442078,0.5701647400856018,0.570483386516571,0.5805068016052246
223,0.5668428540229797,0.5739516615867615,0.5696921944618225,0.5751873254776001,0.5786759853363037
224,0.5758403539657593,0.5692526698112488,0.5744563341140747,0.5699118971824646,0.5750618577003479
225,0.5720461010932922,0.5723430514335632,0.5610608458518982,0.5670245289802551,0.5877941250801086
226,0.5601128935813904,0.5736132860183716,0.5671228170394897,0.570620596408844,0.5768120884895325
227,0.565739631652832,0.5721890926361084,0.5680268406867981,0.5659509897232056,0.5790196061134338
228,0.5614961981773376,0.568640410900116,0.5644981265068054,0.5682129263877869,0.5763391852378845
229,0.5622798800468445,0.5761231780052185,0.5768160223960876,0.5736794471740723,0.5734110474586487
230,0.5761174559593201,0.5671938061714172,0.5666067600250244,0.57573002576828,0.5822097659111023
231,0.5688429474830627,0.5679217576980591,0.5716689825057983,0.5661343932151794,0.5704136490821838
232,0.5615494251251221,0.5717394948005676,0.5670083165168762,0.5717341303825378,0.5828115344047546
233,0.5642197728157043,0.5654528737068176,0.5654994249343872,0.5719947218894958,0.57669597864151
234,0.5689064860343933,0.5636501908302307,0.5659758448600769,0.5642669796943665,0.5765371918678284
235,0.5645273327827454,0.5719692707061768,0.562771737575531,0.572488009929657,0.5759221911430359
236,0.561764657497406,0.567168653011322,0.5690951943397522,0.5677033066749573,0.5731534957885742
237,0.562535285949707,0.5819399356842041,0.5644371509552002,0.5622053742408752,0.5748465657234192
238,0.5720921158790588,0.5714218020439148,0.5652343034744263,0.5664255023002625,0.577186644077301
239,0.5685629844665527,0.5722283720970154,0.566918134689331,0.5670542120933533,0.577157199382782
240,0.5651853680610657,0.5713183879852295,0.5714196562767029,0.5714051723480225,0.5794170498847961
241,0.5639308094978333,0.5662320852279663,0.572147786617279,0.5675357580184937,0.5824891924858093
242,0.5643901824951172,0.5702710747718811,0.5675672888755798,0.5728699564933777,0.576939046382904
243,0.5657822489738464,0.5710977911949158,0.5729765295982361,0.568710207939148,0.5815960764884949
244,0.5663302540779114,0.568448543548584,0.56300288438797,0.5684319138526917,0.574589729309082
245,0.5716941356658936,0.5760281682014465,0.5683474540710449,0.5669531226158142,0.5754340291023254
246,0.5625335574150085,0.5673170685768127,0.5661845207214355,0.568577229976654,0.583510160446167
247,0.561696469783783,0.5699273943901062,0.5711005330085754,0.572468101978302,0.5836203694343567
248,0.5578957200050354,0.5716232657432556,0.5722013115882874,0.5682085156440735,0.5814997553825378
249,0.5701398849487305,0.5650526881217957,0.5646832585334778,0.5684166550636292,0.5829262137413025
250,0.5607662200927734,0.5691958665847778,0.5664546489715576,0.5721754431724548,0.5742300152778625
251,0.5637556910514832,0.5699259638786316,0.5688166618347168,0.5692213177680969,0.5762826204299927
252,0.5629124641418457,0.5686792731285095,0.5686060786247253,0.5760976672172546,0.5793790221214294
253,0.5586159825325012,0.5750122666358948,0.5656761527061462,0.571025550365448,0.5845555067062378
254,0.5619822144508362,0.5673907399177551,0.5677923560142517,0.565559446811676,0.5762863755226135
