Epoch,Train Loss,Train Accuracy,Val Loss,Val Accuracy
0,0.0010134880359314736,0.5188029212677235,0.0016175280513396552,0.5188029212677235
1,0.014239771368414913,3.1902629637347726,0.0008286616075337612,0.47685512664207574
2,0.007187998500292677,2.506879423595088,0.0006376443505771651,0.5142416241555704
3,0.011856996264286334,4.292629341868065,0.0006885557279054704,0.7118935056963388
4,0.005813302640281133,2.0154955277107964,0.0007540346809920945,0.5287532859201357
5,0.014222022818706154,4.10960933531265,0.0010057200942206247,1.2353062543666582
6,0.009005451574980778,3.30252428706689,0.001304453194987521,2.6973808461449833
7,0.00766068170888075,2.1395742047841613,0.0016361768547058086,3.4167655925792895
8,0.01077339944968674,4.213206749153322,0.0020976888647174273,3.3559732191340124
9,0.009080508118268006,2.796823595120404,0.002721866760067971,3.4535315418574135
10,0.009642312502461498,1.7713773674115234,0.0031390684662155627,3.9163065138621147
11,0.013148450474403104,3.5049171808253115,0.0034959484051126947,3.4521875460321314
12,0.007032189119610639,2.1333333333333337,0.0034570905926071087,2.9866552549051506
13,0.012016265043421676,3.0883292858401257,0.003429650413728874,2.6080339423675625
14,0.014632728884300237,3.8215761727910715,0.003428656240470874,2.1879347567844194
15,0.018710457512249416,4.353287391283867,0.0029663022799127888,2.3531403896023058
16,0.00516937009697768,2.2939534045447,0.0030261623049719056,2.570979034254954
17,0.017139188759998862,4.776795764712759,0.003339933499668127,3.0227125698690367
18,0.013182006834190334,2.5333333333333328,0.0036795394226864725,3.5050362970297186
19,0.011577621270421617,2.756809750418045,0.0031286103464741475,3.8760390617891094
20,0.011202549256201667,2.135415650406262,0.0026786426626024917,4.317226317460425
21,0.012872841579884607,4.424176006143216,0.0030911659889222495,4.568433597515687
22,0.014112859557664923,2.235073948565361,0.003294079098289533,4.800049184463897
23,0.014083676653924576,4.176122603564219,0.002744797649805518,5.019619478982121
24,0.004939607756848893,1.1234866364235154,0.0024429528297169024,5.163468993512533
25,0.01161388758443146,3.382306905057552,0.002608698019571841,5.286823936613071
26,0.009817897688346134,2.769677077045463,0.002463809698432547,5.416339590284321
27,0.007378612944678841,1.5289793254906283,0.002715945908713761,5.6037640341311
28,0.007899336930183614,1.845113667079738,0.002533725122741074,5.745250239422261
29,0.007207863107832483,2.14372469210847,0.0024790006406408185,5.885564261674828
30,0.014583513334227556,4.354308211415448,0.0023098787305292036,6.0012462363821335
31,0.015726063014111787,3.395421754199157,0.003235884317643911,6.058036489734814
32,0.019755920612484223,4.496912521077348,0.002249625717675358,6.1317600841064515
33,0.010553292170549655,1.8785337071473818,0.0026094523158907493,6.208826383336378
34,0.006510550897601072,1.4236104336041748,0.002621947089269562,6.207394612907106
35,0.014733594522991658,3.2768548606518664,0.002820101782758848,6.216468407652647
36,0.008466253693669986,1.7126976771553504,0.00246450568442553,6.234879832576823
37,0.004250098763876317,2.080598204576966,0.002279143313215637,6.217702890583377
38,0.015357805570778024,3.3199732261303274,0.002170792777989517,6.082881470467828
39,0.011282456666028815,1.3232955494186138,0.002081786020980826,6.034136394496202
40,0.014576318031750373,4.504812241740309,0.0022152830317868394,6.0112963770804955
41,0.007499822432175403,2.2150996967781533,0.0022098854474526747,5.921198630839869
42,0.0070453598999117,3.0375428666385385,0.0024095400922739905,5.811398684271575
43,0.01573982794981701,3.3967304540951964,0.003246682565274603,5.740411122843696
44,0.012147527719164355,3.22076595444831,0.0030757578682966743,5.608173668463301
45,0.009620299683367807,2.517494345133227,0.002790941781185475,5.411724175776779
46,0.015785921072520387,3.561522770451488,0.0034084738726294817,5.238572712003812
47,0.012093456155040632,1.3564659966250538,0.0028888304700220874,5.062010068169449
48,0.016029304430031786,4.782375049189589,0.0031296087121333196,4.908967751795838
49,0.010730588676075683,1.880898130622117,0.002748410194064598,4.7030029172520225
50,0.011883583933308794,3.0724582991474447,0.0028063958875182912,4.5837465598615825
51,0.0010134821103314209,0.5188029212677235,0.001401306284076947,0.5188029212677235
52,0.009088148941794615,1.2046207333061767,0.00039175567723605416,0.8124725226021543
53,0.015237915053438125,1.330830985178475,0.0004163452649974241,0.9208226095750348
54,0.005287458697217945,1.815366507225346,0.0007375496206807018,2.265943249380042
55,0.008939458978681147,2.608958923913267,0.0010046777522165356,2.7734942982086483
56,0.014835178961690834,1.5656024754423172,0.0012140208587915753,3.446443822601912
57,0.008891512053350275,1.3274871834493243,0.001996726950895407,3.5259033889565474
58,0.006686311776097291,2.343786110832927,0.0026170416478625835,2.4617467713067853
59,0.009181925997860652,0.9006170724070857,0.002873610809383988,5.549600757738192
60,0.010115936129704507,1.2364824660660916,0.0039023758597580113,6.364579359016816
61,0.009142170955305184,1.7397317800933163,0.0052101554322831495,5.478371373039382
62,0.010786021713918256,2.1617893822787964,0.004325116815643147,5.362296947195117
63,0.01581319821456945,1.3308309851784748,0.006014175796866538,5.357634977049445
64,0.005991433818663535,1.9223827807061604,0.006219690790180532,5.497008053489425
65,0.018250405981494185,1.7838784213679564,0.0059932795074622534,5.584460907260772
66,0.009585504980563474,1.318247995552345,0.006664198915734305,5.80590766977533
67,0.0158038106222423,1.2631530214330953,0.006256107268921995,5.583310187749562
68,0.01742973368569987,1.4391355429948598,0.005958254624268594,5.403551834153542
69,0.01569856601077668,1.7688665548562117,0.006007236270063766,5.104188479328463
70,0.005110930490297281,1.9246933377669388,0.005964520391277623,4.888053066153656
71,0.01158300414148261,2.713341523329166,0.0057471016105721745,4.5392965271210794
72,0.011018268473731586,1.3523641850067205,0.005403926631350601,4.192683490286745
73,0.011305967417055482,1.38001610296563,0.0050003034783127065,3.8461674247745345
74,0.010440273439764445,1.0434983894999048,0.004293709269528736,3.716763503374712
75,0.012383090584061516,1.0088497300281047,0.005623280365822884,3.576909983480217
76,0.012784523544550888,1.778263822446553,0.004335876131434634,3.3195838862409945
77,0.02016139850232227,1.3308309851784745,0.004176820616777474,3.0110101839427976
78,0.010152739333437119,2.232586939952046,0.0034588607756928036,2.9476878240782196
79,0.016583268548551435,2.4662161750791878,0.004188417158341081,2.9100879927171013
80,0.01712576390246163,1.4996295838936022,0.00397002001676216,2.7921968942342184
81,0.015295395914468593,2.6301668726105136,0.002546510631223958,2.749554218084963
82,0.017170943534522056,2.3461552473023706,0.0029434584867123687,2.679661872311117
83,0.006242082576697647,0.6377042156569653,0.0018450292870706465,2.618177095697716
84,0.014338994522687104,1.3474255287605172,0.0030103662031013105,2.5799605993354087
85,0.009221693572350455,1.4039626459101804,0.0034076745929684424,2.497135224499344
86,0.015872175300080314,2.0531818125912684,0.003636402609827196,2.2931364968073678
87,0.011187384211647661,1.6944353369518463,0.003331949327342395,2.419720164686215
88,0.010968304612236414,1.4204850501775,0.0023669322131682703,2.399587638755122
89,0.009684938839099442,0.9189365834726787,0.0029277963390799814,2.3886509005663306
90,0.015929408482391234,1.392838827718413,0.0023842936050356726,2.3513116937791296
91,0.007050217691421931,2.2793761329705013,0.003331683322967787,2.307181576061077
92,0.00757340503055478,1.796292478040997,0.003022294600917193,2.299471279648627
93,0.012893372897732576,1.3021349989749735,0.0031324946245378546,2.2214108564879527
94,0.014024156971455511,2.528504169135051,0.0032577062972614966,2.2744108323396666
95,0.013836714044433804,0.5270462766947306,0.003269201712709649,2.2249914875934538
96,0.00806780574925517,1.2400716825158862,0.0020076222807059686,2.2799366485244255
97,0.005147642286947109,1.6110727964792768,0.0035493726322851147,2.27036574250454
98,0.011099521219340807,2.877885025886583,0.0030413246486295877,2.3020313255217233
99,0.01372929971790602,1.5180396715647604,0.002588456838538716,2.2807271938793
100,0.011146697330233072,1.557776192739722,0.002939913062810196,2.261156925684683
101,0.009209587217464576,0.7226494462892923,0.003596949682383508,2.3662185140814596
102,0.0010135216936920596,0.5188029212677235,0.0009880979913782927,0.5188029212677235
103,0.0025404416031510058,0.6308919807368171,0.0005036506121645543,0.7007750136670621
104,0.0065196437678954585,1.3173111409136828,0.0002488833823946247,0.6023798436041427
105,0.005897244099863257,1.8640192867120677,0.00038961686772538375,1.3537034105390406
106,0.008169460003697435,1.6665185119335695,0.0007767913960308274,2.532973531291351
107,0.003504381785581881,1.3506285688020216,0.00109175046156274,3.322238938920224
108,0.0037531986545753806,1.2543258481484536,0.001305881759225164,1.2065805620519408
109,0.0048266734221881396,1.729340129630554,0.0015353499065823522,3.2517568526778917
110,0.004000433110005293,1.2041081941461391,0.0013458885353721862,5.219618550658132
111,0.007775431680750287,1.5357468927263085,0.0019276436125678267,4.183350105215606
112,0.004974272316882324,1.215943468471507,0.0014950453017329155,2.9796490154373485
113,0.003920359013206433,0.956846672960485,0.0013448809422333544,2.710648389226754
114,0.005630328060233545,0.5946261404559824,0.0023634764920483745,2.442589257562919
115,0.007020870126777261,1.238078957971921,0.0016941476765276332,2.3132001427989395
116,0.00688731800840292,0.7999999999999997,0.0016122947242987733,2.3984046760414435
117,0.009825176610672772,1.2332832822676993,0.0017980466284955492,2.544854236451085
118,0.007187500292744195,1.3322217588730532,0.001388014005386968,2.370062362087574
119,0.01093118502124909,1.2384777593860248,0.0013033543526277133,2.346684282167908
120,0.0016505142764712735,0.7549016778428024,0.0017307887567815144,2.3588525473817303
121,0.00815372907132152,1.0624918300339494,0.0024490005898208976,2.384073503945215
122,0.0013723764751970282,1.0313601231886513,0.0014289266184467368,2.5080757064771877
123,0.007614698079692524,0.7742778395637517,0.002122430757142009,2.2835818335938423
124,0.008556997247429728,1.481407405555463,0.001691853332115212,2.167823264665764
125,0.006193846107658046,1.07588608328091,0.0008955087932057472,1.8217963743084353
126,0.004182855267886278,0.9573626323794657,0.0014810768582997056,1.8527859890093443
127,0.00998965345866606,1.350994146984058,0.001318190006883261,1.7785876061627421
128,0.005931921639842535,1.9355032522592623,0.0021777167526063415,1.8877432458211276
129,0.008159076071278984,1.7935412243538713,0.0013303931181286642,1.7289840917364
130,0.0074565483987247645,1.57981089663789,0.001991311084394721,1.6202921056777253
131,0.008171051721408959,0.91732299735779,0.0022453556994746784,1.514385374307164
132,0.004474841587349227,1.1119996447286042,0.0022854986608289232,1.4309770480405797
133,0.006920106039590167,1.200822763209451,0.002099937375810248,1.3986817442007589
134,0.004790471290452105,0.8720629720154899,0.0017880506085790294,1.3899771808045762
135,0.005138581922413722,0.7083278866893028,0.003009380606722964,1.4592606941206896
136,0.005840986397407459,1.341456735358808,0.0018200858156337204,1.4306901403485641
137,0.004128079435012952,1.2360830209043,0.0013872981960099927,1.4384661946443282
138,0.00844442473279784,0.9878271453730155,0.003037197168958045,1.4397312603034642
139,0.006189974368425424,1.2118753959498676,0.002200945005038709,1.4357338267583832
140,0.00433352132120474,0.6863753427324635,0.002791619304965624,1.4632304485064687
141,0.0066022083699230644,1.09994388184574,0.0016076012903802534,1.4387515516804428
142,0.004360300221413869,0.8273115763993909,0.0021069901922927763,1.438441378313737
143,0.007206959670507142,0.963532595052391,0.00228334834237507,1.4658506852845432
144,0.004528601214215773,1.6703662642636559,0.0023526847926604168,1.4479642261713772
145,0.008370796491358612,1.0596994682281216,0.0022418605269340715,1.441589634258497
146,0.004275469214392484,1.5984560451870617,0.0027859763108655494,1.4277928911847795
147,0.005718457132259839,1.2558996578617623,0.0030355836887287413,1.4185121265016172
148,0.007475047427667384,0.7450246495217846,0.002127050195768589,1.418449212100521
149,0.005732512331889844,1.2332832822676991,0.002954060814018096,1.4023011840037114
150,0.009975570921323638,2.0335458298192592,0.00248058940896146,1.4196943983248331
151,0.005133187075622273,0.8461970117626596,0.003298306686435056,1.4059240011112406
152,0.007069617120356484,2.0081316173479724,0.0029328123609748224,1.396382875687256
153,0.001013511512941723,0.5188029212677235,0.0011303923181156356,0.5188029212677235
154,0.006903902026806082,0.8141116494546531,0.00019360273697316817,0.6300981220955524
155,0.0026274819039321055,0.9273618495495703,0.0001516273119467191,0.4434988921676629
156,0.002593434174915075,1.3818264885449436,0.00034338870466440444,1.4202600311727702
157,0.004073178817473357,1.336870308677033,0.0006228972273247172,1.9943627942427145
158,0.008474989472252042,1.968219725764603,0.001229045972906025,2.7357186018548445
159,0.006176367093642173,0.7520342781785645,0.0021191111922742654,1.8417905880932748
160,0.00323278864310615,0.4096068575814849,0.0038652593702195124,1.2329199135386606
161,0.008174881128840197,0.8038103701191671,0.0025645694974922137,1.0631456593352213
162,0.0061143814144277555,1.3990075847622223,0.004116113444695986,1.1247220621558607
163,0.010669191416833269,2.3145673941845413,0.006539205245285508,1.4200212358966255
164,0.008946760600989818,1.164283279771533,0.005392915730173,1.4362682891858385
165,0.0068659109379109184,0.7329544475765315,0.004538587143176909,1.3927224246508918
166,0.007176470059183137,0.8393118874676107,0.005182157509426735,1.3753774363752123
167,0.004674590807465945,1.1047875612784386,0.005018012450332018,1.4134322423497618
168,0.007633644546713037,0.5930148958219092,0.006243806011489586,1.475946562700754
169,0.006492889128019386,0.7575545451575668,0.004502160882927697,1.2664127753406136
170,0.009978365954557802,0.8556998435328959,0.002419478688636054,1.190497264354025
171,0.008159729108786342,0.9994442900376649,0.005001071934578981,1.0386717996728985
172,0.009110308390522919,1.3368703086770295,0.002699442624339414,0.9581354134545222
173,0.010381289431805418,1.0883218478209693,0.003922541265673716,0.9918196493227458
174,0.004353894023824774,1.0442966798547046,0.0035131328617901718,0.9761474702896937
175,0.005829870533020057,0.6843488389215924,0.00250958775728032,0.9991706791704431
176,0.008608161575952449,1.1955937622973947,0.004356537401275055,0.9017654664608878
177,0.0105174008134003,1.4558311867948268,0.0036016098724990946,0.8742287276498402
178,0.01019075027493434,1.1792181967539133,0.0033136051970296264,0.8777943201984033
179,0.011120773815072054,0.9755340417774594,0.003359741781537269,0.8764105560365382
180,0.009472303277853708,0.5976807025680358,0.002550175679804777,0.8215387483486669
181,0.009741272653180526,1.3798148023879484,0.004232205874140659,0.7900860519903002
182,0.006533508338734526,1.2285944995988063,0.0036973405006724197,0.774940685124972
183,0.007240883366692565,0.9407443861113367,0.0036317454390753733,0.7988031432694992
184,0.003909581871577139,0.38514066694304405,0.004147094684523893,0.7705984701882154
185,0.0071553162856314205,0.7498147919467963,0.004314187962692984,0.7525998904589892
186,0.008602585231960946,1.1737877907772696,0.003455626154286004,0.7644826049019013
187,0.006098869650211307,0.8309967241545297,0.00437175208901561,0.8626577396490143
188,0.005339632373381202,1.38102216572444,0.00327833026085399,0.8408221874975542
189,0.005854193699329546,1.2780193008453908,0.003142813332612366,0.8710174605188716
190,0.003967032462836095,0.8383184226639532,0.002147684413817859,0.785554925264656
191,0.005417738168482305,0.9966610925150707,0.003206432839155116,0.7535479287393012
192,0.006779300516530392,1.2598500792642862,0.003900363397799561,0.813811480510587
193,0.009580686176964991,0.8175165645620465,0.0040837825190189365,0.8412041961337082
194,0.005448797772245404,0.6883958809354421,0.002441106110813955,0.8452048627067951
195,0.006143154569271734,0.9492687243932069,0.0041668051858907325,0.7783649144352552
196,0.007370710112449707,0.9492687243932112,0.003961728563880486,0.7987584537316719
197,0.009608583672674172,1.2122064363978775,0.004488953977675001,0.9079198564031112
198,0.009200046782217529,1.002219758558195,0.0035104499696473877,0.8969428913463867
199,0.008825419733673703,0.8137703743822481,0.004624620154118539,0.8667035341681549
200,0.013274167567698773,1.2071545974821243,0.004791606833606107,0.9208032260802914
201,0.006431219032509276,0.9611913903530821,0.004038465584002234,0.8912735613935113
202,0.004472982548195994,1.2163241527012647,0.002762761790424287,0.8945517832811973
203,0.007367226409044385,1.4514360704718157,0.0035748707222214775,0.8874604801027004
204,0.0010135196123735707,0.5188029212677235,0.0012427060321556409,0.5188029212677235
205,0.0050674237906692945,1.1547005383792501,0.000269020320822326,0.737628551287789
206,0.004019727631879268,1.2239099458520455,0.00023642169359302883,0.9774630827668659
207,0.0028424423166646734,0.9224122963428241,0.0003115061971202636,1.0125853482620306
208,0.005314334924501994,1.7781888413651563,0.0006368226575755952,1.8182659479151093
209,0.0021561484407274433,1.1772661362476862,0.0012086478767453215,3.8993706797293446
210,0.007660118611287606,0.957218191775871,0.0014711500042490905,2.7336496252558486
211,0.005124661139505096,1.2425064274369888,0.0018990732968037474,1.3833354027447249
212,0.0035384613194297584,0.8439062612504868,0.002439760339415948,0.7325538727154894
213,0.0030419095649328945,0.9972406374034787,0.00338198539867334,0.831708645017511
214,0.0030826780051853592,0.3542754734823054,0.0025143342315088724,0.8552394373008988
215,0.006303181675459631,1.3993014130073753,0.0041895603432886425,0.9627071040116083
216,0.004481653173217563,0.5663136155092086,0.004019175991210123,1.0735705432166864
217,0.002688837651993765,0.8898439313847275,0.0038247621448338205,1.0244143010493458
218,0.003632851155240647,0.5568163471418934,0.004495823946240401,0.981071920312042
219,0.004701691724222529,0.5603173703853542,0.004994654802440227,1.1693498741306512
220,0.0027802350886060954,0.6347002792219717,0.004199171808981691,1.0615831849201742
221,0.005185599792632149,0.6176658571680262,0.004242123024009752,1.1330228232798578
222,0.005040228782881087,0.42163702135578107,0.003645862653873757,1.1842590178586874
223,0.004163517540481352,0.4287449384216925,0.0037192739605909743,1.0336073465735878
224,0.0027558358132885245,0.6402777175222905,0.0037984117135358643,0.9583775526361781
225,0.008876712985791922,1.0168360514633403,0.00409675860385126,0.8750857948373415
226,0.005749574885084755,0.8890444308357136,0.004705984370493417,0.7882767267735333
227,0.004988235090516349,1.0410251357836326,0.004472048890347449,0.6378403861968042
228,0.004988542609182762,0.5678810517079158,0.002920060229661855,0.6373645007400457
229,0.005261561950909427,0.7499925925560113,0.003992700203421214,0.626005794406131
230,0.005915122055553973,0.9848632166730318,0.004579754537817544,0.6553686330262899
231,0.0019246183406121183,0.47590848793532875,0.004231008979797974,0.656185156412472
232,0.007011991321496845,0.774481905677738,0.004113974894255105,0.6790434582730254
233,0.004808835443201703,0.6816972283287538,0.003904070515596232,0.674242640216499
234,0.004702570599272138,0.6036923425424925,0.003559715968670795,0.6875329739396143
235,0.005025148739787371,0.8880440429518268,0.003297026830607918,0.672440132685286
236,0.0036651909198924556,0.5289822513300626,0.0048099451168211,0.6742426402164937
237,0.007876767673274554,1.053755189785557,0.004051160545220248,0.6813002074478468
238,0.004299324434605367,0.5309948733797294,0.0032698818654268193,0.681038178974847
239,0.0038908545481985976,0.7172788083366846,0.0024794463817223384,0.6789383106325262
240,0.004523104346233746,0.9747022337331771,0.002623137817912235,0.6882076111296062
241,0.006581893719895173,0.6028082429577207,0.003331557228248358,0.686623761742476
242,0.004313196289575536,0.3785351884420932,0.003716272154401035,0.6763570872423349
243,0.0053540663067687755,0.8808077101287343,0.004316850698266073,0.6667892750841267
244,0.0037800111871439733,0.7664057527039951,0.005418805181253625,0.6860516401888134
245,0.00364549270903532,1.0503755941989938,0.0038439515591143746,0.6909254056779973
246,0.007229764926760479,1.3018960531983053,0.00489293176903206,0.6915451161597145
247,0.007017659422597476,0.5805744281887262,0.002866356781536367,0.6806187235934783
248,0.007603157069540676,1.136075114887506,0.003743710779554813,0.6858695014306943
249,0.006664234977504328,0.9882869578776753,0.0027629624473682122,0.6833928184033771
250,0.004707445986471306,0.4224794538067984,0.004053001345847401,0.6938126522476099
251,0.00399190764532996,0.698697200350606,0.003147533453626401,0.696764786754147
252,0.005875850582293391,0.8499934640271576,0.00390974807518569,0.6754328311520499
253,0.008735620334636067,0.9572181917758715,0.003909864390980584,0.6786490706195175
254,0.004712808170391431,0.6504699156080244,0.0033341948188678546,0.6938126522476099
