Epoch,Train Loss,Train Accuracy,Val Loss,Val Accuracy
0,2.1503187894821165,62.839036755386566,2.11184675693512,63.85720321081537
1,1.3627851963043214,70.53333333333333,1.4321712732315064,70.96324461343472
2,1.1400339126586914,75.46666666666667,1.696600890159607,72.49260667511619
3,0.8446468949317932,78.86666666666667,2.8085691213607786,68.22982678495987
4,0.6650119066238404,80.6,3.581040287017822,62.34051542036333
5,0.5837121367454529,81.06666666666666,3.677873420715332,59.4296577946768
6,0.5245592415332794,82.46666666666667,2.8020890235900877,60.675961132234896
7,0.4642416536808014,83.86666666666667,1.9802736401557923,63.95859738065061
8,0.4179867446422577,86.2,1.5777083873748778,67.5369666244191
9,0.36927549839019774,87.33333333333333,1.4525936603546143,67.67638360794254
10,0.3321892201900482,88.53333333333333,1.3137291193008422,66.72581326573722
11,0.2951622188091278,89.26666666666667,1.2070747375488282,67.52429235318968
12,0.2864958971738815,89.06666666666666,1.12632896900177,68.10308407266582
13,0.2810666233301163,89.73333333333335,1.0453881919384003,68.78326996197718
14,0.28066885471343994,89.79999999999998,0.9696129441261292,69.37051119560626
15,0.27434870302677156,89.86666666666666,0.906365442276001,70.0126742712294
16,0.26516335904598237,90.26666666666668,0.8416460812091827,70.70975918884663
17,0.257687047123909,90.26666666666667,0.7845957517623902,71.49133924799324
18,0.25110994279384613,90.53333333333333,0.7434536218643188,72.29404309252217
19,0.24678049981594086,90.86666666666667,0.6997239291667938,73.29531051964513
20,0.2389547795057297,91.26666666666668,0.6685744106769562,74.19518377693284
21,0.23927952945232392,90.8,0.6051954507827759,75.75411913814955
22,0.23340198397636414,91.60000000000001,0.5697034478187561,77.10181664554287
23,0.2380041927099228,91.4,0.5349998354911805,78.40726658217153
24,0.23501878082752228,92.0,0.5078565120697022,79.51837769328263
25,0.23381683528423308,91.86666666666666,0.48762897253036497,80.6083650190114
26,0.23080821335315704,92.13333333333334,0.461304122209549,81.68145331643431
27,0.23193192780017852,91.93333333333332,0.4377302289009094,82.4630333755809
28,0.23394593000411987,91.33333333333334,0.42331470251083375,83.1263202365864
29,0.2283211827278137,92.06666666666666,0.4072312772274017,83.8149556400507
30,0.2306935429573059,91.93333333333332,0.41141496896743773,84.32615124630334
31,0.22919964790344238,91.53333333333333,0.39294450283050536,84.77820025348542
32,0.2315322518348694,91.4,0.38092065453529356,85.23447401774396
33,0.22964392006397247,91.66666666666666,0.3778226971626282,85.66539923954373
34,0.22940980195999144,91.73333333333333,0.37403584718704225,86.02027883396704
35,0.23195143043994904,91.73333333333332,0.36860344409942625,86.29488804393748
36,0.22937979996204377,91.86666666666666,0.3625747263431549,86.44697929869031
37,0.22667673528194426,91.86666666666666,0.3605693280696869,86.57372201098437
38,0.22654707431793214,92.46666666666667,0.35677669048309324,86.75116180819603
39,0.22907722294330596,92.13333333333333,0.3560730338096619,86.85678073510773
40,0.2314435362815857,91.66666666666666,0.35218396186828616,86.97507393324884
41,0.22735999822616576,91.53333333333333,0.3509343683719635,87.10181664554288
42,0.2283029794692993,91.73333333333333,0.3541288793087006,87.20321081537813
43,0.23443141877651213,91.66666666666666,0.3446223497390747,87.30038022813687
44,0.22734666466712952,92.13333333333333,0.3496798038482666,87.40177439797212
45,0.2351925790309906,91.8,0.3525485634803772,87.43979721166033
46,0.23263214528560638,91.13333333333334,0.349041223526001,87.46092099704266
47,0.2275020718574524,92.00000000000001,0.3497122645378113,87.48626953950148
48,0.22723869383335113,91.86666666666666,0.3464117765426636,87.51584283903676
49,0.23053719401359557,91.66666666666667,0.34927600622177124,87.55809040980144
50,0.2293596714735031,91.66666666666666,0.3443329095840454,87.59611322348965
51,2.1503188848495483,62.839036755386566,2.09659104347229,63.85720321081537
52,1.1784936666488648,72.0,1.706301486492157,67.3764258555133
53,0.8270803928375244,78.36666666666666,3.0410033464431763,59.64934516265315
54,0.6014011621475219,80.56666666666668,2.5593690633773805,60.17743979721166
55,0.49959332346916197,81.66666666666666,1.8233874917030335,64.3852978453739
56,0.39355469942092897,85.6,1.3898800551891326,67.15673848753697
57,0.35860579609870913,86.4,1.02370383143425,69.29024081115335
58,0.3216159284114838,88.26666666666668,0.9892964541912079,67.44402196873679
59,0.300462806224823,89.80000000000001,1.110828709602356,63.39247993240387
60,0.2683312952518463,89.6,1.0489420652389527,61.846218842416555
61,0.25631995499134064,90.56666666666666,0.8035439252853394,65.42881284326151
62,0.22522215247154237,91.86666666666667,0.6495280265808105,70.71820870299959
63,0.2087930530309677,91.9,0.5190761864185334,76.31178707224335
64,0.20516154170036316,91.96666666666667,0.4269245147705078,80.38445289395861
65,0.21506145894527434,92.13333333333334,0.3665233075618744,83.60371778622729
66,0.19866118133068084,92.66666666666667,0.32367637753486633,85.83861427967892
67,0.18322299420833588,92.86666666666666,0.29092406630516054,87.57921419518377
68,0.19920226633548738,93.30000000000001,0.2744491040706635,88.61427967891845
69,0.1865623950958252,93.20000000000002,0.26213859021663666,89.22686945500634
70,0.17156362533569336,93.4,0.25854561030864714,89.71271651880018
71,0.17422483265399932,93.4,0.2519738972187042,89.94507815800591
72,0.17925565242767333,93.66666666666667,0.24920835494995117,90.17321504013519
73,0.18587566614151002,94.0,0.24457765221595765,90.30840726658217
74,0.18121557533740998,93.4,0.24632361233234407,90.41402619349387
75,0.18797697722911835,93.66666666666667,0.24549225866794586,90.48162230671736
76,0.17919041216373444,93.73333333333333,0.24451495409011842,90.52809463455853
77,0.17416507005691528,94.06666666666666,0.24339286386966705,90.57456696239966
78,0.17864056229591369,93.80000000000001,0.24531693160533904,90.63371356147022
79,0.1820729196071625,93.70000000000002,0.2420322984457016,90.65483734685255
80,0.17201846539974214,93.96666666666667,0.24175406098365784,90.64216307562316
81,0.16950005888938904,94.13333333333334,0.24162983298301696,90.68441064638782
82,0.163535013794899,93.9,0.24011619985103608,90.65906210392902
83,0.19863037765026093,93.83333333333334,0.2404120534658432,90.66751161808196
84,0.17877567708492278,93.96666666666667,0.2460551977157593,90.6759611322349
85,0.17383676767349243,93.86666666666666,0.24267566800117493,90.66751161808196
86,0.1704336404800415,93.93333333333332,0.23817182183265687,90.66328686100549
87,0.17206401228904725,94.13333333333333,0.23995972871780397,90.7139839459231
88,0.18008480072021485,93.43333333333334,0.24594445526599884,90.65061258977607
89,0.16833269000053405,94.26666666666668,0.2405838042497635,90.64638783269963
90,0.16675091981887818,94.46666666666667,0.24211096167564392,90.64216307562315
91,0.16984567642211915,94.23333333333333,0.2422412723302841,90.6759611322349
92,0.1727040946483612,94.0,0.24100351929664612,90.63793831854669
93,0.1812083750963211,93.93333333333334,0.24176245629787446,90.62948880439373
94,0.1817106455564499,93.83333333333333,0.24203141927719116,90.6506125897761
95,0.16557705998420716,94.16666666666666,0.24360810220241547,90.64638783269962
96,0.16982216835021974,94.19999999999999,0.2425348699092865,90.65483734685256
97,0.18432376086711882,94.03333333333333,0.23946456015110015,90.69286016054077
98,0.17179370522499085,93.56666666666668,0.24222305417060852,90.68018588931136
99,0.1710925042629242,93.9,0.2422999322414398,90.59991550485847
100,0.1815255343914032,93.73333333333332,0.24314321875572203,90.62948880439373
101,0.16937993764877318,93.8,0.24237925410270691,90.62948880439374
102,2.1503188371658326,62.839036755386566,2.127632761001587,63.85720321081537
103,1.1940111637115478,73.60000000000001,1.0154861807823181,76.15124630333756
104,0.7881369709968566,78.95555555555555,2.0278948545455933,67.29615547106042
105,0.6101442813873291,80.71111111111111,2.7675333976745606,56.28221377270806
106,0.507933497428894,82.42222222222222,2.3471356868743896,56.11322348964934
107,0.3974781513214111,85.35555555555555,1.542172122001648,62.62357414448669
108,0.3459537744522095,87.51111111111112,1.0957254886627197,65.33164343050274
109,0.3027617812156677,88.97777777777779,0.9686627209186554,65.3781157583439
110,0.26207118630409243,90.02222222222223,0.9692663073539733,63.6417405999155
111,0.24757789969444274,90.55555555555556,0.8840549468994141,65.08660752006759
112,0.23187494277954102,91.15555555555555,0.7271407544612885,68.62272919307141
113,0.21049346029758453,92.15555555555554,0.5731202960014343,73.71778622729194
114,0.20494407117366792,92.04444444444445,0.4470234990119934,78.52978453738909
115,0.20421573221683503,92.28888888888889,0.36448392271995544,82.83903675538656
116,0.19460558891296387,92.79999999999998,0.31059893369674685,86.04562737642587
117,0.19663830399513244,92.62222222222223,0.27525120973587036,88.13265737220108
118,0.1904325634241104,92.95555555555555,0.2549681425094604,89.37896070975918
119,0.19085885882377623,92.91111111111111,0.24652785956859588,90.04224757076469
120,0.1858883798122406,92.82222222222222,0.23993884325027465,90.49852133502324
121,0.18180553019046783,93.35555555555557,0.23362945020198822,90.7013096746937
122,0.18504828512668609,93.13333333333334,0.2289646625518799,90.90832277144065
123,0.18273968398571014,93.26666666666667,0.22873147428035737,90.98859315589354
124,0.18317812085151672,92.88888888888889,0.22395582795143126,91.07308829742291
125,0.18036212921142578,93.66666666666667,0.22456106841564177,91.13223489649344
126,0.17938392758369445,93.22222222222221,0.22380344867706298,91.18293198141107
127,0.1812770277261734,93.4888888888889,0.22917796969413756,91.20828052386989
128,0.17635031938552856,93.73333333333335,0.2224734216928482,91.22095479509929
129,0.1802648514509201,93.35555555555557,0.22264555096626282,91.22095479509929
130,0.18298424184322357,93.04444444444445,0.22249836027622222,91.22517955217575
131,0.1802423506975174,93.28888888888889,0.22312417328357698,91.20828052386987
132,0.17711683809757234,93.79999999999998,0.22327683568000795,91.20405576679342
133,0.1780881404876709,93.28888888888889,0.22554040253162383,91.1787072243346
134,0.17967324256896972,93.6,0.22425698041915892,91.191381495564
135,0.17845060527324677,93.20000000000002,0.22448906302452087,91.19560625264047
136,0.1787262499332428,93.28888888888889,0.22129498720169066,91.18293198141107
137,0.18060092329978944,93.26666666666665,0.22495592534542083,91.16180819602873
138,0.17612871527671814,93.6,0.22255463898181915,91.17448246725812
139,0.17895060181617736,93.82222222222222,0.22294335961341857,91.17025771018166
140,0.18055424690246583,93.17777777777778,0.22476458549499512,91.18715673848753
141,0.17668118476867675,93.6,0.22458176612854003,91.18293198141107
142,0.17768501937389375,93.4888888888889,0.22698150277137757,91.17448246725812
143,0.17969219088554383,93.26666666666668,0.22578893899917601,91.15758343895227
144,0.17883816957473755,93.35555555555555,0.22288269698619842,91.1660329531052
145,0.17731862068176268,93.33333333333333,0.2225058048963547,91.16180819602873
146,0.17574427723884584,93.6888888888889,0.2223236858844757,91.15758343895227
147,0.1801289737224579,93.3111111111111,0.22520312070846557,91.15335868187579
148,0.18002515733242036,93.15555555555557,0.2257632166147232,91.1660329531052
149,0.17982086539268494,93.35555555555554,0.22226719856262206,91.15758343895226
150,0.17423538267612457,93.66666666666666,0.2232127994298935,91.1533586818758
151,0.18033773005008696,93.46666666666667,0.2241765707731247,91.16180819602872
152,0.17645406424999238,93.35555555555557,0.22537899315357207,91.15758343895226
153,2.150318741798401,62.839036755386566,2.1018526554107666,63.85720321081537
154,1.1195509552955627,73.96666666666667,1.1297756671905517,74.23320659062104
155,0.6785419464111329,79.98333333333333,2.9379652976989745,55.41191381495564
156,0.4951802670955658,81.06666666666668,1.8691003918647766,59.10012674271229
157,0.38522472977638245,86.23333333333333,1.0556620597839355,64.90916772285594
158,0.3098897457122803,88.33333333333333,0.8901156067848206,64.83312209547951
159,0.27118247747421265,89.08333333333333,0.8245650053024292,64.41064638783271
160,0.23306129574775697,90.63333333333334,0.6760024666786194,68.65230249260668
161,0.2357313334941864,90.73333333333333,0.4577172100543976,77.97634136037178
162,0.20612219274044036,91.71666666666667,0.32737365961074827,85.12040557667935
163,0.19472159147262574,92.56666666666666,0.23713927567005158,90.3041825095057
164,0.17782433629035949,93.38333333333333,0.2210894137620926,91.25475285171103
165,0.17308934032917023,93.31666666666668,0.2112622231245041,91.62230671736377
166,0.18009237945079803,93.3,0.2084726423025131,91.89269117025772
167,0.17213845551013945,93.38333333333333,0.20436908304691315,91.99408534009295
168,0.17320383787155152,93.83333333333334,0.2054213136434555,92.20109843683989
169,0.16533963084220887,93.81666666666666,0.19890749752521514,92.2771440642163
170,0.16862884759902955,94.1,0.19888608753681183,92.29826784959864
171,0.16628478169441224,93.91666666666666,0.20105953514575958,92.33629066328686
172,0.16350473165512086,94.3,0.19817546606063843,92.36586396282215
173,0.16267513036727904,94.23333333333332,0.19898304641246795,92.36586396282215
174,0.16007792949676514,94.13333333333334,0.19716221690177918,92.40388677651035
175,0.15510660409927368,94.28333333333333,0.1938386529684067,92.39121250528095
176,0.15756164789199828,94.33333333333334,0.19509466290473937,92.43346007604563
177,0.15866217613220215,94.33333333333334,0.19430148899555205,92.44190959019856
178,0.154607418179512,94.16666666666667,0.19479977786540986,92.44190959019856
179,0.15656082034111024,94.76666666666668,0.1945139765739441,92.44190959019856
180,0.156166273355484,94.38333333333334,0.19383262991905212,92.45458386142796
181,0.158653861284256,94.3,0.19414767026901245,92.46303337558089
182,0.15406660437583924,94.60000000000001,0.19438682198524476,92.4630333755809
183,0.16196553707122802,94.2,0.1941753149032593,92.44613434727503
184,0.1582608312368393,94.45,0.19298650622367858,92.44190959019856
185,0.15619583129882814,94.36666666666667,0.19442145228385926,92.44190959019856
186,0.16383980512619017,94.4,0.19241835176944733,92.4630333755809
187,0.15537452101707458,94.31666666666666,0.1952369123697281,92.45880861850443
188,0.16276564300060273,94.25,0.19680142402648926,92.42923531896915
189,0.15768264830112458,94.36666666666666,0.19730086326599122,92.47148288973384
190,0.15251653492450715,94.06666666666668,0.19292927980422975,92.47570764681032
191,0.16221595108509063,94.38333333333333,0.19307868480682372,92.45458386142798
192,0.15566067397594452,94.35,0.19443266093730927,92.45880861850443
193,0.16028477847576142,94.51666666666667,0.19488501250743867,92.47570764681032
194,0.15661645233631133,94.39999999999999,0.1943027436733246,92.45458386142796
195,0.16411712467670442,94.66666666666666,0.19506963193416596,92.43346007604562
196,0.15438806116580964,94.26666666666667,0.1933432012796402,92.4376848331221
197,0.15744828581809997,94.46666666666667,0.1939484715461731,92.45880861850443
198,0.1568698912858963,94.48333333333333,0.19637201130390167,92.46303337558089
199,0.16216356456279754,94.31666666666666,0.19470226764678955,92.48415716096324
200,0.1552945852279663,94.13333333333333,0.1962371587753296,92.47993240388679
201,0.15608173608779907,94.43333333333332,0.19346100389957427,92.48415716096326
202,0.16465411484241485,94.43333333333334,0.19405780732631683,92.45880861850443
203,0.15461304783821106,94.26666666666667,0.196950301527977,92.44190959019855
204,2.150318741798401,62.839036755386566,2.103197169303894,63.85720321081537
205,1.3516027450561523,69.94666666666667,1.5269333839416503,68.31432192648923
206,0.7939521551132203,74.98666666666668,2.8010952472686768,56.30756231516688
207,0.5445088028907776,79.10666666666665,1.8263444900512695,57.52429235318969
208,0.3708872079849243,85.86666666666667,1.2025373220443725,60.228136882129284
209,0.3130660355091095,87.96,1.076678419113159,59.9873257287706
210,0.2622062057256699,90.24,0.8885406613349914,61.068863540346435
211,0.24617507457733154,90.28,0.667663311958313,65.90621039290241
212,0.22033486962318422,91.21333333333334,0.4896851539611816,74.66413181242078
213,0.2116038382053375,91.36,0.3260522484779358,85.38234051542037
214,0.19457467496395112,92.24,0.24293320178985595,90.2112378538234
215,0.18243663907051086,92.94666666666666,0.21791386008262634,91.52936206168145
216,0.17945814728736878,93.26666666666667,0.20657141804695128,92.06168145331644
217,0.17512526512145996,93.36,0.20324651002883912,92.20532319391636
218,0.17399668097496032,93.22666666666666,0.20623579621315002,92.120828052387
219,0.17019983530044555,93.2,0.20929727256298064,91.98986058301648
220,0.16994151175022126,93.42666666666668,0.20522879362106322,92.03633291085762
221,0.16899935007095337,93.53333333333333,0.20750403702259063,92.08280523869878
222,0.16342326402664184,93.78666666666666,0.20355667173862457,92.1461765948458
223,0.16296069622039794,93.89333333333335,0.20300886034965515,92.1588508660752
224,0.16136281788349152,94.03999999999999,0.19791891276836396,92.20954795099283
225,0.16143786609172822,93.82666666666667,0.19681563675403596,92.2898183354457
226,0.1609444350004196,93.91999999999999,0.19964407980442048,92.35318969159273
227,0.15917873680591582,93.98666666666665,0.1981855183839798,92.41656104773976
228,0.16053001582622528,94.13333333333333,0.19498894810676576,92.44613434727503
229,0.15947105884552001,94.06666666666668,0.1947868287563324,92.44613434727503
230,0.15991257429122924,94.14666666666668,0.19629974961280822,92.45880861850443
231,0.1610848069190979,93.8,0.19752924144268036,92.47993240388676
232,0.15744807422161103,94.24000000000001,0.19538078904151918,92.49683143219265
233,0.15926095247268676,94.18666666666668,0.19430976808071138,92.50950570342205
234,0.1587968647480011,94.10666666666665,0.195909321308136,92.49683143219265
235,0.16014190018177032,94.09333333333333,0.19287465512752533,92.49683143219265
236,0.1577792465686798,94.14666666666668,0.19642079770565032,92.50950570342205
237,0.15833500623703003,94.24,0.19564526975154878,92.517955217575
238,0.16001984477043152,94.20000000000002,0.1960557371377945,92.52640473172792
239,0.15833513736724852,94.21333333333332,0.19564010798931122,92.50950570342204
240,0.1575761169195175,94.09333333333332,0.19405916035175325,92.52640473172792
241,0.15865323543548585,94.41333333333333,0.19598248600959778,92.5433037600338
242,0.15846594274044037,93.98666666666665,0.198314568400383,92.53062948880438
243,0.15815926790237428,94.24,0.19493196606636048,92.53485424588088
244,0.15683370232582092,94.02666666666667,0.19466592669486998,92.53062948880441
245,0.1578822910785675,94.23999999999998,0.19474671185016632,92.5433037600338
246,0.15839281380176545,94.12,0.19365049600601197,92.52640473172792
247,0.15674871802330018,94.12,0.19586360454559326,92.53907900295732
248,0.1587141066789627,94.21333333333332,0.19495568573474883,92.53907900295732
249,0.1592786967754364,94.22666666666666,0.1958072543144226,92.5433037600338
250,0.15709588229656218,94.16,0.19315487444400786,92.52640473172792
251,0.1583453208208084,94.04,0.1943151980638504,92.5433037600338
252,0.16010630130767822,93.89333333333333,0.1936889797449112,92.5433037600338
253,0.15920967757701873,94.09333333333333,0.19578580260276796,92.56020278833967
254,0.15678489208221436,94.25333333333334,0.19215927720069886,92.56020278833968
