Epoch,Repetition 1,Repetition 2,Repetition 3,Repetition 4,Repetition 5
0,62.48415716096324,61.21673003802282,61.44909167722856,63.793831854668355,65.25137304604985
1,67.66666666666667,70.33333333333333,71.0,69.66666666666667,74.0
2,73.0,78.66666666666667,75.33333333333333,74.0,76.33333333333333
3,77.0,79.33333333333333,78.66666666666667,78.66666666666667,80.66666666666667
4,81.0,80.66666666666667,80.33333333333333,82.0,79.0
5,82.0,81.0,81.33333333333333,81.66666666666667,79.33333333333333
6,83.0,82.33333333333333,81.66666666666667,83.33333333333333,82.0
7,84.66666666666667,84.0,85.0,82.0,83.66666666666667
8,87.0,86.0,90.0,84.66666666666667,83.33333333333333
9,87.66666666666667,86.33333333333333,89.33333333333333,86.33333333333333,87.0
10,90.33333333333333,86.33333333333333,88.66666666666667,88.66666666666667,88.66666666666667
11,89.33333333333333,87.0,89.33333333333333,89.0,91.66666666666667
12,88.0,86.33333333333333,90.0,89.33333333333333,91.66666666666667
13,90.66666666666667,86.66666666666667,90.0,90.66666666666667,90.66666666666667
14,90.0,87.33333333333333,90.33333333333333,90.33333333333333,91.0
15,90.0,87.33333333333333,91.0,89.33333333333333,91.66666666666667
16,91.0,87.33333333333333,90.66666666666667,90.66666666666667,91.66666666666667
17,89.66666666666667,87.66666666666667,91.66666666666667,90.33333333333333,92.0
18,90.66666666666667,87.0,92.33333333333333,90.66666666666667,92.0
19,91.0,87.66666666666667,92.66666666666667,91.0,92.0
20,90.66666666666667,89.0,93.33333333333333,90.66666666666667,92.66666666666667
21,90.33333333333333,88.66666666666667,92.0,90.33333333333333,92.66666666666667
22,91.66666666666667,89.66666666666667,93.0,90.66666666666667,93.0
23,90.66666666666667,89.66666666666667,93.0,90.66666666666667,93.0
24,91.66666666666667,89.0,94.0,92.0,93.33333333333333
25,91.66666666666667,89.0,93.33333333333333,92.0,93.33333333333333
26,92.66666666666667,90.33333333333333,93.0,91.66666666666667,93.0
27,92.33333333333333,89.0,93.0,92.0,93.33333333333333
28,91.33333333333333,89.33333333333333,92.66666666666667,90.66666666666667,92.66666666666667
29,93.0,89.66666666666667,93.33333333333333,91.0,93.33333333333333
30,92.0,90.0,93.0,91.33333333333333,93.33333333333333
31,90.66666666666667,89.66666666666667,92.66666666666667,91.0,93.66666666666667
32,90.66666666666667,89.33333333333333,93.33333333333333,90.66666666666667,93.0
33,92.33333333333333,90.0,92.0,90.66666666666667,93.33333333333333
34,91.33333333333333,90.0,93.0,91.66666666666667,92.66666666666667
35,92.0,89.66666666666667,93.33333333333333,91.33333333333333,92.33333333333333
36,92.66666666666667,89.33333333333333,92.33333333333333,91.0,94.0
37,92.33333333333333,89.33333333333333,93.66666666666667,91.33333333333333,92.66666666666667
38,92.0,90.0,93.66666666666667,92.66666666666667,94.0
39,92.33333333333333,90.0,94.33333333333333,91.0,93.0
40,92.0,89.33333333333333,93.66666666666667,91.0,92.33333333333333
41,91.33333333333333,88.66666666666667,92.66666666666667,91.66666666666667,93.33333333333333
42,92.0,89.66666666666667,92.66666666666667,91.0,93.33333333333333
43,92.0,89.0,93.0,91.33333333333333,93.0
44,92.33333333333333,88.66666666666667,94.33333333333333,91.33333333333333,94.0
45,92.33333333333333,89.33333333333333,93.33333333333333,90.66666666666667,93.33333333333333
46,91.66666666666667,89.33333333333333,92.66666666666667,89.66666666666667,92.33333333333333
47,91.66666666666667,90.66666666666667,93.33333333333333,91.66666666666667,92.66666666666667
48,92.33333333333333,89.33333333333333,93.66666666666667,91.0,93.0
49,91.33333333333333,88.66666666666667,93.66666666666667,92.66666666666667,92.0
50,92.33333333333333,90.33333333333333,92.0,91.0,92.66666666666667
51,62.48415716096324,61.21673003802282,61.44909167722856,63.793831854668355,65.25137304604985
52,73.16666666666667,70.16666666666667,73.0,70.66666666666667,73.0
53,78.0,76.33333333333333,79.16666666666667,77.5,80.83333333333333
54,83.16666666666667,80.33333333333333,79.66666666666667,81.66666666666667,78.0
55,82.33333333333333,83.0,85.0,76.66666666666667,81.33333333333333
56,86.16666666666667,84.66666666666667,87.66666666666667,82.33333333333333,87.16666666666667
57,88.0,84.16666666666667,85.16666666666667,85.33333333333333,89.33333333333333
58,90.66666666666667,87.66666666666667,87.83333333333333,87.0,88.16666666666667
59,91.5,88.66666666666667,91.0,89.16666666666667,88.66666666666667
60,90.83333333333333,89.0,91.33333333333333,87.66666666666667,89.16666666666667
61,89.83333333333333,90.66666666666667,92.0,88.83333333333333,91.5
62,91.16666666666667,92.66666666666667,92.33333333333333,90.16666666666667,93.0
63,91.83333333333333,91.83333333333333,91.83333333333333,90.66666666666667,93.33333333333333
64,92.33333333333333,91.66666666666667,92.66666666666667,91.16666666666667,92.0
65,92.0,92.66666666666667,92.66666666666667,90.83333333333333,92.5
66,93.66666666666667,92.16666666666667,93.5,91.5,92.5
67,93.33333333333333,92.33333333333333,93.5,91.66666666666667,93.5
68,93.66666666666667,92.33333333333333,94.16666666666667,92.66666666666667,93.66666666666667
69,93.83333333333333,93.16666666666667,94.16666666666667,91.16666666666667,93.66666666666667
70,94.0,93.16666666666667,94.33333333333333,92.5,93.0
71,94.66666666666667,92.83333333333333,94.33333333333333,92.0,93.16666666666667
72,95.5,92.66666666666667,94.5,91.5,94.16666666666667
73,94.0,93.5,94.83333333333333,93.0,94.66666666666667
74,93.83333333333333,94.16666666666667,94.5,91.33333333333333,93.16666666666667
75,94.0,92.66666666666667,95.5,92.0,94.16666666666667
76,93.66666666666667,93.16666666666667,95.16666666666667,92.0,94.66666666666667
77,94.83333333333333,93.33333333333333,95.5,92.5,94.16666666666667
78,94.66666666666667,93.16666666666667,95.5,92.0,93.66666666666667
79,94.66666666666667,92.16666666666667,95.5,92.0,94.16666666666667
80,94.5,93.66666666666667,95.16666666666667,93.16666666666667,93.33333333333333
81,94.0,93.66666666666667,95.66666666666667,92.83333333333333,94.5
82,94.66666666666667,93.33333333333333,95.33333333333333,92.0,94.16666666666667
83,95.16666666666667,93.66666666666667,95.33333333333333,91.33333333333333,93.66666666666667
84,94.33333333333333,93.66666666666667,94.83333333333333,92.83333333333333,94.16666666666667
85,93.83333333333333,94.0,95.0,92.16666666666667,94.33333333333333
86,94.0,92.83333333333333,95.83333333333333,93.0,94.0
87,94.5,93.33333333333333,95.5,93.83333333333333,93.5
88,94.5,91.83333333333333,95.66666666666667,92.0,93.16666666666667
89,94.5,93.66666666666667,96.16666666666667,92.16666666666667,94.83333333333333
90,95.16666666666667,94.33333333333333,96.0,93.16666666666667,93.66666666666667
91,95.0,93.66666666666667,95.0,92.83333333333333,94.66666666666667
92,94.66666666666667,93.33333333333333,95.33333333333333,92.5,94.16666666666667
93,94.83333333333333,93.5,95.66666666666667,91.5,94.16666666666667
94,94.0,92.83333333333333,95.16666666666667,92.83333333333333,94.33333333333333
95,94.66666666666667,92.33333333333333,95.83333333333333,93.16666666666667,94.83333333333333
96,94.83333333333333,93.33333333333333,95.5,92.83333333333333,94.5
97,94.5,93.5,95.5,92.33333333333333,94.33333333333333
98,94.16666666666667,92.83333333333333,95.5,91.16666666666667,94.16666666666667
99,94.83333333333333,93.83333333333333,94.83333333333333,91.5,94.5
100,95.0,92.5,94.83333333333333,92.33333333333333,94.0
101,94.0,93.0,95.33333333333333,92.5,94.16666666666667
102,62.48415716096324,61.21673003802282,61.44909167722856,63.793831854668355,65.25137304604985
103,72.77777777777777,72.44444444444444,75.11111111111111,73.0,74.66666666666667
104,78.0,77.22222222222223,79.88888888888889,79.88888888888889,79.77777777777777
105,82.55555555555556,80.33333333333333,78.88888888888889,80.33333333333333,81.44444444444444
106,82.88888888888889,82.88888888888889,83.55555555555556,80.88888888888889,81.88888888888889
107,86.33333333333333,83.33333333333333,86.88888888888889,82.55555555555556,87.66666666666667
108,88.22222222222223,86.66666666666667,86.88888888888889,87.77777777777777,88.0
109,89.33333333333333,88.44444444444444,88.66666666666667,88.55555555555556,89.88888888888889
110,91.11111111111111,89.55555555555556,88.22222222222223,89.55555555555556,91.66666666666667
111,91.0,90.33333333333333,90.33333333333333,89.88888888888889,91.22222222222223
112,92.55555555555556,90.44444444444444,90.77777777777777,90.44444444444444,91.55555555555556
113,93.88888888888889,91.44444444444444,90.88888888888889,92.33333333333333,92.22222222222223
114,93.11111111111111,91.55555555555556,91.22222222222223,91.88888888888889,92.44444444444444
115,93.0,91.66666666666667,91.66666666666667,92.33333333333333,92.77777777777777
116,93.44444444444444,92.11111111111111,92.33333333333333,92.55555555555556,93.55555555555556
117,93.66666666666667,92.33333333333333,92.0,92.44444444444444,92.66666666666667
118,93.44444444444444,92.22222222222223,91.88888888888889,93.66666666666667,93.55555555555556
119,93.22222222222223,92.33333333333333,92.22222222222223,93.0,93.77777777777777
120,92.77777777777777,92.11111111111111,92.66666666666667,93.0,93.55555555555556
121,93.55555555555556,92.66666666666667,93.22222222222223,93.22222222222223,94.11111111111111
122,94.0,92.11111111111111,93.22222222222223,92.55555555555556,93.77777777777777
123,93.55555555555556,92.22222222222223,93.22222222222223,93.55555555555556,93.77777777777777
124,93.22222222222223,92.33333333333333,92.11111111111111,93.0,93.77777777777777
125,94.0,92.77777777777777,93.44444444444444,93.66666666666667,94.44444444444444
126,94.11111111111111,92.77777777777777,92.55555555555556,93.33333333333333,93.33333333333333
127,94.22222222222223,92.0,93.0,93.44444444444444,94.77777777777777
128,93.88888888888889,92.88888888888889,94.11111111111111,93.66666666666667,94.11111111111111
129,93.88888888888889,92.88888888888889,93.11111111111111,93.22222222222223,93.66666666666667
130,94.22222222222223,92.44444444444444,92.88888888888889,92.44444444444444,93.22222222222223
131,94.33333333333333,92.66666666666667,92.22222222222223,93.33333333333333,93.88888888888889
132,94.22222222222223,93.33333333333333,94.0,93.11111111111111,94.33333333333333
133,93.22222222222223,92.33333333333333,93.22222222222223,93.22222222222223,94.44444444444444
134,94.44444444444444,92.11111111111111,93.0,94.0,94.44444444444444
135,93.66666666666667,92.66666666666667,93.0,92.66666666666667,94.0
136,94.22222222222223,92.88888888888889,92.22222222222223,93.33333333333333,93.77777777777777
137,93.66666666666667,92.11111111111111,92.55555555555556,93.88888888888889,94.11111111111111
138,94.11111111111111,92.77777777777777,93.22222222222223,93.55555555555556,94.33333333333333
139,94.22222222222223,93.0,93.44444444444444,93.44444444444444,95.0
140,94.11111111111111,92.33333333333333,93.0,92.77777777777777,93.66666666666667
141,94.33333333333333,93.44444444444444,92.88888888888889,93.77777777777777,93.55555555555556
142,93.77777777777777,92.88888888888889,93.11111111111111,93.22222222222223,94.44444444444444
143,93.66666666666667,92.66666666666667,93.33333333333333,92.11111111111111,94.55555555555556
144,94.11111111111111,92.44444444444444,92.88888888888889,93.55555555555556,93.77777777777777
145,94.0,92.22222222222223,92.88888888888889,93.33333333333333,94.22222222222223
146,94.0,93.0,93.44444444444444,94.0,94.0
147,94.0,92.77777777777777,93.33333333333333,92.88888888888889,93.55555555555556
148,93.11111111111111,92.88888888888889,92.88888888888889,93.44444444444444,93.44444444444444
149,94.0,92.33333333333333,93.33333333333333,93.55555555555556,93.55555555555556
150,93.77777777777777,93.11111111111111,93.66666666666667,93.44444444444444,94.33333333333333
151,93.66666666666667,92.33333333333333,93.44444444444444,93.66666666666667,94.22222222222223
152,93.77777777777777,93.11111111111111,93.33333333333333,93.11111111111111,93.44444444444444
153,62.48415716096324,61.21673003802282,61.44909167722856,63.793831854668355,65.25137304604985
154,72.16666666666667,72.41666666666667,76.58333333333333,73.0,75.66666666666667
155,79.08333333333333,79.58333333333333,78.83333333333333,80.41666666666667,82.0
156,81.66666666666667,79.33333333333333,84.16666666666667,78.91666666666667,81.25
157,87.91666666666667,84.66666666666667,86.58333333333333,86.66666666666667,85.33333333333333
158,88.5,87.91666666666667,88.83333333333333,87.58333333333333,88.83333333333333
159,89.08333333333333,88.83333333333333,89.91666666666667,89.5,88.08333333333333
160,91.0,90.41666666666667,91.75,89.75,90.25
161,91.66666666666667,90.58333333333333,91.66666666666667,89.83333333333333,89.91666666666667
162,91.83333333333333,91.41666666666667,93.0,90.41666666666667,91.91666666666667
163,92.83333333333333,91.91666666666667,93.58333333333333,92.58333333333333,91.91666666666667
164,93.66666666666667,93.08333333333333,93.58333333333333,92.75,93.83333333333333
165,93.41666666666667,92.75,93.66666666666667,93.25,93.5
166,93.66666666666667,92.91666666666667,93.41666666666667,93.0,93.5
167,94.08333333333333,93.16666666666667,94.33333333333333,92.83333333333333,92.5
168,94.5,92.75,95.0,93.0,93.91666666666667
169,93.83333333333333,93.5,94.16666666666667,93.58333333333333,94.0
170,94.75,93.66666666666667,94.5,93.33333333333333,94.25
171,94.16666666666667,92.91666666666667,94.91666666666667,93.75,93.83333333333333
172,94.33333333333333,93.5,95.16666666666667,93.75,94.75
173,94.5,93.33333333333333,94.83333333333333,94.25,94.25
174,94.75,93.41666666666667,94.58333333333333,93.75,94.16666666666667
175,95.08333333333333,93.41666666666667,95.0,93.58333333333333,94.33333333333333
176,94.75,93.91666666666667,94.75,93.66666666666667,94.58333333333333
177,94.66666666666667,93.75,95.0,93.83333333333333,94.41666666666667
178,94.0,93.91666666666667,94.83333333333333,93.66666666666667,94.41666666666667
179,95.41666666666667,93.91666666666667,95.33333333333333,94.41666666666667,94.75
180,95.16666666666667,93.25,95.16666666666667,94.0,94.33333333333333
181,95.08333333333333,93.75,95.0,93.16666666666667,94.5
182,94.91666666666667,93.91666666666667,95.0,94.0,95.16666666666667
183,94.75,93.33333333333333,94.75,94.0,94.16666666666667
184,95.16666666666667,93.5,94.75,94.75,94.08333333333333
185,94.66666666666667,93.16666666666667,94.91666666666667,94.41666666666667,94.66666666666667
186,95.0,94.0,95.08333333333333,93.75,94.16666666666667
187,94.83333333333333,93.66666666666667,95.0,93.75,94.33333333333333
188,94.66666666666667,93.41666666666667,95.08333333333333,93.33333333333333,94.75
189,94.58333333333333,93.66666666666667,94.75,94.08333333333333,94.75
190,94.33333333333333,93.66666666666667,94.66666666666667,93.66666666666667,94.0
191,94.58333333333333,94.0,94.83333333333333,94.58333333333333,93.91666666666667
192,94.83333333333333,93.5,94.83333333333333,93.66666666666667,94.91666666666667
193,94.83333333333333,94.25,94.5,93.91666666666667,95.08333333333333
194,94.83333333333333,93.58333333333333,95.0,94.0,94.58333333333333
195,94.83333333333333,94.16666666666667,94.75,94.58333333333333,95.0
196,94.08333333333333,93.58333333333333,94.83333333333333,94.08333333333333,94.75
197,94.16666666666667,93.66666666666667,95.41666666666667,94.25,94.83333333333333
198,94.83333333333333,93.5,95.16666666666667,94.25,94.66666666666667
199,94.75,93.33333333333333,94.75,94.0,94.75
200,94.83333333333333,93.0,94.58333333333333,94.08333333333333,94.16666666666667
201,94.83333333333333,94.0,95.5,93.58333333333333,94.25
202,94.91666666666667,93.83333333333333,95.08333333333333,94.16666666666667,94.16666666666667
203,94.41666666666667,93.25,94.58333333333333,94.33333333333333,94.75
204,62.48415716096324,61.21673003802282,61.44909167722856,63.793831854668355,65.25137304604985
205,68.4,68.26666666666667,71.73333333333333,68.73333333333333,72.6
206,74.26666666666667,74.13333333333334,74.93333333333334,75.13333333333334,76.46666666666667
207,77.6,76.6,83.86666666666666,76.46666666666667,81.0
208,86.86666666666666,84.0,86.06666666666666,85.73333333333333,86.66666666666667
209,87.86666666666666,87.73333333333333,89.06666666666666,87.2,87.93333333333334
210,90.33333333333333,90.13333333333334,90.4,90.33333333333333,90.0
211,89.6,90.06666666666666,90.33333333333333,89.66666666666667,91.73333333333333
212,91.2,90.53333333333333,92.26666666666667,90.66666666666667,91.4
213,91.66666666666667,90.33333333333333,91.93333333333334,91.0,91.86666666666666
214,92.2,92.13333333333334,92.8,91.0,93.06666666666666
215,92.66666666666667,93.06666666666666,93.2,92.6,93.2
216,93.4,93.26666666666667,93.6,92.4,93.66666666666667
217,93.8,92.53333333333333,94.0,92.53333333333333,93.93333333333334
218,93.46666666666667,92.93333333333334,93.46666666666667,92.4,93.86666666666666
219,93.6,92.86666666666666,93.73333333333333,92.33333333333333,93.46666666666667
220,93.93333333333334,92.46666666666667,94.33333333333333,92.66666666666667,93.73333333333333
221,93.8,93.2,94.13333333333334,92.66666666666667,93.86666666666666
222,93.53333333333333,93.4,94.8,93.26666666666667,93.93333333333334
223,93.66666666666667,93.2,94.8,93.26666666666667,94.53333333333333
224,93.86666666666666,93.53333333333333,94.2,93.53333333333333,95.06666666666666
225,94.06666666666666,93.2,94.46666666666667,93.13333333333334,94.26666666666667
226,94.13333333333334,93.53333333333333,94.33333333333333,93.26666666666667,94.33333333333333
227,93.8,94.0,94.26666666666667,93.46666666666667,94.4
228,94.33333333333333,93.8,95.06666666666666,93.13333333333334,94.33333333333333
229,94.26666666666667,93.46666666666667,94.6,93.2,94.8
230,94.66666666666667,93.93333333333334,94.53333333333333,93.6,94.0
231,93.73333333333333,93.8,94.13333333333334,93.26666666666667,94.06666666666666
232,94.33333333333333,93.73333333333333,94.73333333333333,93.66666666666667,94.73333333333333
233,94.26666666666667,94.46666666666667,94.66666666666667,93.4,94.13333333333334
234,94.0,93.33333333333333,94.66666666666667,93.26666666666667,95.26666666666667
235,94.06666666666666,93.86666666666666,94.33333333333333,93.33333333333333,94.86666666666666
236,94.0,93.4,94.6,93.73333333333333,95.0
237,94.46666666666667,94.53333333333333,94.4,93.13333333333334,94.66666666666667
238,94.2,93.73333333333333,94.66666666666667,93.73333333333333,94.66666666666667
239,94.66666666666667,93.6,94.8,93.6,94.4
240,94.33333333333333,94.0,94.46666666666667,93.33333333333333,94.33333333333333
241,94.26666666666667,94.06666666666666,95.13333333333334,93.73333333333333,94.86666666666666
242,94.33333333333333,94.06666666666666,93.93333333333334,93.26666666666667,94.33333333333333
243,94.2,93.93333333333334,94.33333333333333,93.66666666666667,95.06666666666666
244,94.06666666666666,93.8,94.2,93.8,94.26666666666667
245,94.33333333333333,93.8,95.2,93.26666666666667,94.6
246,94.2,93.66666666666667,94.4,93.86666666666666,94.46666666666667
247,94.53333333333333,93.4,94.73333333333333,93.66666666666667,94.26666666666667
248,94.53333333333333,93.73333333333333,94.53333333333333,93.66666666666667,94.6
249,93.8,94.33333333333333,94.73333333333333,93.66666666666667,94.6
250,94.13333333333334,93.73333333333333,94.6,93.33333333333333,95.0
251,94.4,93.6,94.6,92.93333333333334,94.66666666666667
252,94.13333333333334,93.26666666666667,94.73333333333333,93.06666666666666,94.26666666666667
253,94.4,93.86666666666666,94.53333333333333,92.86666666666666,94.8
254,94.13333333333334,93.73333333333333,94.46666666666667,93.73333333333333,95.2
