Epoch,Repetition 1,Repetition 2,Repetition 3,Repetition 4,Repetition 5
0,2.2827796936035156,2.20190691947937,2.261859178543091,2.1337132453918457,1.8713349103927612
1,1.6180932521820068,1.456822156906128,1.1915639638900757,1.309469223022461,1.237977385520935
2,1.3566933870315552,1.0929882526397705,1.0140739679336548,1.1571661233901978,1.0792478322982788
3,1.0099643468856812,0.8465582728385925,0.7540918588638306,0.840568482875824,0.7720515131950378
4,0.7704678773880005,0.7092599272727966,0.6323384642601013,0.5609177947044373,0.652075469493866
5,0.543229341506958,0.638077437877655,0.6033077836036682,0.5143134593963623,0.6196326613426208
6,0.5018100142478943,0.6164790391921997,0.5255317091941833,0.48339322209358215,0.4955822229385376
7,0.4164390563964844,0.5264161229133606,0.44127410650253296,0.4869362413883209,0.4501427412033081
8,0.39400631189346313,0.4398845434188843,0.3552565276622772,0.491537481546402,0.40924885869026184
9,0.3418334424495697,0.4164852201938629,0.3460952341556549,0.3994787037372589,0.34248489141464233
10,0.2985116243362427,0.40384602546691895,0.34099283814430237,0.3269590735435486,0.2906365394592285
11,0.2876988649368286,0.35442090034484863,0.3046678304672241,0.29307541251182556,0.2359480857849121
12,0.2853502631187439,0.3374688923358917,0.28503450751304626,0.28839221596717834,0.23623360693454742
13,0.27360662817955017,0.34816843271255493,0.28378742933273315,0.26883718371391296,0.23093344271183014
14,0.27336958050727844,0.3225908577442169,0.27861282229423523,0.29113054275512695,0.23764047026634216
15,0.28460267186164856,0.3215802013874054,0.26048293709754944,0.2801346182823181,0.22494308650493622
16,0.2625722885131836,0.3312581777572632,0.25112950801849365,0.264127641916275,0.21672917902469635
17,0.2593747079372406,0.3100457489490509,0.2434430569410324,0.25803178548812866,0.2175399363040924
18,0.26097050309181213,0.3102777898311615,0.21951980888843536,0.2521469295024872,0.21263468265533447
19,0.26959046721458435,0.29657232761383057,0.2182363122701645,0.253391832113266,0.1961115598678589
20,0.2608910799026489,0.269968718290329,0.22981591522693634,0.23749685287475586,0.19660133123397827
21,0.25828805565834045,0.28263363242149353,0.2257915735244751,0.23375718295574188,0.1959272027015686
22,0.23955175280570984,0.27394866943359375,0.22530411183834076,0.2330431193113327,0.19516226649284363
23,0.2545227110385895,0.28135767579078674,0.23010574281215668,0.24177493155002594,0.18225990235805511
24,0.24109220504760742,0.2760339081287384,0.22490687668323517,0.23791606724262238,0.19514484703540802
25,0.23086237907409668,0.28284531831741333,0.2227611094713211,0.23836009204387665,0.1942552775144577
26,0.24233965575695038,0.2725810408592224,0.21371571719646454,0.23445099592208862,0.19095365703105927
27,0.23023085296154022,0.2806985676288605,0.22373083233833313,0.23181715607643127,0.19318222999572754
28,0.2418176382780075,0.273108571767807,0.219347283244133,0.24668613076210022,0.18877002596855164
29,0.2279248684644699,0.27755165100097656,0.21181562542915344,0.2305130511522293,0.19380071759223938
30,0.23600326478481293,0.2800806164741516,0.21612602472305298,0.23616819083690643,0.1850896179676056
31,0.22927165031433105,0.2782666087150574,0.21741816401481628,0.2326498180627823,0.18839199841022491
32,0.2447410374879837,0.27710580825805664,0.21458502113819122,0.23339875042438507,0.18783064186573029
33,0.23866313695907593,0.2632129192352295,0.21901436150074005,0.24693253636360168,0.1803966462612152
34,0.2353387475013733,0.27137255668640137,0.21251332759857178,0.23305903375148773,0.1947653442621231
35,0.24220900237560272,0.26987147331237793,0.2139691710472107,0.24392268061637878,0.18978482484817505
36,0.22941337525844574,0.27876538038253784,0.2230256199836731,0.2321348935365677,0.18355973064899445
37,0.22505047917366028,0.2741856575012207,0.2137986272573471,0.23343797028064728,0.186910942196846
38,0.23757655918598175,0.26270949840545654,0.21672506630420685,0.22475293278694153,0.19097131490707397
39,0.22847962379455566,0.2845628559589386,0.21449247002601624,0.22821347415447235,0.189637690782547
40,0.23570485413074493,0.2857170104980469,0.2106238603591919,0.23220179975032806,0.1929701566696167
41,0.2387574017047882,0.271029531955719,0.2098141759634018,0.2279285490512848,0.18927033245563507
42,0.23857946693897247,0.2696790099143982,0.2138713151216507,0.23528099060058594,0.18410411477088928
43,0.25067687034606934,0.2861452102661133,0.21717311441898346,0.22185541689395905,0.1963064819574356
44,0.24072815477848053,0.27104029059410095,0.20998862385749817,0.22857075929641724,0.1864054948091507
45,0.23400263488292694,0.27963635325431824,0.2188914567232132,0.24773268401622772,0.1956997662782669
46,0.2466799020767212,0.26994869112968445,0.21125584840774536,0.23910266160964966,0.19617362320423126
47,0.24354243278503418,0.2639993727207184,0.20521527528762817,0.22957749664783478,0.19517578184604645
48,0.23124659061431885,0.2684190571308136,0.2071034461259842,0.23522257804870605,0.19420179724693298
49,0.24253906309604645,0.27070558071136475,0.22037340700626373,0.22235754132270813,0.19671037793159485
50,0.23681510984897614,0.2642665505409241,0.21318529546260834,0.23596985638141632,0.1965615451335907
51,2.2827796936035156,2.201907157897949,2.26185941696167,2.1337132453918457,1.8713349103927612
52,0.9959954023361206,1.6347706317901611,0.9943352937698364,1.2324658632278442,1.0349011421203613
53,0.9260634183883667,0.9732822179794312,0.7072803974151611,0.9344079494476318,0.5943679809570312
54,0.5912620425224304,0.72269207239151,0.5140128135681152,0.5617690086364746,0.6172698736190796
55,0.4983261823654175,0.5383049249649048,0.41173112392425537,0.5547378063201904,0.49486657977104187
56,0.37911176681518555,0.4350137412548065,0.4555653929710388,0.3892706334590912,0.3088119626045227
57,0.3755248785018921,0.353370726108551,0.3595118820667267,0.39960771799087524,0.3050137758255005
58,0.30469784140586853,0.26184988021850586,0.3209250569343567,0.4418392777442932,0.27876758575439453
59,0.33162903785705566,0.324804425239563,0.3415067791938782,0.24240732192993164,0.2619664669036865
60,0.27933865785598755,0.28547942638397217,0.24505752325057983,0.2728278636932373,0.2589530050754547
61,0.269547700881958,0.26561084389686584,0.2370755523443222,0.2872038781642914,0.22216179966926575
62,0.20215854048728943,0.2454405426979065,0.18727761507034302,0.2730817496776581,0.21815231442451477
63,0.174249067902565,0.2106100618839264,0.2212185561656952,0.21918144822120667,0.2187061309814453
64,0.17109492421150208,0.21820706129074097,0.17772412300109863,0.2442738115787506,0.2145077884197235
65,0.19750432670116425,0.22005809843540192,0.1979435831308365,0.22815534472465515,0.23164594173431396
66,0.15319785475730896,0.20545274019241333,0.22586973011493683,0.19949862360954285,0.20928695797920227
67,0.16132786870002747,0.18311837315559387,0.18896085023880005,0.18662606179714203,0.19608181715011597
68,0.16814133524894714,0.23213419318199158,0.2306710183620453,0.21767623722553253,0.1473885476589203
69,0.15886646509170532,0.18456363677978516,0.16896575689315796,0.2572045922279358,0.16321152448654175
70,0.16021761298179626,0.1822088658809662,0.16619324684143066,0.18631726503372192,0.16288113594055176
71,0.16436147689819336,0.1957041621208191,0.1645028442144394,0.19433513283729553,0.15222054719924927
72,0.16080285608768463,0.18823179602622986,0.1788543164730072,0.2125662863254547,0.1558230072259903
73,0.15092293918132782,0.23738205432891846,0.14524239301681519,0.18979918956756592,0.20603175461292267
74,0.18122874200344086,0.20506009459495544,0.1434689462184906,0.20932072401046753,0.16699936985969543
75,0.16257771849632263,0.19892948865890503,0.20811690390110016,0.19346553087234497,0.17679524421691895
76,0.17630499601364136,0.19904428720474243,0.14524675905704498,0.20529474318027496,0.17006127536296844
77,0.165113627910614,0.19539493322372437,0.15599171817302704,0.20672276616096497,0.14760230481624603
78,0.13569781184196472,0.2195463329553604,0.18203192949295044,0.19861865043640137,0.15730808675289154
79,0.15832120180130005,0.1877506524324417,0.18129906058311462,0.19212758541107178,0.19086609780788422
80,0.1627175211906433,0.18734723329544067,0.1585986465215683,0.15339788794517517,0.19803103804588318
81,0.1410597264766693,0.20154479146003723,0.14681272208690643,0.19060268998146057,0.16748036444187164
82,0.1449015885591507,0.1598387360572815,0.12559331953525543,0.2069617509841919,0.18037967383861542
83,0.1986808478832245,0.23021195828914642,0.1541643738746643,0.22140702605247498,0.18868768215179443
84,0.170633465051651,0.1986701786518097,0.16765445470809937,0.15945841372013092,0.19746187329292297
85,0.1508447527885437,0.17171335220336914,0.1625959277153015,0.20377114415168762,0.18025866150856018
86,0.16852036118507385,0.16045743227005005,0.19331204891204834,0.17653930187225342,0.15333905816078186
87,0.1458454430103302,0.16910642385482788,0.17146968841552734,0.21037712693214417,0.16352137923240662
88,0.1337488442659378,0.2375665158033371,0.1717378944158554,0.17059902846813202,0.1867717206478119
89,0.15113800764083862,0.1704573780298233,0.16981689631938934,0.16847969591617584,0.18177147209644318
90,0.15467426180839539,0.17938637733459473,0.151300311088562,0.1884511113166809,0.15994253754615784
91,0.14997577667236328,0.17663824558258057,0.15535259246826172,0.1974131166934967,0.16984865069389343
92,0.16229553520679474,0.18106108903884888,0.15458837151527405,0.18817253410816193,0.17740294337272644
93,0.17084148526191711,0.1840527057647705,0.19538560509681702,0.1960967779159546,0.1596653014421463
94,0.16953635215759277,0.1817738264799118,0.1712137758731842,0.21155226230621338,0.1744770109653473
95,0.12465694546699524,0.17902299761772156,0.15847298502922058,0.19984862208366394,0.16588374972343445
96,0.14437511563301086,0.19985079765319824,0.14107206463813782,0.22404086589813232,0.13977199792861938
97,0.18108227849006653,0.18521122634410858,0.1723802387714386,0.2210865616798401,0.16185849905014038
98,0.15251614153385162,0.18766602873802185,0.16361470520496368,0.19537892937660217,0.1597927212715149
99,0.13895796239376068,0.1627064347267151,0.17001011967658997,0.21117839217185974,0.1726096123456955
100,0.1907465159893036,0.16456803679466248,0.1785479187965393,0.1971210539340973,0.17664414644241333
101,0.15625888109207153,0.18117597699165344,0.15278398990631104,0.18695718050003052,0.16972365975379944
102,2.2827796936035156,2.201907157897949,2.2618589401245117,2.1337132453918457,1.8713351488113403
103,1.298771619796753,1.3455002307891846,1.048771858215332,1.2210123538970947,1.055999755859375
104,0.867666482925415,0.9089343547821045,0.6894749999046326,0.7960001230239868,0.6786088943481445
105,0.5882408022880554,0.6561798453330994,0.6265192031860352,0.619036078453064,0.5607454776763916
106,0.5295153856277466,0.5467389822006226,0.4418417513370514,0.5293152332305908,0.49225613474845886
107,0.3633938133716583,0.47216296195983887,0.37434476613998413,0.43995657563209534,0.337532639503479
108,0.3409910202026367,0.3738117516040802,0.35721060633659363,0.3270496129989624,0.3307058811187744
109,0.32113248109817505,0.3011361360549927,0.2911788821220398,0.318515419960022,0.28184598684310913
110,0.2510918974876404,0.274386465549469,0.2700042724609375,0.28497180342674255,0.2299014925956726
111,0.23946505784988403,0.2719504237174988,0.23990005254745483,0.2617029547691345,0.22487100958824158
112,0.2107507437467575,0.25144124031066895,0.24310670793056488,0.24562090635299683,0.20845511555671692
113,0.19521977007389069,0.23127110302448273,0.22361811995506287,0.21359089016914368,0.1887674182653427
114,0.19504785537719727,0.21718481183052063,0.21442590653896332,0.20922577381134033,0.188836008310318
115,0.19558416306972504,0.21907517313957214,0.20956167578697205,0.21108907461166382,0.18576857447624207
116,0.18942850828170776,0.21163927018642426,0.19835853576660156,0.20254428684711456,0.1710573434829712
117,0.1837771236896515,0.20716619491577148,0.2109607756137848,0.2043534517288208,0.17693397402763367
118,0.18066558241844177,0.2084900438785553,0.20080257952213287,0.19422543048858643,0.1679791808128357
119,0.1762036383152008,0.2084599882364273,0.19642192125320435,0.200332373380661,0.17287637293338776
120,0.17511285841464996,0.20597347617149353,0.1888856142759323,0.19553261995315552,0.16393733024597168
121,0.17301303148269653,0.20494131743907928,0.19126924872398376,0.1842477172613144,0.1555563360452652
122,0.1756705641746521,0.20490683615207672,0.18540433049201965,0.19554106891155243,0.16371862590312958
123,0.17207805812358856,0.20042301714420319,0.18875087797641754,0.1886986792087555,0.16374778747558594
124,0.1791684329509735,0.1980835199356079,0.18997474014759064,0.18724747002124786,0.1614164412021637
125,0.17123235762119293,0.1974053978919983,0.19204354286193848,0.1789827048778534,0.1621466428041458
126,0.171465665102005,0.2046234905719757,0.1810826063156128,0.17589524388313293,0.16385263204574585
127,0.17743727564811707,0.19526104629039764,0.18951097130775452,0.18629248440265656,0.15788336098194122
128,0.1702207773923874,0.1925368309020996,0.1832602173089981,0.17811885476112366,0.15761491656303406
129,0.17263726890087128,0.19659173488616943,0.18278838694095612,0.18464428186416626,0.16466258466243744
130,0.17394143342971802,0.2018425464630127,0.18661218881607056,0.19161921739578247,0.16090582311153412
131,0.1726541519165039,0.1936410665512085,0.1926422417163849,0.1838945746421814,0.1583797186613083
132,0.17873819172382355,0.19093407690525055,0.17906200885772705,0.17982901632785797,0.15702089667320251
133,0.17228108644485474,0.19972391426563263,0.18234217166900635,0.18085043132305145,0.15524309873580933
134,0.16611552238464355,0.19891847670078278,0.1855180710554123,0.18414293229579926,0.16367121040821075
135,0.1679902970790863,0.1900968849658966,0.18299239873886108,0.19185705482959747,0.15931639075279236
136,0.17223817110061646,0.19811475276947021,0.18279248476028442,0.18022125959396362,0.16026458144187927
137,0.17383813858032227,0.20007026195526123,0.19157686829566956,0.18138518929481506,0.15613415837287903
138,0.1669739931821823,0.1960173398256302,0.17939871549606323,0.1792127788066864,0.15904074907302856
139,0.17305879294872284,0.19365760684013367,0.18561477959156036,0.1870146095752716,0.15540722012519836
140,0.17241834104061127,0.19750769436359406,0.18213316798210144,0.18895676732063293,0.1617552638053894
141,0.16763485968112946,0.1902746558189392,0.17988835275173187,0.18385857343673706,0.1617494821548462
142,0.17534193396568298,0.18582598865032196,0.18766002357006073,0.18836025893688202,0.151236891746521
143,0.17632153630256653,0.19579029083251953,0.17787760496139526,0.19183781743049622,0.15663370490074158
144,0.17093971371650696,0.19321367144584656,0.188387930393219,0.18780803680419922,0.15384149551391602
145,0.17099851369857788,0.1915707141160965,0.1826322078704834,0.18470419943332672,0.15668746829032898
146,0.17400899529457092,0.1897435486316681,0.1809331774711609,0.17561978101730347,0.15841588377952576
147,0.17291060090065002,0.19581690430641174,0.18028602004051208,0.1897057294845581,0.16192561388015747
148,0.1710595339536667,0.19702839851379395,0.1899438500404358,0.18265047669410706,0.15944352746009827
149,0.1741611659526825,0.19727560877799988,0.18151938915252686,0.1829397976398468,0.16320836544036865
150,0.17053569853305817,0.18867745995521545,0.1802617907524109,0.17957910895347595,0.1521228551864624
151,0.1754576712846756,0.19613389670848846,0.19338908791542053,0.17943154275417328,0.157276451587677
152,0.16778364777565002,0.1876080334186554,0.17663301527500153,0.18445684015750885,0.16578878462314606
153,2.2827794551849365,2.201907157897949,2.2618589401245117,2.1337132453918457,1.8713349103927612
154,1.2926918268203735,1.2259126901626587,0.9270798563957214,1.180289626121521,0.9717807769775391
155,0.6837599277496338,0.7473292350769043,0.7147963047027588,0.6832430362701416,0.5635812282562256
156,0.501269519329071,0.5874220728874207,0.39990583062171936,0.544278085231781,0.4430258274078369
157,0.4137173593044281,0.4043401777744293,0.3744525909423828,0.3555608093738556,0.3780527114868164
158,0.31308653950691223,0.3147931396961212,0.2882888913154602,0.3235572278499603,0.3097229301929474
159,0.2596169412136078,0.28395605087280273,0.25131362676620483,0.272536963224411,0.28848880529403687
160,0.23456113040447235,0.2405925840139389,0.20778079330921173,0.2592568099498749,0.22311516106128693
161,0.21652762591838837,0.26364561915397644,0.22558154165744781,0.2459268569946289,0.22697502374649048
162,0.20555631816387177,0.21834616363048553,0.1815069317817688,0.2280966192483902,0.19710493087768555
163,0.18652208149433136,0.2178219109773636,0.17696356773376465,0.20417211949825287,0.1881282776594162
164,0.17171233892440796,0.19920198619365692,0.15468339622020721,0.18111787736415863,0.18240608274936676
165,0.1670905202627182,0.19586710631847382,0.16363529860973358,0.17304076254367828,0.16581301391124725
166,0.17417258024215698,0.1861649751663208,0.17292475700378418,0.19631129503250122,0.170888289809227
167,0.17342565953731537,0.17369461059570312,0.15989799797534943,0.18384893238544464,0.16982507705688477
168,0.17010891437530518,0.17949259281158447,0.16050124168395996,0.19146783649921417,0.1644486039876938
169,0.17156147956848145,0.17004425823688507,0.15438584983348846,0.1757356971502304,0.15497086942195892
170,0.16415713727474213,0.1818418949842453,0.15473216772079468,0.17598670721054077,0.16642633080482483
171,0.16253973543643951,0.1879010647535324,0.14625711739063263,0.17477571964263916,0.15995027124881744
172,0.16371619701385498,0.19037498533725739,0.14610035717487335,0.16716380417346954,0.150168314576149
173,0.15628203749656677,0.1728523224592209,0.1571919471025467,0.16942889988422394,0.15762044489383698
174,0.1642029732465744,0.1832079291343689,0.1473591923713684,0.15920640528202057,0.1464131474494934
175,0.15097485482692719,0.16826510429382324,0.1437428742647171,0.16872723400592804,0.14382295310497284
176,0.16677533090114594,0.16838903725147247,0.1470738649368286,0.16133081912994385,0.14423918724060059
177,0.14321549236774445,0.1783074140548706,0.15214043855667114,0.16778503358364105,0.1518625020980835
178,0.15036393702030182,0.17287451028823853,0.13856159150600433,0.16400682926177979,0.14723022282123566
179,0.1466020792722702,0.17495645582675934,0.1499093621969223,0.1581878364086151,0.1531483680009842
180,0.1579236388206482,0.17321711778640747,0.14881668984889984,0.15973469614982605,0.1411392241716385
181,0.15959496796131134,0.17493128776550293,0.14747308194637299,0.16828332841396332,0.14298664033412933
182,0.1514965444803238,0.16984467208385468,0.15062373876571655,0.15308816730976105,0.1452798992395401
183,0.15503107011318207,0.186048686504364,0.15703660249710083,0.1625935584306717,0.14911776781082153
184,0.15353067219257355,0.1732698678970337,0.1471412181854248,0.16727237403392792,0.1500900238752365
185,0.15446192026138306,0.17021112143993378,0.14039641618728638,0.16464954614639282,0.1512601524591446
186,0.17876136302947998,0.16392789781093597,0.14658118784427643,0.17790071666240692,0.15202786028385162
187,0.14889317750930786,0.16839970648288727,0.150839701294899,0.16073614358901978,0.14800387620925903
188,0.1603102684020996,0.1675066202878952,0.15314456820487976,0.19243033230304718,0.14043642580509186
189,0.1617865115404129,0.17329634726047516,0.15180249512195587,0.16199760138988495,0.13953028619289398
190,0.15986408293247223,0.17014507949352264,0.1415616124868393,0.14787127077579498,0.14314062893390656
191,0.15184353291988373,0.18025748431682587,0.151460662484169,0.1697043627500534,0.15781371295452118
192,0.14638537168502808,0.1815284937620163,0.1539730429649353,0.15013040602207184,0.14628605544567108
193,0.16433121263980865,0.16590414941310883,0.1486586034297943,0.17238815128803253,0.15014177560806274
194,0.16217368841171265,0.16587156057357788,0.15448689460754395,0.1595376878976822,0.14101243019104004
195,0.1860647350549698,0.18721191585063934,0.14602772891521454,0.1610434353351593,0.14023780822753906
196,0.15575724840164185,0.17043937742710114,0.1458330601453781,0.15696121752262115,0.1429494023323059
197,0.1548396795988083,0.1784173995256424,0.139208123087883,0.1702895611524582,0.144486665725708
198,0.1644524335861206,0.1664220541715622,0.15588760375976562,0.15680433809757233,0.14078302681446075
199,0.15431348979473114,0.1721656322479248,0.15339230000972748,0.17376112937927246,0.15718527138233185
200,0.15072548389434814,0.16826574504375458,0.1410064846277237,0.1717001050710678,0.14477510750293732
201,0.15007975697517395,0.17140541970729828,0.14447185397148132,0.16391624510288239,0.15053540468215942
202,0.16116780042648315,0.18469996750354767,0.17646832764148712,0.15846186876296997,0.14247260987758636
203,0.15137945115566254,0.17294205725193024,0.1427174061536789,0.16094845533370972,0.1450778692960739
204,2.2827796936035156,2.201907157897949,2.2618589401245117,2.1337132453918457,1.8713346719741821
205,1.5256444215774536,1.4794117212295532,1.1995925903320312,1.3715242147445679,1.1818407773971558
206,0.8700194358825684,0.8994461894035339,0.7559996247291565,0.7586696743965149,0.6856258511543274
207,0.6040598750114441,0.6459488272666931,0.4262942969799042,0.5896492600440979,0.45659175515174866
208,0.3801947832107544,0.38502538204193115,0.3643585741519928,0.3721418082714081,0.35271549224853516
209,0.3330289125442505,0.32867932319641113,0.2833418548107147,0.3348565995693207,0.28542348742485046
210,0.26337578892707825,0.2616851329803467,0.25790300965309143,0.2809251546859741,0.24714194238185883
211,0.25674018263816833,0.2560274600982666,0.2381674200296402,0.2631199061870575,0.21682040393352509
212,0.22130461037158966,0.23284585773944855,0.20842032134532928,0.23541422188282013,0.2036893367767334
213,0.21225082874298096,0.23096220195293427,0.19930005073547363,0.2215747833251953,0.19393132627010345
214,0.19848281145095825,0.20521794259548187,0.18839319050312042,0.20023095607757568,0.18054847419261932
215,0.18771637976169586,0.1870291382074356,0.17451803386211395,0.19299030303955078,0.16992934048175812
216,0.18350231647491455,0.18626219034194946,0.17038406431674957,0.19096656143665314,0.16617560386657715
217,0.17942200601100922,0.18075676262378693,0.16446785628795624,0.19179242849349976,0.15918727219104767
218,0.18249811232089996,0.18260230123996735,0.16953016817569733,0.1819649338722229,0.1533878892660141
219,0.17380021512508392,0.17823301255702972,0.16461972892284393,0.1803387999534607,0.1540074199438095
220,0.17079772055149078,0.18085457384586334,0.16185198724269867,0.18147516250610352,0.15472811460494995
221,0.17343181371688843,0.1763705462217331,0.16535677015781403,0.17613036930561066,0.15370725095272064
222,0.17003224790096283,0.16933012008666992,0.15717943012714386,0.1743149310350418,0.1462595909833908
223,0.170659139752388,0.17115460336208344,0.15621037781238556,0.1713787317276001,0.14540062844753265
224,0.16679637134075165,0.17377324402332306,0.15460290014743805,0.16982083022594452,0.1418207436800003
225,0.167091965675354,0.172177255153656,0.15838174521923065,0.16837318241596222,0.14116518199443817
226,0.1680179387331009,0.17171049118041992,0.15684302151203156,0.1664707064628601,0.1416800171136856
227,0.16799931228160858,0.16354234516620636,0.1526651233434677,0.16727936267852783,0.14440754055976868
228,0.16705870628356934,0.16779594123363495,0.15293586254119873,0.17248320579528809,0.1423763632774353
229,0.1639045774936676,0.16992127895355225,0.15226878225803375,0.17095208168029785,0.14030857384204865
230,0.16402028501033783,0.16892699897289276,0.15641088783740997,0.16573381423950195,0.14447088539600372
231,0.16515398025512695,0.16437335312366486,0.15684349834918976,0.16647176444530487,0.15258143842220306
232,0.16393999755382538,0.16503961384296417,0.1533014178276062,0.1638900637626648,0.14106927812099457
233,0.16444037854671478,0.1654585897922516,0.15199382603168488,0.16897594928741455,0.14543601870536804
234,0.16561608016490936,0.16781608760356903,0.15108482539653778,0.16853423416614532,0.140933096408844
235,0.1683095097541809,0.1598612666130066,0.15596628189086914,0.172221839427948,0.14435060322284698
236,0.1655331701040268,0.1679857224225998,0.15348273515701294,0.1639266461133957,0.13796795904636383
237,0.16400602459907532,0.16517053544521332,0.1509845107793808,0.16896097362041473,0.14255298674106598
238,0.16568468511104584,0.166826531291008,0.15361057221889496,0.17015142738819122,0.14382600784301758
239,0.15928544104099274,0.16785657405853271,0.1513432413339615,0.16810493171215057,0.14508549869060516
240,0.16107600927352905,0.1626344472169876,0.1534922868013382,0.16870255768299103,0.1419752836227417
241,0.162885382771492,0.16623471677303314,0.1570468544960022,0.16898930072784424,0.13810992240905762
242,0.16309009492397308,0.165513813495636,0.15654419362545013,0.1659017950296402,0.14127981662750244
243,0.16476018726825714,0.16446124017238617,0.15354467928409576,0.16821186244487762,0.13981837034225464
244,0.1627168506383896,0.16498667001724243,0.1504138857126236,0.1643911451101303,0.1416599601507187
245,0.16366614401340485,0.1659243255853653,0.14996623992919922,0.16911901533603668,0.14073573052883148
246,0.16351349651813507,0.16871841251850128,0.15528269112110138,0.1634182184934616,0.14103125035762787
247,0.1628056764602661,0.16382662951946259,0.15138517320156097,0.16388867795467377,0.14183743298053741
248,0.16156603395938873,0.16869688034057617,0.1544143110513687,0.16910666227340698,0.13978664577007294
249,0.16693802177906036,0.16774433851242065,0.15142671763896942,0.1700475960969925,0.14023680984973907
250,0.1637960821390152,0.166446253657341,0.15117421746253967,0.16380101442337036,0.14026184380054474
251,0.16582539677619934,0.16815322637557983,0.14982423186302185,0.16722898185253143,0.1406947672367096
252,0.1675724983215332,0.17036612331867218,0.15333543717861176,0.1686914712190628,0.14056597650051117
253,0.16333401203155518,0.160521999001503,0.15457499027252197,0.17361612617969513,0.14400126039981842
254,0.16113902628421783,0.16512177884578705,0.15326444804668427,0.16537919640541077,0.13902001082897186
