Epoch,Train Loss,Train Accuracy,Val Loss,Val Accuracy
0,0.14883294901024,1.5113415228134828,0.1750156723599952,1.2994819854551194
1,0.15605220051268473,2.0612833111653726,0.3623296351481617,4.947343866512836
2,0.11748105366177737,1.9618585292749564,0.9551695220764607,5.85354386201249
3,0.09035535483600533,1.1850925889754125,2.68465639845535,5.718095942856105
4,0.07092156016186535,0.9752492558885199,3.4925828247796145,7.908440571298159
5,0.047084801281194195,0.9285592184789434,2.3647632277786377,6.744419451559789
6,0.04796254997441234,0.6182412330330446,0.8467031027333536,6.708783875272645
7,0.03845018803367636,1.0456258094238753,0.8501888672953701,10.424654646228422
8,0.04577273515639907,2.266666666666667,0.9783628317533137,10.807225883002767
9,0.03209086833467323,1.1155467020454344,0.8692074823848179,10.79060686412875
10,0.04025012199714535,1.275408431313933,0.6920859380121727,10.322227156409879
11,0.03786375034700512,1.4817407180595261,0.6301003571329923,10.766373785100136
12,0.03203619271381752,1.8061622912192117,0.5709724791196017,10.762372752804344
13,0.03802263043919908,1.5549205052920798,0.5055953621104471,10.463849124823202
14,0.027480355878943243,1.2754084313139338,0.4433302734798691,10.023533317086786
15,0.03163102760995342,1.4996295838936022,0.3779996531825593,9.610673292940332
16,0.03719981232735421,1.5114378731672877,0.31340592282493496,8.9716334895057
17,0.03019629932254367,1.554920505292079,0.2621742983610285,8.350236369439669
18,0.034863798750976054,1.892675942210451,0.22660341390312605,7.695747263096424
19,0.03584785226771146,1.7204650534085244,0.1947103513507637,7.153168749925617
20,0.025777993113949665,1.554920505292079,0.16570830404094128,6.610774274096893
21,0.029437213908351918,1.4079141387961922,0.14131932829499402,5.935180769436995
22,0.02533706245188244,1.3063945294843595,0.12353762959596594,5.2118333444344165
23,0.032669300059959556,1.3564659966250514,0.10441332814696463,4.555679185714731
24,0.026152256573169233,1.7256238807393036,0.08296299043883996,3.9366847740523054
25,0.028707170074523426,1.586050300449374,0.06918424941293118,3.46167221264698
26,0.027465440943505053,1.0241527663824828,0.06559216964206538,2.8708273510066618
27,0.028106543846749224,1.5405626677721778,0.05031415041707067,2.4278719930390515
28,0.02832656636116517,1.2649110640673549,0.05164720661466385,2.106260680249779
29,0.02790231636798613,1.4817407180595215,0.04108285820215685,1.756168047636324
30,0.030948920846520466,1.1999999999999995,0.044732974024198645,1.4799921619475334
31,0.02906387146112294,1.4391355429948607,0.03305286078914843,1.2830747911759508
32,0.02983938411781719,1.5260697523012787,0.036930901674113226,1.1370013613381322
33,0.028444337659961457,1.1925695879998852,0.03313473057912569,1.0228450113142706
34,0.025671273311447092,1.0624918300339496,0.035402597776849426,0.8757993767929736
35,0.027523962448196215,1.218377792166468,0.037654257401511446,0.8159798668699855
36,0.03028656988311542,1.5860503004493776,0.0327308108600112,0.78875207639138
37,0.028469705527295917,1.4696938456699102,0.03516031251786356,0.8706075313449434
38,0.0236418945740593,1.4236104336041757,0.03568016128542478,0.8427728568846583
39,0.03113824135231851,1.5143755588800714,0.032800642750453544,0.806961779643821
40,0.0312346078608477,1.445298892578589,0.03705904322735361,0.8212345310642706
41,0.02755333282795055,1.5999999999999979,0.03572131157394572,0.7960724904445373
42,0.02838340115605601,1.2892719737209124,0.0371200914328605,0.803526139198858
43,0.031137587019659768,1.475729574745244,0.033038428509289015,0.8381006601031022
44,0.02852078751365904,2.050474199897291,0.03812944812185854,0.8238384625505127
45,0.028140107018080847,1.5719768163402115,0.040002546333235786,0.7649727401917776
46,0.026145368793206076,1.375984496036687,0.03831114150331821,0.7802201027564794
47,0.025041341275169885,0.9189365834726787,0.03695705053986419,0.7851231080907383
48,0.02558316908196008,1.5434449203720324,0.040365002266743354,0.7754472275052535
49,0.02478712134191166,1.6865480854231358,0.037245994086308,0.779006713755207
50,0.023043853162461766,0.869226987360355,0.03602717071058654,0.789860112996294
51,0.14883300127406632,1.5113415228134828,0.16565569440764152,1.2994819854551194
52,0.24451601289126082,1.3038404810405284,0.40553491718959717,7.715944857198643
53,0.14913009285610584,1.53260852434302,1.2144197025197077,5.0437548598624256
54,0.06967572564058985,1.7562586496426003,0.8518968325987086,9.58570661343
55,0.049564535588878605,2.7728845790780543,0.9210714582341643,11.578278014800821
56,0.050936158533801824,1.928153981863946,0.7920867864895513,12.650811974616161
57,0.031201745254918943,1.9396448701301514,0.5216495404854126,11.954468059464164
58,0.06347962457543507,1.2587471725666153,0.3536003134706276,7.829586261987284
59,0.04025136898377425,1.208304597359455,0.3094887694665379,3.6365318958302257
60,0.014594933027398812,1.3274871834493214,0.23790817365064137,3.183387397157744
61,0.023461616298975838,1.1382247385975937,0.1633348108277691,3.3432913488259004
62,0.03072791914347461,1.0509255180289612,0.13033294270423168,4.244932813001364
63,0.017647489492587806,0.8472176684759195,0.10883549624755437,4.332273636993254
64,0.027205344828445114,0.5206833117271089,0.07834937978078355,4.034711576800067
65,0.01464742902637464,0.6944222218666585,0.053889874625066114,3.640147390565672
66,0.02435960960602352,0.8164965809277266,0.0453739655145404,2.768895603101115
67,0.011741044713973466,0.7408703590297608,0.026219818602452413,1.8949813382025986
68,0.034829655879540275,0.6863753427324695,0.014905029853765541,1.2687642573435547
69,0.036376598036369716,1.0666666666666655,0.013749761058129594,0.8637536248525923
70,0.010620260017618552,0.6716480559869945,0.01605004068433093,0.7659520698544715
71,0.0175600523471038,0.9809292646374782,0.017826895615121723,0.7552750310126425
72,0.02039571086790307,1.414213562373095,0.015646694217161555,0.7336251432425962
73,0.034488624122841795,0.6912147117775905,0.014974660884419108,0.7739957897358613
74,0.02443509427829192,1.1234866364235163,0.014319022913810927,0.7701814420327395
75,0.016284052759670105,1.2247448713915887,0.01550721987653508,0.7574696079244427
76,0.021538109495861824,1.118530782370836,0.015127550611207897,0.7853504098841227
77,0.022928107146205762,1.0624918300339485,0.013454946769586126,0.743293151241051
78,0.029607640161962438,1.2083045973594573,0.01320131118874129,0.7608786321826926
79,0.01245307908793345,1.388044187577134,0.01230771116980285,0.729379563477149
80,0.01746396328166233,0.7557189365836432,0.0164023128874405,0.8303555564215318
81,0.023663612780507697,0.9392668535736938,0.014009277629313699,0.8076913516816737
82,0.028178230048455453,1.1527744310527057,0.01200647213574281,0.7924545221930442
83,0.02680394441450557,1.437590576856523,0.015274224486085477,0.8664769746206538
84,0.01617466530827139,0.6782329983125266,0.012485092234998656,0.8436407240257251
85,0.017870678444095688,0.9392668535736892,0.014482617967017705,0.8000757457551867
86,0.013828309990723132,1.0677078252031305,0.012009980767264427,0.8183388263829838
87,0.02115365338862886,0.7916228058025291,0.012395117724400979,0.7688129305063198
88,0.0336319313974685,1.4704496666741875,0.011809666557359502,0.7786171129737722
89,0.00982849677244814,1.323295549418613,0.011154196879735526,0.7736498079610565
90,0.014570340735094433,1.0187137859957405,0.015017707458446349,0.817684242494965
91,0.016798602122324473,0.8537498983243812,0.011141831591294615,0.7861454486098765
92,0.012391195972802003,0.9944289260117534,0.013941984613712462,0.7977299033828066
93,0.014158566546553945,1.4126413400278066,0.014913442826893192,0.808530649437827
94,0.01549999512500161,0.9006170724070893,0.014621334971276458,0.7809060910805126
95,0.02482076114564271,1.2516655570345718,0.012527826632899666,0.72333467359126
96,0.035266186182865936,0.9797958971132728,0.015822318437578343,0.813811480510591
97,0.02005060615106087,1.061445555206045,0.013639891964096913,0.7635715189514951
98,0.01667775507092719,1.4666666666666663,0.012490035458868093,0.7784795602630501
99,0.023295091870101935,1.2543258481484505,0.013621250417751017,0.7546840026483871
100,0.011388569700521297,1.1284207253207175,0.013084241906768511,0.7051168921005503
101,0.013385154178798521,0.985449699939631,0.014049201248533462,0.7757463925322624
102,0.14883284042054545,1.5113415228134828,0.16214604014539294,1.2994819854551194
103,0.12230646706779726,1.076344981183322,0.1905459117702358,3.468574445175441
104,0.09242225324122536,1.1256822348367908,0.9427472403506771,9.524868255022744
105,0.03282218600733688,1.228468885429802,0.5284222215459349,1.9515725609312449
106,0.03753057626675265,0.9333333333333346,0.5902506314945144,1.5271547254159588
107,0.050344011486085215,2.0286832072937258,0.7134744416185974,9.012829839095113
108,0.01741997506408857,0.6190394789859611,0.41910958791735253,8.334358938431775
109,0.015231129148539977,0.550644964149503,0.3198044212082132,7.038627869566476
110,0.01946521101694179,1.2300757780531595,0.2963760311170516,3.0643150661476373
111,0.016934624330170123,0.4868644955601511,0.33135792630471245,5.024413912287778
112,0.01839926169155021,0.8092062869348073,0.25787089425115495,5.306967577423411
113,0.016241106585800063,1.0149499774817097,0.19235950554413397,5.718133399759401
114,0.011094851846692615,0.6688851974796619,0.10918997260759053,4.894333209292214
115,0.01192834060140483,0.5515410509329236,0.05807177022446282,3.3020902385013384
116,0.013773713075241917,0.589622184952071,0.03162186859771202,2.1411475663435366
117,0.013632048733589343,0.5648117789839506,0.024997355383776596,1.665133215073529
118,0.014474418699609852,0.7456871882472236,0.02327374161819131,1.4120045773160974
119,0.013918621951954178,0.5769224438109835,0.02004338487042973,1.138068320236122
120,0.014855075338329186,0.4693047129320633,0.019683065808604655,0.8664769746206491
121,0.01671597514105794,0.4734950167258328,0.018010362003838966,0.8093911290124582
122,0.014473999734236832,0.714574897369488,0.017003973623277224,0.7165417171168372
123,0.013105012384058104,0.5515410509329236,0.01480701019430644,0.6861296848554851
124,0.012446468226752603,0.6045098003882409,0.013363605887250005,0.6367481210180228
125,0.012992212421510387,0.5577733510227187,0.013707269706791862,0.656593037327316
126,0.013827595489110067,0.5397759022884955,0.015137047575066303,0.6733950023985776
127,0.013042336811661023,0.9650689222492643,0.011378552664911617,0.6636231417690321
128,0.011844527561117863,0.4532461789860272,0.010183813755732051,0.6335163754618286
129,0.010897022614631522,0.3678432301610409,0.012791564377461791,0.6485518145236133
130,0.014230877786412346,0.657717714975503,0.014578944701710646,0.6430241264367959
131,0.013282899260632615,0.7717224601860108,0.014830198647964341,0.6478358822722029
132,0.01103205635972248,0.48888888888888893,0.01325780655161848,0.6481388731986513
133,0.014487591575017734,0.6725664866854029,0.017221181363898653,0.6491019943091239
134,0.013148353455462076,0.9124651185621233,0.012370228163970423,0.6346985725965713
135,0.012739959349246684,0.541602560309063,0.012866981427628666,0.6427187243172471
136,0.012470859891828407,0.6942444156361463,0.00976200313476915,0.6364677510863201
137,0.015129437745901463,0.7875575620741928,0.010990873794045897,0.6308341852109878
138,0.012582283269308507,0.5691665988829201,0.012649939353065362,0.6336290606949261
139,0.013525825050717297,0.7083278866893001,0.011619180282680374,0.6167277169777708
140,0.012490872280571863,0.6347936380927015,0.014713054634485903,0.6279700292331357
141,0.010501190697208769,0.469304712932063,0.008584704813821554,0.6329526483743345
142,0.014033747421301661,0.5604231205741537,0.013739451386315275,0.6189521443789554
143,0.01380588915193409,0.8391647817110752,0.011280045387933603,0.6227183014721537
144,0.014598156204795161,0.606141408754928,0.01005429729641229,0.6002129492244355
145,0.012259619495287232,0.7302967433402214,0.008859838672287006,0.5960651653149658
146,0.010258695899256615,0.4061259307221572,0.013720736566352483,0.5921596511833724
147,0.012010972452077131,0.4466611387164862,0.013454810837767135,0.5843924909200775
148,0.013404244613030305,0.24944382578492993,0.013640205998818994,0.5851555451856638
149,0.01118291679651782,0.5551109331909707,0.016914711967869908,0.6024687273333615
150,0.012458716913903614,0.40368671387966293,0.01211417775850445,0.5881978634206001
151,0.013973657620816081,0.6222222222222261,0.01318363161387747,0.572076413343836
152,0.008688058301693578,0.2474561939035531,0.013513196084762535,0.5810538655497836
153,0.14883288736420905,1.5113415228134828,0.1564591024977228,1.2994819854551194
154,0.1441255811310862,1.806316079145001,0.3244153966591864,6.871894331476102
155,0.062147186373848334,1.144309592918127,0.1523218053179614,0.5211028495522899
156,0.06745891979388986,1.8777942142607418,0.6935780176748851,4.543301481477242
157,0.021093388938910575,1.1321071798494473,0.3765194750843099,6.185849435438506
158,0.0117276388859828,0.502770104299944,0.28719221256521926,4.989515018043014
159,0.014092839664711643,0.6213783960769115,0.2211571748099969,4.2022934686630835
160,0.0172232643247781,0.6863753427324664,0.18978960179203067,7.244503749861114
161,0.016921168179105828,0.8051914886120799,0.06932957309485067,3.839572100365888
162,0.016247111634228158,0.8343327340522534,0.05005935256270051,2.8800513252939597
163,0.014484394355427489,0.624499799839836,0.0325184088995663,2.2131840663235782
164,0.014571913724279033,0.40345728123034,0.018484568320828468,1.2182400384703205
165,0.011807952036042478,0.31358146203711434,0.011351201194178161,0.7729804707504496
166,0.0097063251719097,0.2915475947422654,0.010090926975384388,0.5570274515876474
167,0.0076992766158119315,0.7102425250887487,0.010170601588543729,0.46491527316391157
168,0.011141909228500616,0.8579691784155834,0.009893693927208997,0.3914232301445031
169,0.008904152367892246,0.2494438257849316,0.010550749137351465,0.41082368504074834
170,0.009451853832533547,0.5254627590144821,0.007768379488413659,0.4407942361900286
171,0.014104030998670122,0.6476453075908487,0.013256041433929455,0.42382547372993085
172,0.015596258101146147,0.6159906204192123,0.011693950883789639,0.42196843224955505
173,0.0070096422443362534,0.4983305462575357,0.009191527142009362,0.28359419428539623
174,0.013425833054933027,0.49888765156985665,0.012765964704724164,0.33174432495818434
175,0.011244502425519071,0.6924192692613649,0.008516423178140784,0.3091298374301062
176,0.01003805275816435,0.4533823502911787,0.012926619757260272,0.31991204085581193
177,0.012621652573344324,0.48016200969626627,0.009903388239331162,0.3343702397534346
178,0.012263231875334929,0.41163630117427963,0.009671602300334753,0.3237939375810694
179,0.009961022400321247,0.5637178175095903,0.010172922889273992,0.343324877970593
180,0.010829421547976158,0.7295356209413117,0.007980632847828174,0.3803220087850211
181,0.01207508650680922,0.7389933092465096,0.012469136300041782,0.4090385278397812
182,0.00831347674946124,0.5307227776030222,0.009606074700228244,0.3893658608362957
183,0.012789361989118763,0.528625050905125,0.010847971444461963,0.40973609991396054
184,0.0101907936588715,0.5883120864907614,0.010497838178652859,0.40066202685352303
185,0.010439181418333493,0.6204836822995429,0.01075670109595746,0.3608150312259571
186,0.013097723430074934,0.5410894360249293,0.010115278923030166,0.39142323014450187
187,0.007941048564063705,0.5436502143433343,0.011969994882534214,0.37716458167580236
188,0.017318536556287623,0.7283924461137381,0.012440366460136219,0.3725459684841345
189,0.011343126203626794,0.4268749491621885,0.009619574457231873,0.38688257620424715
190,0.010901820610543237,0.3887301263230189,0.009650683672933228,0.41959303820651145
191,0.01117332737063607,0.3597838857487116,0.01123579156221289,0.40376832452793826
192,0.013240020904301198,0.6289320754704386,0.00786968291626836,0.4186561602648899
193,0.009300441344171885,0.4129837231121255,0.011059969472393691,0.4037683245279377
194,0.008638217891631913,0.5307227776030223,0.008236335798429464,0.3782042554682727
195,0.019605930429068236,0.2838231060987714,0.0100221744328345,0.412081687759914
196,0.009697128641120973,0.4666666666666676,0.012239071113316154,0.4061044306108281
197,0.014913846184966929,0.6023103666530877,0.010152675809370345,0.37763751550631774
198,0.009038751662213212,0.573488351136176,0.010066012767520118,0.3744097852320166
199,0.008920616866170763,0.5710613899670621,0.011384485248546322,0.39595689104723136
200,0.012434452023760622,0.6293735862833052,0.012420998912103864,0.3862823641964489
201,0.00997767226623823,0.6695769808866896,0.008445749644836492,0.3916511596054668
202,0.014723649650772415,0.4813176359397882,0.009175152538464994,0.3714424104830307
203,0.011126293566546116,0.528099317258495,0.010893060858809917,0.4122981968316314
204,0.14883301918458677,1.5113415228134828,0.1794754752241295,1.2994819854551194
205,0.14067602305587837,1.8395168447780557,0.7624623990829709,10.550335882601109
206,0.07916445997031893,0.8320256406305434,0.4404641706949551,1.9622438991855289
207,0.08669272899040209,2.890167238529054,0.5651600508313173,3.1893250530128965
208,0.011497193193629336,1.0180591556704566,0.3489382921376382,2.7108459204386537
209,0.02351491984579224,0.6104279009205099,0.3202844388044213,2.6723517132509733
210,0.010931495948681083,0.14966629547095675,0.2182605674658604,3.501378142045466
211,0.016862013800455575,0.7744819056777398,0.1196410389459223,3.432546877876046
212,0.012679765847540094,0.6173779681488116,0.06459912463796784,3.1371659006296384
213,0.013698798885507108,0.6104279009205135,0.02166655134386795,1.9157771095284177
214,0.00889371970472437,0.7138004700972878,0.017063009998969866,1.2422941106122554
215,0.00871186960066423,0.2612789058968736,0.010495257304193973,0.41112769330639337
216,0.009527421939018206,0.45607017003965333,0.009543674979004251,0.36475095385127604
217,0.011794660342334744,0.6780363805381943,0.013041122980639398,0.4957568368975367
218,0.011441119889229977,0.5087675740890341,0.014982966694402288,0.5144845265186615
219,0.009732678749651892,0.524933858267456,0.01704771153976937,0.567817409933633
220,0.010485618503750101,0.7310266752998805,0.0140507752297118,0.510129576615922
221,0.008624956647500535,0.5299895177160463,0.012704822836563706,0.5603818180640872
222,0.010303156416234163,0.5536143864540439,0.01550511818461148,0.600212949224434
223,0.010499449963302775,0.6567258856546515,0.011240279588916975,0.5581478136543147
224,0.011684770471884947,0.5697562831792398,0.011037445759569593,0.5629241099772168
225,0.011097058415075862,0.5539354154090906,0.01195851696951745,0.4624131235323039
226,0.010811304140770544,0.4389887368841149,0.010180195189142606,0.4681671373787971
227,0.009198686515506416,0.3330665599145822,0.01115991776212068,0.39789048341262684
228,0.011185012172805436,0.6422183775355856,0.009627240552193835,0.4031489797409316
229,0.0116597658020511,0.6282250127674504,0.010797679373329682,0.3817740717391564
230,0.008749028953963092,0.39642849992849555,0.010191846821741436,0.3897324091507824
231,0.005416419358700714,0.30695638488590343,0.009302425937456473,0.372162493376346
232,0.00923834933931901,0.46494922064433736,0.008223642391125455,0.364261289307982
233,0.008983966232033746,0.4328715488199437,0.009822789280285942,0.36061710744188363
234,0.010965894521101315,0.7712615927455787,0.008769737591543272,0.35407396433894595
235,0.00979300139155309,0.5070174224488407,0.008678554821251771,0.3466875917013729
236,0.011072787583201342,0.580268137253036,0.009456598264342354,0.3551309790226891
237,0.009948849325376766,0.5603173703853502,0.009449525730514524,0.3744097852320114
238,0.009842657089283308,0.41739935579996246,0.007997679352563873,0.36888686021027567
239,0.009071375314493863,0.517085851457745,0.008350274948660552,0.3751717494599592
240,0.009183651822004086,0.4100948399794596,0.01070108884713393,0.3715385021701844
241,0.011016645096377481,0.5153639490690061,0.008077075764370022,0.37335954533647187
242,0.009223916904395692,0.3919183588453069,0.008315045090126578,0.3723063428283617
243,0.010411768336162714,0.4725345372445128,0.006902345441926161,0.38872356959521337
244,0.009269884083705828,0.19595917942265567,0.011752868523699184,0.3829410796324317
245,0.01078016373070398,0.6634589495799862,0.011575483427825935,0.38046277321231703
246,0.009687010075040704,0.30811253355443713,0.009297009822913005,0.38196103260821673
247,0.008819032136891067,0.5084180257316673,0.010345579428137727,0.38312747101832
248,0.010886059800240705,0.4203702072115822,0.008307254103537207,0.37440978523201623
249,0.011580574909549834,0.4249967320135777,0.009248781273841988,0.3759796444661941
250,0.00995722738359561,0.5941941321375255,0.011095930766115678,0.3772592158716667
251,0.011092492775277733,0.6714495099740891,0.010455283998205098,0.3860512649450136
252,0.011509839986534855,0.6290733926445591,0.00971028583793895,0.3860512649450136
253,0.009788302845762573,0.6845598748263191,0.011872150554409034,0.3679178885860117
254,0.009902613437941608,0.5471542540982189,0.009334473770132688,0.3744097852320162
