Epoch,Train Loss,Train Accuracy,Val Loss,Val Accuracy
0,2.1442885398864746,57.46666666666667,1.8910001516342163,62.63805220883534
1,2.498633623123169,67.33333333333333,1.6340112686157227,54.84437751004016
2,0.2670367360115051,100.0,174.86558532714844,44.20180722891566
3,0.31783977150917053,92.33333333333333,599.6041259765625,55.79819277108434
4,0.16885340213775635,94.0,1145.52685546875,55.79819277108434
5,0.034909021109342575,100.0,761.7821044921875,55.79819277108434
6,0.02801632322371006,100.0,393.95758056640625,55.79819277108434
7,0.020683899521827698,100.0,141.42596435546875,55.79819277108434
8,0.011867731809616089,100.0,28.599224090576172,56.33785140562249
9,0.008370631374418736,100.0,11.057236671447754,70.01757028112449
10,0.006843624170869589,100.0,5.887604236602783,68.59939759036145
11,0.0058359140530228615,100.0,4.047945976257324,54.80672690763052
12,0.005412074271589518,100.0,3.817190170288086,55.78564257028113
13,0.0055317566730082035,100.0,3.656384229660034,55.79819277108434
14,0.005392266437411308,100.0,3.519026279449463,55.81074297188755
15,0.005091961473226547,100.0,3.384368419647217,55.79819277108434
16,0.005245085805654526,100.0,3.2753422260284424,55.79819277108434
17,0.004929151851683855,100.0,3.181131362915039,55.79819277108434
18,0.005395984742790461,100.0,3.1088814735412598,55.79819277108434
19,0.004906884860247374,100.0,3.039543390274048,55.79819277108434
20,0.004819253459572792,100.0,3.006451368331909,55.79819277108434
21,0.005097660701721907,100.0,2.981577157974243,55.79819277108434
22,0.004740086384117603,100.0,2.9638280868530273,55.79819277108434
23,0.004723156802356243,100.0,2.9545974731445312,55.79819277108434
24,0.004580995999276638,100.0,2.938915729522705,55.79819277108434
25,0.00474282493814826,100.0,2.941932439804077,55.79819277108434
26,0.004536021500825882,100.0,2.927633762359619,55.79819277108434
27,0.004923677537590265,100.0,2.9295272827148438,55.79819277108434
28,0.004745286889374256,100.0,2.9295101165771484,55.79819277108434
29,0.004651246126741171,100.0,2.923290729522705,55.79819277108434
30,0.004560305271297693,100.0,2.9251649379730225,55.79819277108434
31,0.004253711085766554,100.0,2.930140256881714,55.79819277108434
32,0.004687006585299969,100.0,2.9352657794952393,55.79819277108434
33,0.004663270432502031,100.0,2.939690589904785,55.79819277108434
34,0.00451734708622098,100.0,2.9351744651794434,55.79819277108434
35,0.004596582148224115,100.0,2.9401309490203857,55.79819277108434
36,0.004859071224927902,100.0,2.935087203979492,55.79819277108434
37,0.0044364952482283115,100.0,2.9415781497955322,55.79819277108434
38,0.004511761944741011,100.0,2.948305606842041,55.79819277108434
39,0.004690190777182579,100.0,2.9502289295196533,55.79819277108434
40,0.004603549838066101,100.0,2.9484097957611084,55.79819277108434
41,0.004564506001770496,100.0,2.948930025100708,55.79819277108434
42,0.004800781607627869,100.0,2.9439306259155273,55.79819277108434
43,0.004822349641472101,100.0,2.9498887062072754,55.79819277108434
44,0.004620932973921299,100.0,2.9493699073791504,55.79819277108434
45,0.0049763950519263744,100.0,2.9491524696350098,55.79819277108434
46,0.004515242297202349,100.0,2.9555695056915283,55.79819277108434
47,0.004523703828454018,100.0,2.956761121749878,55.79819277108434
48,0.004735301248729229,100.0,2.959918737411499,55.79819277108434
49,0.0044578551314771175,100.0,2.9561655521392822,55.79819277108434
50,0.004569488577544689,100.0,2.9555158615112305,55.79819277108434
51,2.1442885398864746,57.46666666666667,1.8931986093521118,62.63805220883534
52,1.3792681694030762,72.33333333333333,104.96674346923828,44.20180722891566
53,0.2793850600719452,88.83333333333333,440.04620361328125,55.660140562249
54,0.0182427279651165,100.0,214.6165771484375,55.79819277108434
55,0.0148288793861866,100.0,75.30132293701172,55.79819277108434
56,0.008060330525040627,100.0,33.43740463256836,55.79819277108434
57,0.004750791937112808,100.0,18.553388595581055,55.79819277108434
58,0.003608512692153454,100.0,11.65444278717041,55.79819277108434
59,0.0029933543410152197,100.0,7.327600479125977,55.79819277108434
60,0.0027394010685384274,100.0,4.876920700073242,55.79819277108434
61,0.00212658429518342,100.0,3.795659065246582,55.79819277108434
62,0.002010233700275421,100.0,3.3786606788635254,55.79819277108434
63,0.001994334626942873,100.0,3.167649507522583,55.79819277108434
64,0.0019254854414612055,100.0,3.0506513118743896,55.79819277108434
65,0.001796322874724865,100.0,2.994201183319092,55.79819277108434
66,0.0019808290526270866,100.0,2.970334053039551,55.79819277108434
67,0.00180913251824677,100.0,2.9568772315979004,55.79819277108434
68,0.0017672446556389332,100.0,2.9540462493896484,55.79819277108434
69,0.0017536691157147288,100.0,2.9646570682525635,55.79819277108434
70,0.0016232288908213377,100.0,2.987431049346924,55.79819277108434
71,0.001861509750597179,100.0,2.997955560684204,55.79819277108434
72,0.001696222461760044,100.0,3.0033459663391113,55.79819277108434
73,0.0016571690794080496,100.0,2.9884302616119385,55.79819277108434
74,0.0017060479149222374,100.0,2.99442458152771,55.79819277108434
75,0.001673756050877273,100.0,2.995185613632202,55.79819277108434
76,0.001609917264431715,100.0,3.000387668609619,55.79819277108434
77,0.0015431969659402966,100.0,3.0039076805114746,55.79819277108434
78,0.0017611572984606028,100.0,2.9997620582580566,55.79819277108434
79,0.0017215849366039038,100.0,3.0021939277648926,55.79819277108434
80,0.001735442434437573,100.0,2.996216297149658,55.79819277108434
81,0.0018272149609401822,100.0,2.9997482299804688,55.79819277108434
82,0.0017524532740935683,100.0,2.995331287384033,55.79819277108434
83,0.0016491813585162163,100.0,2.9970359802246094,55.79819277108434
84,0.001615653745830059,100.0,3.000089406967163,55.79819277108434
85,0.0017192072700709105,100.0,2.9928970336914062,55.79819277108434
86,0.0016912270803004503,100.0,2.9968700408935547,55.79819277108434
87,0.0016326257027685642,100.0,2.9803450107574463,55.79819277108434
88,0.001540575409308076,100.0,2.9926247596740723,55.79819277108434
89,0.0016341228038072586,100.0,2.985128879547119,55.79819277108434
90,0.0015758827794343233,100.0,3.004075765609741,55.79819277108434
91,0.001608284772373736,100.0,2.998793125152588,55.79819277108434
92,0.001635278109461069,100.0,3.0028083324432373,55.79819277108434
93,0.0016425991198047996,100.0,2.9936695098876953,55.79819277108434
94,0.0016916838940232992,100.0,2.9956958293914795,55.79819277108434
95,0.0016776196425780654,100.0,3.003336191177368,55.79819277108434
96,0.0017005132976919413,100.0,2.9895479679107666,55.79819277108434
97,0.001599819865077734,100.0,2.990356683731079,55.79819277108434
98,0.0017167218029499054,100.0,2.9976820945739746,55.79819277108434
99,0.0017659161239862442,100.0,2.9904749393463135,55.79819277108434
100,0.0016527939587831497,100.0,3.002166271209717,55.79819277108434
101,0.0016115084290504456,100.0,2.9909205436706543,55.79819277108434
