Epoch,Repetition 1
0,2.1442885398864746
1,2.498633623123169
2,0.2670367360115051
3,0.31783977150917053
4,0.16885340213775635
5,0.034909021109342575
6,0.02801632322371006
7,0.020683899521827698
8,0.011867731809616089
9,0.008370631374418736
10,0.006843624170869589
11,0.0058359140530228615
12,0.005412074271589518
13,0.0055317566730082035
14,0.005392266437411308
15,0.005091961473226547
16,0.005245085805654526
17,0.004929151851683855
18,0.005395984742790461
19,0.004906884860247374
20,0.004819253459572792
21,0.005097660701721907
22,0.004740086384117603
23,0.004723156802356243
24,0.004580995999276638
25,0.00474282493814826
26,0.004536021500825882
27,0.004923677537590265
28,0.004745286889374256
29,0.004651246126741171
30,0.004560305271297693
31,0.004253711085766554
32,0.004687006585299969
33,0.004663270432502031
34,0.00451734708622098
35,0.004596582148224115
36,0.004859071224927902
37,0.0044364952482283115
38,0.004511761944741011
39,0.004690190777182579
40,0.004603549838066101
41,0.004564506001770496
42,0.004800781607627869
43,0.004822349641472101
44,0.004620932973921299
45,0.0049763950519263744
46,0.004515242297202349
47,0.004523703828454018
48,0.004735301248729229
49,0.0044578551314771175
50,0.004569488577544689
51,2.1442885398864746
52,1.3792681694030762
53,0.2793850600719452
54,0.0182427279651165
55,0.0148288793861866
56,0.008060330525040627
57,0.004750791937112808
58,0.003608512692153454
59,0.0029933543410152197
60,0.0027394010685384274
61,0.00212658429518342
62,0.002010233700275421
63,0.001994334626942873
64,0.0019254854414612055
65,0.001796322874724865
66,0.0019808290526270866
67,0.00180913251824677
68,0.0017672446556389332
69,0.0017536691157147288
70,0.0016232288908213377
71,0.001861509750597179
72,0.001696222461760044
73,0.0016571690794080496
74,0.0017060479149222374
75,0.001673756050877273
76,0.001609917264431715
77,0.0015431969659402966
78,0.0017611572984606028
79,0.0017215849366039038
80,0.001735442434437573
81,0.0018272149609401822
82,0.0017524532740935683
83,0.0016491813585162163
84,0.001615653745830059
85,0.0017192072700709105
86,0.0016912270803004503
87,0.0016326257027685642
88,0.001540575409308076
89,0.0016341228038072586
90,0.0015758827794343233
91,0.001608284772373736
92,0.001635278109461069
93,0.0016425991198047996
94,0.0016916838940232992
95,0.0016776196425780654
96,0.0017005132976919413
97,0.001599819865077734
98,0.0017167218029499054
99,0.0017659161239862442
100,0.0016527939587831497
101,0.0016115084290504456
