Epoch,Train Loss,Train Accuracy,Val Loss,Val Accuracy
0,3.872268557548523,62.83058724123363,3.734502935409546,63.493874102239126
1,1.9183053731918336,73.33333333333333,29479.283865976333,54.651457541191384
2,1.067753791809082,55.4,11496272.100205421,55.238698774820456
3,1.9409976840019225,38.8,1558129.5050575256,53.14321926489227
4,0.8188156723976135,61.13333333333334,115152.90505981445,53.14321926489227
5,0.5768547594547272,71.2,17099.287912750246,53.14321926489227
6,0.5062366008758545,75.06666666666666,3658.11644821167,53.14321926489227
7,0.4495684146881104,79.8,1057.6823951721192,53.14321926489227
8,0.414059042930603,82.4,380.0903381347656,53.14744402196874
9,0.39540828466415406,83.66666666666667,172.41223831176757,53.168567807351074
10,0.36719544529914855,85.0,84.6653699874878,53.084072665821715
11,0.3520965397357941,85.53333333333333,32.388854312896726,52.450359104351506
12,0.3497693955898285,86.06666666666668,14.630038690567016,50.22813688212928
13,0.34385237097740173,85.93333333333334,7.515348148345947,53.510773130545
14,0.3400031328201294,86.4,4.2807717561721805,62.0785804816223
15,0.3332326292991638,86.6,2.716735601425171,66.36670891423742
16,0.3289946675300598,87.00000000000001,1.9001731097698211,69.1930713983946
17,0.32652236223220826,87.33333333333333,1.3384791970252992,72.20532319391634
18,0.32184040546417236,86.93333333333334,1.0235066056251525,74.8753696662442
19,0.3189088046550751,87.79999999999998,0.802507072687149,76.96662441909591
20,0.3154032796621323,87.4,0.6749032080173493,78.77059569074778
21,0.31329209804534913,87.86666666666666,0.5887435674667358,79.89860583016477
22,0.31500308215618134,87.8,0.5315545976161957,80.84495141529362
23,0.3101344913244247,87.66666666666667,0.4938595652580261,81.73637515842839
24,0.31358326971530914,87.53333333333333,0.46358455419540406,82.36163920574566
25,0.3131213128566742,87.60000000000001,0.4382418155670166,82.87283481199832
26,0.3111316293478012,87.6,0.4232689440250397,83.33333333333333
27,0.3080674558877945,88.06666666666668,0.40817437171936033,83.73891001267427
28,0.3063587784767151,88.33333333333333,0.39944491982460023,83.96282213772707
29,0.3093776792287827,88.2,0.38798248767852783,84.11913814955639
30,0.30664709210395813,88.26666666666668,0.3853833556175232,84.24588086185045
31,0.3044865667819977,88.2,0.3779435694217682,84.40642163075623
32,0.3057023733854294,88.46666666666667,0.3728334069252014,84.5416138572032
33,0.3089942902326584,87.6,0.37073474526405337,84.58386142796789
34,0.30399895310401914,87.8,0.3710161805152893,84.67258132657372
35,0.3035434663295746,88.06666666666666,0.3691245079040527,84.74017743979721
36,0.3049422919750214,88.20000000000002,0.3673989176750183,84.7570764681031
37,0.30525363981723785,88.39999999999999,0.3677233874797821,84.82467258132657
38,0.304288786649704,88.46666666666665,0.3675602555274963,84.90494296577947
39,0.30874447524547577,87.73333333333332,0.36924758553504944,84.89649345162654
40,0.30215123295783997,88.8,0.36641175746917726,84.88381918039713
41,0.30115748643875123,88.73333333333332,0.3662997007369995,84.86692015209124
42,0.3044287085533142,88.19999999999999,0.36433213353157046,84.85847063793832
43,0.3004951894283295,88.19999999999999,0.3679973006248474,84.88381918039713
44,0.3043763190507889,88.06666666666668,0.36316044330596925,84.87959442332065
45,0.3035235464572906,88.26666666666667,0.36260446310043337,84.89226869455007
46,0.30303919315338135,89.0,0.3650186896324158,84.88381918039713
47,0.3081370085477829,88.53333333333333,0.36449259519577026,84.87536966624418
48,0.30354217886924745,88.2,0.3683837532997131,84.8753696662442
49,0.308867284655571,88.26666666666667,0.3658121168613434,84.88381918039713
50,0.30305049419403074,88.26666666666668,0.36600393056869507,84.89649345162653
51,0.6137951254844666,83.86666666666666,0.7440068244934082,67.54541613857202
52,0.4727442920207977,78.7,2.640188765525818,59.23954372623573
53,0.37497357130050657,83.3,0.9442116022109985,52.93198141106886
54,0.41944063901901246,81.7,1.1476299166679382,71.07308829742291
55,0.3564467251300812,85.7,1.078131079673767,67.41022391212505
56,0.31349524259567263,86.43333333333334,0.7437954425811768,65.19645120405576
57,0.28876742720603943,88.03333333333333,0.6625563383102417,65.08238276299113
58,0.2612172693014145,89.86666666666665,0.7166060447692871,63.19391634980989
59,0.25647629499435426,90.6,0.8608110308647156,59.877482044782425
60,0.2576058655977249,88.4,0.8607005953788758,62.23912125052809
61,0.2353858083486557,91.16666666666667,0.7938769936561585,63.95437262357414
62,0.21184661686420442,91.73333333333332,0.6882017195224762,70.84917617237008
63,0.2114917516708374,91.96666666666667,0.5755968034267426,72.35318969159273
64,0.20332789421081543,91.63333333333334,0.6096071839332581,69.94085340092946
65,0.19861344993114471,91.73333333333332,0.60060133934021,70.0
66,0.21238970756530762,91.43333333333334,0.5982210576534271,67.0595690747782
67,0.17622496783733368,92.83333333333334,0.5930731773376465,62.58555133079847
68,0.18115842193365098,93.23333333333332,0.6371451258659363,63.0587241233629
69,0.20560379028320314,92.03333333333333,0.5339832544326782,68.68610054921842
70,0.20498181283473968,93.3,0.7280937433242798,60.544993662864385
71,0.1901308923959732,91.96666666666665,0.6928028345108033,61.774397972116596
72,0.16779839396476745,92.83333333333334,0.45557928681373594,79.3240388677651
73,0.17348757684230803,93.53333333333333,0.5391258955001831,79.58597380650613
74,0.1423444926738739,94.76666666666668,0.9007760882377625,67.93831854668358
75,0.1710287481546402,93.63333333333334,0.809645664691925,68.77482044782425
76,0.14147967100143433,94.63333333333334,0.6312322914600372,71.47444021968737
77,0.12521499395370483,95.00000000000001,0.7844050347805023,63.21926489226869
78,0.1185569018125534,94.9,0.7356537103652954,58.276299112801006
79,0.12680208832025527,94.96666666666667,0.7898943662643433,58.39036755386566
80,0.13137036859989165,94.1,0.8123088538646698,64.27122940430925
81,0.12620815634727478,95.1,0.6938719153404236,72.58977608787495
82,0.1246047481894493,95.29999999999998,0.5868607252836228,75.12885509083227
83,0.14095553159713745,95.06666666666666,0.4949080228805542,78.46641318124207
84,0.12969090044498444,94.6,0.5415746450424195,80.33798056611745
85,0.11806112080812455,94.73333333333332,0.7863792479038239,73.85720321081537
86,0.1388057976961136,95.03333333333333,0.4507681429386139,81.17448246725813
87,0.10955270081758499,95.8,0.5294292122125626,77.84959864807773
88,0.10272478759288788,95.73333333333332,0.6687938749790192,77.45669623996619
89,0.09869197458028793,96.33333333333334,0.7585917472839355,68.47486269539502
90,0.10564903467893601,96.3,0.5061776399612427,74.8880439374736
91,0.08233109265565872,97.06666666666668,0.36198055148124697,84.0261934938741
92,0.11687052696943283,95.6,0.3539117157459259,86.4638783269962
93,0.09987606704235077,96.1,0.41728227138519286,79.27756653992395
94,0.12197660654783249,95.46666666666667,0.5042363464832306,77.9467680608365
95,0.11325071454048156,96.36666666666667,0.7702557027339936,70.97591888466414
96,0.07949535548686981,97.16666666666666,0.7370480418205261,76.56949725390791
97,0.08384700119495392,97.6,0.6060608327388763,79.12970004224758
98,0.07098265886306762,97.4,0.9792355060577392,70.70975918884665
99,0.08724464923143387,96.73333333333335,0.6783845007419587,74.05576679340939
100,0.07452887520194054,97.13333333333333,0.7824954837560654,70.27038445289396
101,0.6479398608207703,79.93333333333332,7.213403058052063,57.32995352767216
102,0.7028260588645935,64.77777777777779,4.536441159248352,63.51922264469793
103,0.4188072085380554,81.06666666666665,6.547374475002289,66.22306717363752
104,0.31695975065231324,86.64444444444445,3.0209521293640136,71.11533586818757
105,0.26829988658428194,90.02222222222221,1.6318536520004272,78.66075200675961
106,0.2282758742570877,91.66666666666667,0.8236590325832367,85.9611322348965
107,0.2072002708911896,92.2,0.43691674470901487,86.74693705111956
108,0.19611469507217408,92.73333333333333,0.3123557984828949,89.3113645965357
109,0.18424474000930785,93.06666666666668,0.2939665913581848,89.64089564850022
110,0.17171925008296968,93.55555555555554,0.4264496177434921,81.68567807351077
111,0.15240429043769838,94.15555555555555,0.3229922831058502,87.40599915504859
112,0.14454787075519562,94.46666666666667,0.4741497546434402,76.93705111956062
113,0.1382491648197174,94.88888888888889,0.5756867706775666,69.8943810730883
114,0.14065466523170472,95.06666666666666,0.49579825103282926,71.74059991550486
115,0.13085139244794847,94.8,0.503357183933258,72.79678918462187
116,0.11855698227882386,95.28888888888889,0.6849670290946961,60.35910435149979
117,0.11448590755462647,95.71111111111111,0.6230543732643128,61.5504858470638
118,0.10532598048448563,95.91111111111111,0.6244937598705291,63.0333755809041
119,0.10686011016368865,96.06666666666666,0.6282070100307464,63.56569497253908
120,0.10084396898746491,95.97777777777779,0.6642145097255707,65.43303760033798
121,0.09218502789735794,96.4888888888889,0.6673309147357941,67.30038022813689
122,0.0942327156662941,96.46666666666667,0.8523503094911575,66.17659484579636
123,0.09237251877784729,96.28888888888888,0.7183444529771805,71.98563582594
124,0.09205209165811538,96.57777777777777,0.765746557712555,68.28897338403041
125,0.07311305180191993,97.46666666666667,0.7685474514961242,69.25221799746515
126,0.07472575977444648,97.44444444444444,0.7514296799898148,72.89395859738066
127,0.07489074021577835,97.24444444444444,0.8101882636547089,71.96873679763412
128,0.06443967074155807,97.84444444444443,1.0803502559661866,68.09885931558935
129,0.05711155161261559,97.88888888888889,1.189569878578186,67.16941275876637
130,0.06616855561733245,97.6888888888889,1.1006486356258391,65.61470215462612
131,0.07320793271064759,97.55555555555556,0.6184345126152039,78.18757921419518
132,0.09912088811397553,96.42222222222222,0.5580424159765244,82.25602027883397
133,0.09917285889387131,96.08888888888889,1.16841179728508,76.3709336713139
134,0.09033587723970413,96.73333333333333,1.172101867198944,78.57203210815378
135,0.10617226660251618,96.11111111111111,0.681674012541771,78.65652724968314
136,0.08624840974807739,96.53333333333333,0.30967804193496706,88.81706801858893
137,0.08881803676486015,96.8,0.48356934189796447,80.11406844106463
138,0.06907133609056473,97.64444444444445,0.5176874279975892,82.04478242501057
139,0.06114169284701347,98.06666666666666,0.6532953411340714,77.27925644275454
140,0.058031410723924634,97.91111111111113,0.47132410407066344,79.72539079002958
141,0.04848435744643211,98.33333333333334,0.5014407604932785,80.18166455428812
142,0.040312158316373824,98.77777777777779,0.5802560359239578,72.57287705956907
143,0.04403302706778049,98.55555555555556,0.5760772526264191,72.31094212082806
144,0.03968716263771057,98.80000000000001,0.5224666237831116,72.31094212082806
145,0.04297295808792114,98.57777777777777,0.48207623362541197,75.62737642585553
146,0.04454667642712593,98.6888888888889,0.6763844907283783,70.85340092944656
147,0.05744743794202804,98.2,0.5000662535429001,80.62103929024082
148,0.059204185381531715,98.00000000000001,0.5478634178638458,80.40557667934094
149,0.05950763188302517,97.68888888888888,0.36651220321655276,84.74017743979722
150,0.04686655141413212,98.57777777777778,0.3958336144685745,86.25264047317279
151,0.6315214335918427,71.78333333333333,25.139701080322265,53.329108576256864
152,0.4860850930213928,74.25,140.50046722888948,53.27841149133925
153,0.2976651966571808,87.75,41.629214656353,60.11406844106464
154,0.25817514955997467,89.96666666666667,12.082029986381531,60.01689902830587
155,0.22706450521945953,90.81666666666666,4.69646133184433,55.986480777355304
156,0.21116159558296205,91.55,1.0774408161640168,70.39290240811154
157,0.1875274062156677,92.73333333333333,0.4732658386230469,80.71820870299959
158,0.1620416522026062,93.4,0.6490215837955475,70.54921841994086
159,0.15863941311836244,93.63333333333333,0.5871559649705886,70.61258977608787
160,0.15141846537590026,94.1,0.519040185213089,76.97084917617238
161,0.15107670724391936,94.50000000000001,0.6833289086818695,71.16180819602873
162,0.13785152435302733,94.71666666666667,0.6508033394813537,70.95057034220531
163,0.13397504091262818,94.81666666666668,0.9371885836124421,62.813688212927765
164,0.12211032211780548,95.43333333333334,0.6213105857372284,75.61892691170257
165,0.12213898450136185,95.15,0.8373973965644836,67.37642585551332
166,0.13243420869112016,94.75,0.4737367004156113,74.00929446556823
167,0.12083451896905899,95.45,0.4638208270072937,80.77313054499366
168,0.11253755688667297,95.5,0.8200883388519287,69.09167722855936
169,0.11337519586086273,95.73333333333333,0.3599394977092743,85.099281791297
170,0.12760139703750611,94.95,0.5693819880485534,76.81453316434303
171,0.11574792116880417,95.85,0.3332791566848755,85.44571187156738
172,0.0993946760892868,96.51666666666668,0.9688573122024536,59.729615547106036
173,0.09971115738153458,96.1,0.451373028755188,79.14659907055344
174,0.08879199475049973,96.66666666666667,0.3100644379854202,87.26658217152513
175,0.08391024470329285,96.91666666666667,0.7136078119277954,81.36459653569919
176,0.08553774356842041,97.16666666666666,0.550513032078743,80.24081115335868
177,0.0974527657032013,96.41666666666667,0.44580776393413546,81.45754119138151
178,0.10798952877521514,95.88333333333335,0.47443618178367614,79.84368398817068
179,0.11142489239573479,95.83333333333333,0.43405244052410125,84.57963667089142
180,0.09667830839753151,96.36666666666666,0.2972570717334747,88.81706801858893
181,0.07304351255297661,97.3,0.4214343637228012,82.5306294888044
182,0.07578444108366966,97.03333333333333,0.890205779671669,69.89860583016477
183,0.06793408468365669,97.35,0.4499450385570526,78.67342627798901
184,0.07363884747028351,97.31666666666666,0.6121038645505905,76.49767638360795
185,0.07254717350006104,97.08333333333333,0.3538681626319885,84.27967891846218
186,0.07111977860331535,97.56666666666666,0.5622992217540741,78.09040980143642
187,0.07807015553116799,97.35,0.31712602972984316,86.82720743557243
188,0.0796279989182949,97.31666666666666,0.31811759173870086,88.61005492184199
189,0.08070258945226669,97.18333333333334,0.4581159472465515,85.04013519222644
190,0.08649578168988228,96.95,0.4708137482404709,81.83776932826362
191,0.07658744752407073,97.3,0.6179893016815186,79.8141106886354
192,0.08234759718179703,97.08333333333334,4.446367007493973,74.34305027460921
193,0.10972563177347183,95.71666666666667,5.644092959165573,74.02196873679763
194,0.11030776053667068,95.83333333333334,1.0800054967403412,84.6345585128855
195,0.11632797420024872,95.66666666666667,0.7939217686653137,79.46345585128856
196,0.10639621019363403,96.46666666666667,0.7323487728834153,81.43641740599915
197,0.1086162805557251,96.01666666666667,0.3410437822341919,87.1905365441487
198,0.0951120987534523,96.28333333333333,0.22935567498207093,92.18419940853401
199,0.0774399347603321,97.35,0.33508541285991666,85.81749049429658
200,0.07784615531563759,97.16666666666667,0.35061666965484617,87.83269961977186
201,0.5502334058284759,77.28,5.96223361492157,58.791719476130126
202,0.4557866394519806,76.14666666666666,22.414723789691926,70.46894803548795
203,0.30677443742752075,87.58666666666667,12.23600937128067,62.382762991128004
204,0.24456945657730103,90.50666666666666,2.362294706702232,78.74524714828898
205,0.20190706849098206,92.04,0.40298213958740237,86.77228559357837
206,0.1804711252450943,93.06666666666668,0.6648187339305878,81.4321926489227
207,0.16448846757411956,93.58666666666667,0.4900111645460129,82.72074355724547
208,0.15123385488986968,94.06666666666666,0.39011250138282777,85.02746092099704
209,0.14576920866966248,94.10666666666665,0.4726741373538971,78.51288550908325
210,0.13246359974145888,95.17333333333333,0.5775318086147309,78.59315589353614
211,0.12579843103885652,95.09333333333333,0.5374128520488739,79.1128010139417
212,0.12019830495119095,95.45333333333335,0.4921716570854187,77.51584283903676
213,0.11942814141511918,95.33333333333334,0.4728540003299713,77.90874524714829
214,0.1258110985159874,95.2,0.37128116488456725,87.42712294043092
215,0.12897405177354812,94.84,0.3146200478076935,90.05492184199409
216,0.11967633813619613,95.47999999999999,0.3606196343898773,82.63202365863962
217,0.10359212160110473,96.09333333333333,0.42151951789855957,79.801436417406
218,0.10050772875547409,96.38666666666668,0.3412788659334183,83.90790029573299
219,0.0954763263463974,96.49333333333333,0.3492211431264877,81.80397127165187
220,0.09204336702823639,96.67999999999999,0.5571830451488495,74.02196873679763
221,0.1064079836010933,95.96000000000001,0.45746412575244905,79.8141106886354
222,0.10948231518268585,95.70666666666668,0.4042086750268936,85.0063371356147
223,0.10485119968652726,95.97333333333333,0.2610039234161377,88.97760878749473
224,0.08930668532848358,96.65333333333334,0.4756895124912262,84.7824250105619
225,0.08474306017160416,96.78666666666666,0.7237666755914688,77.86227291930715
226,0.09535231292247773,96.35999999999999,0.4209533154964447,83.2699619771863
227,0.08980012685060501,96.62666666666667,0.7368782758712769,79.06210392902408
228,0.08054176792502403,96.92,0.33728285431861876,87.08491761723701
229,0.08498017564415931,96.8,0.3860378861427307,82.96577946768062
230,0.0781156837940216,97.14666666666668,0.4410920560359955,82.91930713983945
231,0.0762455441057682,97.20000000000002,0.3282641053199768,87.63413603717787
232,0.07609217241406441,97.2,0.5260809063911438,79.40853400929447
233,0.07249477729201317,97.44,0.2861429214477539,89.75496408956485
234,0.07319410741329194,97.46666666666667,0.4715753376483917,83.8149556400507
235,0.0810847170650959,97.10666666666667,0.3021542102098465,87.482044782425
236,0.07887952402234077,96.94666666666667,0.28593771159648895,90.32530629488804
237,0.07295759096741676,97.14666666666668,0.39942029416561126,87.41022391212505
238,0.06878498718142509,97.52000000000001,0.3125563234090805,88.02281368821293
239,0.05882165431976318,97.97333333333333,0.38584685027599336,85.51330798479088
240,0.06479474753141404,97.68,0.35075931549072265,86.42163075623151
241,0.05931135900318622,98.01333333333335,0.5036112189292907,84.65568229826786
242,0.049073172733187675,98.46666666666667,0.4522829860448837,82.24757076468104
243,0.05772169455885887,98.0,0.7881903678178788,80.51119560625264
244,0.056592381373047826,98.05333333333333,0.44084901809692384,85.00211237853823
245,0.05674780085682869,97.97333333333333,0.42118059992790224,84.69792986903254
246,0.05344717651605606,98.13333333333333,0.38572449386119845,86.40473172792564
247,0.04854771085083485,98.45333333333333,0.5358490884304047,80.56189269117024
248,0.058728170767426494,97.82666666666667,0.45472137331962587,84.35149978876214
249,0.0583632305264473,98.02666666666667,0.5618910491466522,81.92648922686945
250,0.07327729985117912,97.47999999999999,1.0944855570793153,67.51584283903676
