Epoch,Repetition 1,Repetition 2,Repetition 3,Repetition 4,Repetition 5
0,1.9732352495193481,6.244682312011719,2.1448814868927,5.251861572265625,3.7466821670532227
1,1.981510043144226,2.470210552215576,1.8233791589736938,1.7404669523239136,1.5759601593017578
2,0.7573397755622864,1.0225213766098022,1.2113102674484253,0.8399296402931213,1.507667899131775
3,0.8437122702598572,4.095996856689453,0.6798355579376221,1.6813015937805176,2.404142141342163
4,0.7893310785293579,1.363040566444397,0.654140055179596,0.6006803512573242,0.6868863105773926
5,0.531148374080658,0.7824752926826477,0.5140846967697144,0.44131556153297424,0.6152498722076416
6,0.43538758158683777,0.6086164712905884,0.4827001988887787,0.4176594018936157,0.5868193507194519
7,0.4170070290565491,0.4931116998195648,0.4102416932582855,0.35092777013778687,0.5765538811683655
8,0.42209911346435547,0.4290926158428192,0.36860254406929016,0.319965660572052,0.5305352807044983
9,0.3766820728778839,0.4231225252151489,0.340158075094223,0.31447833776474,0.5226004123687744
10,0.34268346428871155,0.3779239058494568,0.30012941360473633,0.3032573461532593,0.5119830965995789
11,0.3145403563976288,0.3394910991191864,0.3077824115753174,0.2893448770046234,0.5093239545822144
12,0.32259050011634827,0.3324790894985199,0.3014516234397888,0.286566823720932,0.5057589411735535
13,0.3213672339916229,0.32842254638671875,0.28680914640426636,0.28575465083122253,0.4969082772731781
14,0.3146490752696991,0.3180030286312103,0.28836625814437866,0.2831808030605316,0.49581649899482727
15,0.302228182554245,0.31854817271232605,0.26947227120399475,0.2708562910556793,0.505058228969574
16,0.30239734053611755,0.30628520250320435,0.26605936884880066,0.2750615179538727,0.49516990780830383
17,0.30589523911476135,0.29644912481307983,0.25438565015792847,0.27959612011909485,0.49628567695617676
18,0.2951028048992157,0.29683637619018555,0.23721694946289062,0.2801256775856018,0.49992021918296814
19,0.2939074635505676,0.2965039014816284,0.24233561754226685,0.2627401351928711,0.4990569055080414
20,0.2834473252296448,0.29103317856788635,0.2438695877790451,0.26531916856765747,0.4933471381664276
21,0.26940152049064636,0.2945919334888458,0.23408663272857666,0.27111485600471497,0.4972655475139618
22,0.285993367433548,0.30204132199287415,0.24012677371501923,0.26086029410362244,0.4859936535358429
23,0.27781566977500916,0.28288212418556213,0.23571081459522247,0.2672683894634247,0.4869954586029053
24,0.2761012315750122,0.29602766036987305,0.23388923704624176,0.26432791352272034,0.49757030606269836
25,0.2760891914367676,0.291258841753006,0.2393580675125122,0.25602102279663086,0.5028794407844543
26,0.2749331593513489,0.29174673557281494,0.23528094589710236,0.265179842710495,0.4885174632072449
27,0.2741563022136688,0.28769800066947937,0.22800271213054657,0.2747032344341278,0.4757770299911499
28,0.2650183141231537,0.29420965909957886,0.22922101616859436,0.256515771150589,0.48682913184165955
29,0.2669883072376251,0.2825494706630707,0.22696121037006378,0.2691861093044281,0.5012032985687256
30,0.2729702591896057,0.29060181975364685,0.22122624516487122,0.2552211880683899,0.493215948343277
31,0.272295206785202,0.28196048736572266,0.2259698510169983,0.25766345858573914,0.4845438301563263
32,0.26957929134368896,0.290795236825943,0.22169627249240875,0.2620922923088074,0.48434877395629883
33,0.2717047333717346,0.28848177194595337,0.22859416902065277,0.261507123708725,0.4946836531162262
34,0.2714928686618805,0.28103727102279663,0.22298955917358398,0.25661352276802063,0.4878615438938141
35,0.259712278842926,0.2945254147052765,0.22703853249549866,0.2576466500759125,0.4787944555282593
36,0.269487202167511,0.29270392656326294,0.2181515097618103,0.2635692059993744,0.4807996153831482
37,0.2702920138835907,0.2813507616519928,0.21871750056743622,0.2646491527557373,0.49125877022743225
38,0.2634182274341583,0.28938013315200806,0.2284497320652008,0.2535906434059143,0.4866051971912384
39,0.27470532059669495,0.2927097976207733,0.22506608068943024,0.26686331629753113,0.4843778610229492
40,0.2627672255039215,0.28908076882362366,0.21706467866897583,0.2627333700656891,0.47911012172698975
41,0.2576977610588074,0.28853434324264526,0.22325795888900757,0.25616347789764404,0.48013389110565186
42,0.27304407954216003,0.2823241353034973,0.2240426242351532,0.2580055296421051,0.4847271740436554
43,0.2598060071468353,0.2871783375740051,0.21818405389785767,0.25649333000183105,0.48081421852111816
44,0.2685433626174927,0.2897981107234955,0.21986766159534454,0.25838181376457214,0.48529064655303955
45,0.2572215795516968,0.29163458943367004,0.2237795889377594,0.2619744539260864,0.4830075204372406
46,0.26721394062042236,0.2904196083545685,0.22361966967582703,0.26038581132888794,0.4735569357872009
47,0.27041515707969666,0.2913535237312317,0.21549980342388153,0.26941969990730286,0.49399685859680176
48,0.26637011766433716,0.28861770033836365,0.22196674346923828,0.2576019763946533,0.4831543564796448
49,0.27572372555732727,0.2826465368270874,0.2264987677335739,0.26872584223747253,0.4907415509223938
50,0.2629935145378113,0.28477737307548523,0.2218850553035736,0.2634207010269165,0.4821758270263672
51,0.6000989079475403,0.6031022071838379,0.8176058530807495,0.5487130880355835,0.4994555711746216
52,0.46392494440078735,0.42187368869781494,0.49501365423202515,0.4902316927909851,0.4926774799823761
53,0.481070339679718,0.2682804465293884,0.36369213461875916,0.35149943828582764,0.4103254973888397
54,0.4411745071411133,0.36948680877685547,0.372175395488739,0.4146023392677307,0.4997641444206238
55,0.37962281703948975,0.42835941910743713,0.32043153047561646,0.26587823033332825,0.3879416286945343
56,0.2872353196144104,0.2946498990058899,0.3787524700164795,0.27543216943740845,0.3314063549041748
57,0.31123921275138855,0.30765292048454285,0.37086015939712524,0.18332210183143616,0.27076274156570435
58,0.23696362972259521,0.2604902982711792,0.24348752200603485,0.22040066123008728,0.3447442352771759
59,0.3483271300792694,0.20089399814605713,0.24735382199287415,0.18955665826797485,0.2962498664855957
60,0.3266104757785797,0.19737482070922852,0.278374046087265,0.17865730822086334,0.307012677192688
61,0.3036508560180664,0.23267725110054016,0.23257967829704285,0.14799083769321442,0.2600304186344147
62,0.19149033725261688,0.17326664924621582,0.2584519386291504,0.17639732360839844,0.2596268355846405
63,0.2717289328575134,0.14855174720287323,0.2437591403722763,0.17305251955986023,0.22036641836166382
64,0.1985713392496109,0.1682048887014389,0.2523585259914398,0.1285347044467926,0.2689700126647949
65,0.2310163378715515,0.14878666400909424,0.2304411083459854,0.1615298092365265,0.22129333019256592
66,0.23503276705741882,0.24140679836273193,0.25273817777633667,0.15308310091495514,0.17968769371509552
67,0.24717406928539276,0.13407695293426514,0.17646318674087524,0.1286260187625885,0.19478461146354675
68,0.2525025010108948,0.14696332812309265,0.1913968026638031,0.10144603997468948,0.21348343789577484
69,0.27419936656951904,0.1461578607559204,0.1912282109260559,0.24142152070999146,0.1750119924545288
70,0.23835653066635132,0.20094925165176392,0.17484517395496368,0.21673589944839478,0.19402220845222473
71,0.23555661737918854,0.17008891701698303,0.13636760413646698,0.20577557384967804,0.20286574959754944
72,0.1510384976863861,0.14712724089622498,0.14454582333564758,0.16584762930870056,0.23043277859687805
73,0.22886541485786438,0.18060338497161865,0.10754825174808502,0.18090161681175232,0.16951921582221985
74,0.19012680649757385,0.09554673731327057,0.10433529317378998,0.13564909994602203,0.18606452643871307
75,0.22104258835315704,0.14106591045856476,0.13183781504631042,0.17553293704986572,0.18566448986530304
76,0.14846977591514587,0.11125632375478745,0.11702672392129898,0.16866910457611084,0.1619764268398285
77,0.17013749480247498,0.09703254699707031,0.10599127411842346,0.13574476540088654,0.11716888844966888
78,0.1282268762588501,0.09481679648160934,0.09115829318761826,0.1427985429763794,0.13578400015830994
79,0.15271064639091492,0.08711229264736176,0.1036435067653656,0.10227201133966446,0.18827198445796967
80,0.09141723811626434,0.10996070504188538,0.17290136218070984,0.13229979574680328,0.15027274191379547
81,0.11506472527980804,0.09320960938930511,0.17437434196472168,0.0835227221250534,0.16486938297748566
82,0.16382504999637604,0.07783721387386322,0.1307554841041565,0.08553158491849899,0.1650744080543518
83,0.13668164610862732,0.11984175443649292,0.1392637938261032,0.12209133803844452,0.1868991255760193
84,0.15021100640296936,0.09662489593029022,0.12393984198570251,0.1412389576435089,0.13643980026245117
85,0.15789437294006348,0.08435171097517014,0.10939371585845947,0.10708202421665192,0.1315837800502777
86,0.2385941743850708,0.10935795307159424,0.14928513765335083,0.07299445569515228,0.12379726767539978
87,0.15279057621955872,0.07142718881368637,0.08583712577819824,0.09304052591323853,0.1446680873632431
88,0.1453515738248825,0.058910638093948364,0.08832493424415588,0.0880727469921112,0.13296404480934143
89,0.16668683290481567,0.048901744186878204,0.08806110173463821,0.08090883493423462,0.10890135914087296
90,0.16350610554218292,0.04166676849126816,0.07711908966302872,0.10468006879091263,0.1412731409072876
91,0.13260307908058167,0.040026888251304626,0.0681987926363945,0.08043845742940903,0.09038824588060379
92,0.19812951982021332,0.042795874178409576,0.06936925649642944,0.1054304838180542,0.16862750053405762
93,0.12906384468078613,0.06979291141033173,0.08196504414081573,0.10377557575702667,0.11478295922279358
94,0.15483370423316956,0.08616894483566284,0.06648515909910202,0.15768346190452576,0.14471176266670227
95,0.1734754741191864,0.04678773880004883,0.08151444792747498,0.16566118597984314,0.09881472587585449
96,0.13622239232063293,0.03780441731214523,0.04849250614643097,0.10986500978469849,0.06509245187044144
97,0.09185675531625748,0.04163297265768051,0.06159300357103348,0.12726569175720215,0.09688658267259598
98,0.12228748202323914,0.031122051179409027,0.04492899030447006,0.09763465821743011,0.058940112590789795
99,0.12796227633953094,0.042262375354766846,0.10036136955022812,0.08184283971786499,0.08379438519477844
100,0.09980618208646774,0.03257419541478157,0.09789717197418213,0.06902994960546494,0.0733368769288063
101,0.5854623317718506,0.5008683800697327,0.8267960548400879,0.8891335129737854,0.4374390244483948
102,0.7039856910705566,0.7394880056381226,0.6103190183639526,0.7120944261550903,0.7482431530952454
103,0.36630553007125854,0.39697903394699097,0.5185078978538513,0.30216193199157715,0.5100816488265991
104,0.2845612168312073,0.2659044861793518,0.40423762798309326,0.23081544041633606,0.39927998185157776
105,0.25074419379234314,0.23468366265296936,0.3101232051849365,0.2254692167043686,0.320479154586792
106,0.21767081320285797,0.2133921980857849,0.2445690631866455,0.21031177043914795,0.2554355263710022
107,0.19952134788036346,0.19353525340557098,0.21334397792816162,0.19044500589370728,0.23915576934814453
108,0.1971154808998108,0.1831296980381012,0.1799994707107544,0.1977413296699524,0.2225874960422516
109,0.20795875787734985,0.15493473410606384,0.15165048837661743,0.17323970794677734,0.23344001173973083
110,0.18451392650604248,0.14109724760055542,0.15027767419815063,0.15370897948741913,0.22899842262268066
111,0.15351837873458862,0.1266312152147293,0.13662956655025482,0.1452067792415619,0.20003551244735718
112,0.15035106241703033,0.1293426752090454,0.1316283643245697,0.13189229369163513,0.1795249581336975
113,0.14261561632156372,0.10878075659275055,0.1340055763721466,0.14882120490074158,0.15702266991138458
114,0.13095623254776,0.13471433520317078,0.1270972043275833,0.15143561363220215,0.1590699404478073
115,0.1312255561351776,0.12356498092412949,0.1198514848947525,0.13813242316246033,0.14148251712322235
116,0.11522909998893738,0.11908245086669922,0.10161961615085602,0.1314578652381897,0.12539587914943695
117,0.10177196562290192,0.10619628429412842,0.10203520953655243,0.13024213910102844,0.13218393921852112
118,0.10157886147499084,0.08525574207305908,0.10428440570831299,0.10767046362161636,0.12784042954444885
119,0.1170593649148941,0.08156047761440277,0.10417036712169647,0.09555687010288239,0.13595347106456757
120,0.10586552321910858,0.08042282611131668,0.09500101208686829,0.09246058017015457,0.1304699033498764
121,0.11140856146812439,0.06658849865198135,0.0788675844669342,0.08510106801986694,0.11895942687988281
122,0.12024205923080444,0.07879149913787842,0.06396246701478958,0.08919920027256012,0.11896835267543793
123,0.09865451604127884,0.11001650243997574,0.07935511320829391,0.07768160849809647,0.09615485370159149
124,0.08217179775238037,0.10024647414684296,0.07899729907512665,0.0819963663816452,0.11684852093458176
125,0.06538096070289612,0.08550450205802917,0.05914586782455444,0.06027870252728462,0.09525522589683533
126,0.0768347680568695,0.07945647835731506,0.049476977437734604,0.06622813642024994,0.10163243860006332
127,0.0713716521859169,0.07185788452625275,0.06260363757610321,0.05583865940570831,0.11278186738491058
128,0.06736522912979126,0.0619783028960228,0.06478442251682281,0.04540862888097763,0.08266177028417587
129,0.06609316170215607,0.04720237851142883,0.054864659905433655,0.03260267898440361,0.08479487895965576
130,0.05603489279747009,0.03608874976634979,0.05564580112695694,0.11216039210557938,0.07091294229030609
131,0.07213779538869858,0.0365690141916275,0.06488486379384995,0.1077735647559166,0.0846744254231453
132,0.0929269790649414,0.13197468221187592,0.06385467946529388,0.10649645328521729,0.10035164654254913
133,0.10257171094417572,0.12841138243675232,0.09970977902412415,0.09484957903623581,0.07032184302806854
134,0.09643784165382385,0.08984854072332382,0.07378318905830383,0.09234387427568436,0.0992659404873848
135,0.13165350258350372,0.0654238611459732,0.07095210254192352,0.09109571576118469,0.17173615097999573
136,0.08086396753787994,0.06608974933624268,0.06623499095439911,0.07315422594547272,0.14489911496639252
137,0.08917921781539917,0.09665876626968384,0.050762977451086044,0.08612839877605438,0.12136082351207733
138,0.07355695962905884,0.05072343721985817,0.05278662592172623,0.056776393204927444,0.11151326447725296
139,0.06484980881214142,0.04352118447422981,0.039136506617069244,0.053615033626556396,0.1045859307050705
140,0.062156811356544495,0.04125553369522095,0.03731644153594971,0.057891327887773514,0.09153693914413452
141,0.046643808484077454,0.034330304712057114,0.023936431854963303,0.04531240835785866,0.09219883382320404
142,0.03510521724820137,0.03698376566171646,0.020000621676445007,0.03514878451824188,0.0743224024772644
143,0.037561818957328796,0.018959900364279747,0.02639622613787651,0.05143257975578308,0.08581461012363434
144,0.0282135009765625,0.02133757248520851,0.027107469737529755,0.04662148281931877,0.07515578716993332
145,0.03712525963783264,0.0524708554148674,0.026088617742061615,0.04429452866315842,0.05488552898168564
146,0.07657542824745178,0.022889375686645508,0.030207134783267975,0.037554819136857986,0.0555066242814064
147,0.06350715458393097,0.09748327732086182,0.029189828783273697,0.03789936378598213,0.059157565236091614
148,0.049199774861335754,0.0827176421880722,0.025088490918278694,0.03221682459115982,0.1067981943488121
149,0.039417706429958344,0.0640835165977478,0.023051517084240913,0.042504195123910904,0.12848122417926788
150,0.025616711005568504,0.04717697203159332,0.023775652050971985,0.0365026630461216,0.10126075893640518
151,0.6226353049278259,0.6095098257064819,0.7132777571678162,0.4021519124507904,0.8100323677062988
152,0.6198179125785828,0.7493945956230164,0.3945675790309906,0.28297826647758484,0.38366711139678955
153,0.3117464780807495,0.35113319754600525,0.28315651416778564,0.23467743396759033,0.3076123595237732
154,0.28318312764167786,0.241732656955719,0.2614193260669708,0.20574764907360077,0.2987929880619049
155,0.2189703732728958,0.236461341381073,0.2500359117984772,0.1754535436630249,0.2544013559818268
156,0.21001942455768585,0.19860486686229706,0.2683520019054413,0.1600482016801834,0.21878348290920258
157,0.19878029823303223,0.15342554450035095,0.2214142084121704,0.16130031645298004,0.202716663479805
158,0.1609516143798828,0.1659305840730667,0.18240177631378174,0.13438431918621063,0.1665399670600891
159,0.14575286209583282,0.1830657571554184,0.16042208671569824,0.141672745347023,0.16228361427783966
160,0.15436749160289764,0.15222559869289398,0.16916851699352264,0.10122689604759216,0.1801038235425949
161,0.16299669444561005,0.16028992831707,0.1503382921218872,0.12641286849975586,0.15534575283527374
162,0.18291360139846802,0.13117772340774536,0.1297147423028946,0.11212566494941711,0.13332588970661163
163,0.16741691529750824,0.11566713452339172,0.14087742567062378,0.09976094961166382,0.1461527794599533
164,0.1396302431821823,0.09857652336359024,0.13966058194637299,0.11535380035638809,0.11733046174049377
165,0.13302427530288696,0.10303010791540146,0.10778293758630753,0.10982695966959,0.1570306420326233
166,0.11328984051942825,0.11679911613464355,0.1541583389043808,0.14563272893428802,0.1322910189628601
167,0.1167854368686676,0.10794385522603989,0.13237732648849487,0.115703284740448,0.1313626915216446
168,0.11577685922384262,0.1256881207227707,0.10799539089202881,0.08902343362569809,0.12420397996902466
169,0.09864785522222519,0.11195823550224304,0.14467965066432953,0.0992303192615509,0.112359918653965
170,0.13697302341461182,0.14946965873241425,0.12397327274084091,0.09969425946474075,0.1278967708349228
171,0.13713769614696503,0.09569243341684341,0.12199286371469498,0.08199138194322586,0.14192523062229156
172,0.1069781705737114,0.07683474570512772,0.09503057599067688,0.08576399087905884,0.1323658972978592
173,0.11426538228988647,0.0725323036313057,0.07931637763977051,0.10347682237625122,0.12896490097045898
174,0.11056217551231384,0.06685449182987213,0.07345399260520935,0.10242054611444473,0.09066876769065857
175,0.10262470692396164,0.06163761019706726,0.06901723146438599,0.08953976631164551,0.09673190861940384
176,0.13048876821994781,0.059867992997169495,0.07263944298028946,0.08781635761260986,0.07687615603208542
177,0.10590993613004684,0.09196183830499649,0.11720702052116394,0.1016712561249733,0.0705137774348259
178,0.12970717251300812,0.07428988814353943,0.10494420677423477,0.0997641459107399,0.13124223053455353
179,0.1251058727502823,0.05926727131009102,0.11684846878051758,0.11048684269189835,0.1454160064458847
180,0.09838464111089706,0.05405585095286369,0.10636669397354126,0.09168064594268799,0.13290371000766754
181,0.09151268005371094,0.04528174176812172,0.06639053672552109,0.05834248661994934,0.10369011759757996
182,0.09072788804769516,0.043133530765771866,0.07465719431638718,0.07986410707235336,0.09053948521614075
183,0.08833193778991699,0.0534568727016449,0.06098419427871704,0.05524979904294014,0.08164761960506439
184,0.07888584583997726,0.06599187850952148,0.06091529130935669,0.05863127112388611,0.103769950568676
185,0.07191002368927002,0.05998455360531807,0.05982058867812157,0.06300800293684006,0.10801269859075546
186,0.06696956604719162,0.053426384925842285,0.061362821608781815,0.06214623153209686,0.11169388890266418
187,0.08093362301588058,0.0803508535027504,0.06867353618144989,0.05135796591639519,0.10903479903936386
188,0.07188790291547775,0.0923423171043396,0.06479261070489883,0.05212618038058281,0.11699098348617554
189,0.10735204070806503,0.07721336930990219,0.04218610003590584,0.0616191141307354,0.115142323076725
190,0.07823943346738815,0.07336985319852829,0.04940205439925194,0.09380420297384262,0.1376633644104004
191,0.07090750336647034,0.05501876771450043,0.07730364054441452,0.07119164615869522,0.1085156798362732
192,0.07769826799631119,0.06707722693681717,0.10489744693040848,0.07341214269399643,0.08865290135145187
193,0.08493679016828537,0.037843212485313416,0.22725419700145721,0.10736303776502609,0.09123092144727707
194,0.13506440818309784,0.069322369992733,0.17772196233272552,0.09364641457796097,0.07578364759683609
195,0.19283437728881836,0.10316880792379379,0.11975204199552536,0.08833781629800797,0.07754682749509811
196,0.16136234998703003,0.071510910987854,0.12451998144388199,0.09559326618909836,0.07899454236030579
197,0.13222412765026093,0.13881425559520721,0.09703802317380905,0.10321199893951416,0.07179299741983414
198,0.12364427000284195,0.1027575358748436,0.10081426054239273,0.07835566252470016,0.06998876482248306
199,0.1008843407034874,0.07740113139152527,0.06008410453796387,0.08771464228630066,0.06111545488238335
200,0.09118598699569702,0.06879432499408722,0.05271662399172783,0.09787001460790634,0.07866382598876953
201,0.5720716118812561,0.7899850010871887,0.6123091578483582,0.38936272263526917,0.3874385356903076
202,0.6245240569114685,0.8314725756645203,0.3678758442401886,0.23916387557983398,0.2158968448638916
203,0.348740816116333,0.4990992546081543,0.2535593509674072,0.19554506242275238,0.23692770302295685
204,0.281802773475647,0.36690783500671387,0.19706660509109497,0.1850355863571167,0.19203448295593262
205,0.21337564289569855,0.284406453371048,0.18082042038440704,0.16721908748149872,0.163713738322258
206,0.18891097605228424,0.23471306264400482,0.16011440753936768,0.14305157959461212,0.17556560039520264
207,0.15917186439037323,0.19586248695850372,0.16095982491970062,0.16152669489383698,0.1449214667081833
208,0.14137382805347443,0.177601620554924,0.14628617465496063,0.14395950734615326,0.14694814383983612
209,0.151402547955513,0.16816383600234985,0.14250589907169342,0.13842834532260895,0.12834541499614716
210,0.12225109338760376,0.16443072259426117,0.12946666777133942,0.1263318508863449,0.11983766406774521
211,0.1363345831632614,0.14782190322875977,0.11296984553337097,0.1198636069893837,0.11200221627950668
212,0.11652746051549911,0.13959777355194092,0.10243131965398788,0.1086411401629448,0.13379383087158203
213,0.12542521953582764,0.15533976256847382,0.08590147644281387,0.10343390703201294,0.1270403414964676
214,0.1328187882900238,0.16178922355175018,0.09567571431398392,0.11498207598924637,0.12378969043493271
215,0.11744290590286255,0.14485761523246765,0.09838590025901794,0.11753710359334946,0.16664673388004303
216,0.1338825225830078,0.12496881932020187,0.09106353670358658,0.10559222847223282,0.1428745836019516
217,0.11035722494125366,0.11885374784469604,0.0753350630402565,0.09655910730361938,0.11685546487569809
218,0.10377469658851624,0.11520710587501526,0.07223165035247803,0.09528011083602905,0.11604508012533188
219,0.08967488259077072,0.11779260635375977,0.0916169285774231,0.07224024832248688,0.10605696588754654
220,0.08573326468467712,0.11002501100301743,0.08294451236724854,0.0770282968878746,0.10448575019836426
221,0.09520094841718674,0.13063599169254303,0.10164875537157059,0.10297691822052002,0.10157730430364609
222,0.09547379612922668,0.14932511746883392,0.09200166910886765,0.10376125574111938,0.10684973746538162
223,0.07984471321105957,0.1414007544517517,0.06951893121004105,0.11846324801445007,0.11502835154533386
224,0.08640044927597046,0.11503998190164566,0.061224907636642456,0.08981386572122574,0.0940542221069336
225,0.0843287780880928,0.09497680515050888,0.07315443456172943,0.06896068155765533,0.10229460150003433
226,0.08920640498399734,0.09268908947706223,0.10123828798532486,0.08166832476854324,0.11195945739746094
227,0.06927276402711868,0.09236758947372437,0.12508149445056915,0.06814495474100113,0.09413383156061172
228,0.061653729528188705,0.08216074854135513,0.1095234677195549,0.060798779129981995,0.08857211470603943
229,0.06810630112886429,0.08820301294326782,0.0998053252696991,0.06136573478579521,0.10742050409317017
230,0.07324611395597458,0.09174782037734985,0.07100808620452881,0.06471219658851624,0.08986420184373856
231,0.058156151324510574,0.08220832794904709,0.08355250954627991,0.07996026426553726,0.07735046744346619
232,0.05062628909945488,0.09855726361274719,0.09897444397211075,0.06578517705202103,0.06651768833398819
233,0.056110769510269165,0.07884383946657181,0.09018201380968094,0.055386919528245926,0.081950344145298
234,0.045238714665174484,0.10255127400159836,0.08090715855360031,0.053804416209459305,0.0834689736366272
235,0.08940902352333069,0.09614206105470657,0.07577035576105118,0.054563771933317184,0.08953837305307388
236,0.10018288344144821,0.0835237130522728,0.06083739921450615,0.04707837104797363,0.10277525335550308
237,0.09877648204565048,0.07315011322498322,0.055616240948438644,0.0486910343170166,0.08855408430099487
238,0.08656316995620728,0.06075303629040718,0.051072388887405396,0.05751541256904602,0.0880209282040596
239,0.06020959094166756,0.054066792130470276,0.04076428338885307,0.06003224849700928,0.07903535664081573
240,0.08762820810079575,0.04763079062104225,0.03126901015639305,0.07120978087186813,0.08623594790697098
241,0.07374810427427292,0.07845715433359146,0.025948232039809227,0.04770774766802788,0.07069555670022964
242,0.05326899513602257,0.0766516774892807,0.02535177208483219,0.03710761293768883,0.05298580601811409
243,0.0428006686270237,0.09128908067941666,0.040871720761060715,0.04062650725245476,0.07302049547433853
244,0.062372837215662,0.07461917400360107,0.036609288305044174,0.025144020095467567,0.08421658724546432
245,0.05939546599984169,0.06729871034622192,0.04576520994305611,0.037658218294382095,0.07362139970064163
246,0.085672527551651,0.05292901769280434,0.021337762475013733,0.04455357417464256,0.06274300068616867
247,0.06272079795598984,0.06055152416229248,0.021500522270798683,0.03389739990234375,0.06406830996274948
248,0.09243185073137283,0.08887495845556259,0.027383098378777504,0.04117204621434212,0.04377890005707741
249,0.06996725499629974,0.07264219969511032,0.050539493560791016,0.04461617395281792,0.054051030427217484
250,0.06004542112350464,0.1112399771809578,0.06945604085922241,0.039126019924879074,0.0865190401673317
