Epoch,Repetition 1,Repetition 2,Repetition 3,Repetition 4,Repetition 5
0,61.51246303337558,60.77313054499366,67.2581326573722,61.111111111111114,63.49809885931559
1,75.0,70.33333333333333,71.33333333333333,73.66666666666667,76.33333333333333
2,73.66666666666667,60.333333333333336,48.0,49.0,46.0
3,48.0,18.0,60.666666666666664,40.0,27.333333333333332
4,54.333333333333336,42.0,70.0,67.33333333333333,72.0
5,72.66666666666667,54.0,74.66666666666667,81.33333333333333,73.33333333333333
6,81.0,65.33333333333333,76.0,80.33333333333333,72.66666666666667
7,82.0,76.0,81.33333333333333,87.66666666666667,72.0
8,80.33333333333333,81.33333333333333,85.33333333333333,89.0,76.0
9,84.66666666666667,81.66666666666667,87.33333333333333,89.0,75.66666666666667
10,86.33333333333333,83.0,89.33333333333333,90.66666666666667,75.66666666666667
11,86.0,85.0,88.33333333333333,90.33333333333333,78.0
12,87.66666666666667,86.66666666666667,88.33333333333333,91.0,76.66666666666667
13,86.66666666666667,86.0,88.66666666666667,90.33333333333333,78.0
14,87.33333333333333,87.66666666666667,88.33333333333333,91.0,77.66666666666667
15,88.33333333333333,86.66666666666667,89.0,91.0,78.0
16,88.0,89.0,89.66666666666667,90.66666666666667,77.66666666666667
17,87.66666666666667,89.66666666666667,89.66666666666667,91.33333333333333,78.33333333333333
18,87.33333333333333,89.66666666666667,89.66666666666667,90.0,78.0
19,89.33333333333333,91.0,90.0,90.33333333333333,78.33333333333333
20,88.66666666666667,90.0,88.66666666666667,91.66666666666667,78.0
21,89.33333333333333,89.66666666666667,91.33333333333333,91.66666666666667,77.33333333333333
22,89.33333333333333,88.33333333333333,90.33333333333333,92.33333333333333,78.66666666666667
23,90.0,89.0,90.0,91.66666666666667,77.66666666666667
24,89.33333333333333,89.33333333333333,90.0,91.0,78.0
25,88.0,89.66666666666667,90.66666666666667,92.0,77.66666666666667
26,88.66666666666667,90.0,90.33333333333333,91.33333333333333,77.66666666666667
27,89.66666666666667,89.0,91.66666666666667,91.33333333333333,78.66666666666667
28,90.66666666666667,89.33333333333333,91.33333333333333,91.33333333333333,79.0
29,90.33333333333333,90.0,91.0,91.66666666666667,78.0
30,89.66666666666667,90.0,92.0,91.66666666666667,78.0
31,89.33333333333333,91.0,91.0,91.66666666666667,78.0
32,90.66666666666667,89.33333333333333,91.0,91.66666666666667,79.66666666666667
33,90.0,88.33333333333333,91.66666666666667,92.0,76.0
34,89.0,89.33333333333333,91.0,91.66666666666667,78.0
35,90.33333333333333,89.33333333333333,90.66666666666667,92.0,78.0
36,89.66666666666667,89.0,92.66666666666667,91.66666666666667,78.0
37,90.33333333333333,90.33333333333333,92.0,91.33333333333333,78.0
38,90.33333333333333,90.0,91.33333333333333,92.33333333333333,78.33333333333333
39,90.0,89.33333333333333,90.33333333333333,91.0,78.0
40,90.0,90.33333333333333,91.33333333333333,92.66666666666667,79.66666666666667
41,91.0,90.33333333333333,91.66666666666667,91.33333333333333,79.33333333333333
42,89.66666666666667,90.33333333333333,91.33333333333333,91.33333333333333,78.33333333333333
43,91.0,89.33333333333333,91.0,91.33333333333333,78.33333333333333
44,89.66666666666667,89.33333333333333,90.66666666666667,92.0,78.66666666666667
45,90.66666666666667,89.66666666666667,91.33333333333333,91.33333333333333,78.33333333333333
46,90.66666666666667,90.0,91.33333333333333,92.33333333333333,80.66666666666667
47,90.0,90.66666666666667,92.0,92.0,78.0
48,90.66666666666667,89.33333333333333,90.66666666666667,92.0,78.33333333333333
49,89.66666666666667,90.33333333333333,91.66666666666667,91.33333333333333,78.33333333333333
50,91.33333333333333,89.66666666666667,90.0,91.66666666666667,78.66666666666667
51,84.83333333333333,85.33333333333333,85.33333333333333,85.83333333333333,78.0
52,76.66666666666667,85.16666666666667,78.83333333333333,78.0,74.83333333333333
53,75.5,87.83333333333333,84.66666666666667,85.66666666666667,82.83333333333333
54,83.16666666666667,85.66666666666667,82.83333333333333,80.33333333333333,76.5
55,86.66666666666667,85.33333333333333,85.16666666666667,87.5,83.83333333333333
56,87.66666666666667,86.66666666666667,85.83333333333333,86.33333333333333,85.66666666666667
57,88.0,87.33333333333333,88.5,89.83333333333333,86.5
58,90.83333333333333,90.33333333333333,90.0,91.33333333333333,86.83333333333333
59,89.33333333333333,92.16666666666667,90.5,92.83333333333333,88.16666666666667
60,84.66666666666667,91.5,85.66666666666667,93.16666666666667,87.0
61,89.0,92.66666666666667,90.83333333333333,94.16666666666667,89.16666666666667
62,92.33333333333333,93.33333333333333,91.0,94.16666666666667,87.83333333333333
63,91.83333333333333,94.16666666666667,91.33333333333333,92.83333333333333,89.66666666666667
64,92.16666666666667,93.83333333333333,89.16666666666667,94.5,88.5
65,91.33333333333333,93.0,91.33333333333333,93.16666666666667,89.83333333333333
66,90.83333333333333,92.66666666666667,89.16666666666667,93.66666666666667,90.83333333333333
67,92.66666666666667,94.16666666666667,92.66666666666667,94.0,90.66666666666667
68,91.33333333333333,95.16666666666667,92.83333333333333,95.5,91.33333333333333
69,89.33333333333333,94.66666666666667,93.33333333333333,91.33333333333333,91.5
70,93.0,94.16666666666667,93.33333333333333,93.0,93.0
71,88.5,94.33333333333333,94.33333333333333,91.33333333333333,91.33333333333333
72,92.0,93.5,95.16666666666667,93.33333333333333,90.16666666666667
73,93.16666666666667,95.83333333333333,94.66666666666667,92.66666666666667,91.33333333333333
74,94.16666666666667,96.16666666666667,96.0,93.83333333333333,93.66666666666667
75,93.0,96.16666666666667,94.83333333333333,93.0,91.16666666666667
76,94.66666666666667,96.66666666666667,95.0,94.0,92.83333333333333
77,94.16666666666667,96.0,95.0,94.66666666666667,95.16666666666667
78,93.5,96.83333333333333,95.16666666666667,93.66666666666667,95.33333333333333
79,94.33333333333333,96.66666666666667,96.33333333333333,95.16666666666667,92.33333333333333
80,95.16666666666667,95.33333333333333,91.5,95.66666666666667,92.83333333333333
81,95.83333333333333,97.33333333333333,91.83333333333333,96.5,94.0
82,92.5,96.83333333333333,95.83333333333333,96.83333333333333,94.5
83,95.33333333333333,95.83333333333333,95.16666666666667,95.5,93.5
84,92.5,96.83333333333333,94.66666666666667,93.66666666666667,95.33333333333333
85,93.66666666666667,96.83333333333333,94.33333333333333,95.5,93.33333333333333
86,91.5,96.66666666666667,95.5,96.83333333333333,94.66666666666667
87,94.16666666666667,97.33333333333333,97.0,96.83333333333333,93.66666666666667
88,93.83333333333333,98.5,97.0,96.33333333333333,93.0
89,93.66666666666667,98.0,95.83333333333333,97.5,96.66666666666667
90,94.33333333333333,98.33333333333333,97.66666666666667,95.66666666666667,95.5
91,95.5,99.16666666666667,97.66666666666667,96.83333333333333,96.16666666666667
92,94.33333333333333,98.0,96.66666666666667,97.0,92.0
93,95.0,98.0,94.5,97.16666666666667,95.83333333333333
94,93.66666666666667,96.83333333333333,96.5,96.0,94.33333333333333
95,94.66666666666667,99.0,96.16666666666667,94.83333333333333,97.16666666666667
96,95.66666666666667,99.0,98.5,95.83333333333333,96.83333333333333
97,96.5,99.0,99.0,96.16666666666667,97.33333333333333
98,95.5,98.33333333333333,98.5,96.66666666666667,98.0
99,95.5,98.16666666666667,96.16666666666667,96.66666666666667,97.16666666666667
100,94.83333333333333,99.33333333333333,97.66666666666667,96.83333333333333,97.0
101,79.77777777777777,84.55555555555556,74.88888888888889,77.55555555555556,82.88888888888889
102,65.77777777777777,61.888888888888886,66.77777777777777,67.33333333333333,62.111111111111114
103,84.77777777777777,81.55555555555556,76.11111111111111,86.77777777777777,76.11111111111111
104,89.33333333333333,88.66666666666667,82.88888888888889,90.0,82.33333333333333
105,90.77777777777777,91.44444444444444,88.88888888888889,91.55555555555556,87.44444444444444
106,92.0,92.22222222222223,92.66666666666667,92.33333333333333,89.11111111111111
107,92.44444444444444,93.44444444444444,92.66666666666667,92.77777777777777,89.66666666666667
108,93.0,92.77777777777777,93.66666666666667,92.77777777777777,91.44444444444444
109,93.33333333333333,94.11111111111111,94.33333333333333,93.11111111111111,90.44444444444444
110,94.0,95.33333333333333,93.88888888888889,94.0,90.55555555555556
111,94.44444444444444,94.44444444444444,95.0,94.55555555555556,92.33333333333333
112,94.77777777777777,95.0,95.22222222222223,94.66666666666667,92.66666666666667
113,95.11111111111111,96.11111111111111,95.44444444444444,94.88888888888889,92.88888888888889
114,95.88888888888889,95.44444444444444,95.11111111111111,94.55555555555556,94.33333333333333
115,94.66666666666667,95.66666666666667,95.55555555555556,94.55555555555556,93.55555555555556
116,95.55555555555556,94.66666666666667,96.11111111111111,95.22222222222223,94.88888888888889
117,96.0,95.88888888888889,96.11111111111111,95.55555555555556,95.0
118,95.88888888888889,96.11111111111111,96.44444444444444,96.0,95.11111111111111
119,96.11111111111111,96.77777777777777,95.88888888888889,97.0,94.55555555555556
120,95.66666666666667,97.0,96.55555555555556,96.66666666666667,94.0
121,95.66666666666667,97.33333333333333,97.22222222222223,97.11111111111111,95.11111111111111
122,95.0,97.22222222222223,97.22222222222223,96.88888888888889,96.0
123,96.0,95.77777777777777,96.88888888888889,97.0,95.77777777777777
124,96.66666666666667,96.33333333333333,97.11111111111111,97.0,95.77777777777777
125,97.88888888888889,97.22222222222223,98.22222222222223,97.88888888888889,96.11111111111111
126,97.33333333333333,97.33333333333333,98.55555555555556,97.55555555555556,96.44444444444444
127,97.22222222222223,97.55555555555556,97.88888888888889,98.11111111111111,95.44444444444444
128,97.66666666666667,98.11111111111111,97.77777777777777,98.77777777777777,96.88888888888889
129,97.33333333333333,98.22222222222223,97.66666666666667,99.44444444444444,96.77777777777777
130,98.11111111111111,99.11111111111111,97.88888888888889,95.66666666666667,97.66666666666667
131,97.88888888888889,99.0,98.22222222222223,95.88888888888889,96.77777777777777
132,96.77777777777777,94.77777777777777,98.11111111111111,96.55555555555556,95.88888888888889
133,96.11111111111111,95.11111111111111,95.55555555555556,95.55555555555556,98.11111111111111
134,96.44444444444444,96.66666666666667,97.33333333333333,96.88888888888889,96.33333333333333
135,95.44444444444444,97.44444444444444,97.33333333333333,96.77777777777777,93.55555555555556
136,96.88888888888889,97.55555555555556,97.55555555555556,97.44444444444444,93.22222222222223
137,96.55555555555556,96.11111111111111,98.11111111111111,97.33333333333333,95.88888888888889
138,97.33333333333333,98.55555555555556,98.11111111111111,98.22222222222223,96.0
139,98.0,99.0,98.55555555555556,98.55555555555556,96.22222222222223
140,97.66666666666667,98.55555555555556,99.11111111111111,98.0,96.22222222222223
141,98.33333333333333,99.11111111111111,99.55555555555556,98.66666666666667,96.0
142,99.33333333333333,98.88888888888889,99.66666666666667,98.88888888888889,97.11111111111111
143,98.88888888888889,99.55555555555556,99.33333333333333,98.55555555555556,96.44444444444444
144,99.22222222222223,99.66666666666667,99.33333333333333,98.11111111111111,97.66666666666667
145,98.77777777777777,98.0,99.33333333333333,98.77777777777777,98.0
146,97.77777777777777,99.44444444444444,98.88888888888889,98.88888888888889,98.44444444444444
147,97.66666666666667,96.44444444444444,99.33333333333333,99.11111111111111,98.44444444444444
148,98.33333333333333,96.88888888888889,99.44444444444444,99.11111111111111,96.22222222222223
149,98.77777777777777,97.55555555555556,99.55555555555556,98.55555555555556,94.0
150,99.33333333333333,98.55555555555556,99.33333333333333,99.0,96.66666666666667
151,71.08333333333333,72.08333333333333,60.166666666666664,86.58333333333333,69.0
152,62.583333333333336,54.25,82.91666666666667,87.41666666666667,84.08333333333333
153,85.25,86.83333333333333,89.16666666666667,90.83333333333333,86.66666666666667
154,89.16666666666667,90.0,90.5,91.25,88.91666666666667
155,90.33333333333333,90.83333333333333,90.33333333333333,92.25,90.33333333333333
156,92.41666666666667,91.75,88.33333333333333,93.25,92.0
157,92.91666666666667,93.83333333333333,90.58333333333333,93.66666666666667,92.66666666666667
158,93.75,93.16666666666667,92.33333333333333,94.83333333333333,92.91666666666667
159,93.58333333333333,93.41666666666667,94.08333333333333,94.0,93.08333333333333
160,93.91666666666667,94.41666666666667,94.16666666666667,95.08333333333333,92.91666666666667
161,93.91666666666667,94.41666666666667,94.75,95.25,94.16666666666667
162,93.25,95.75,95.25,95.0,94.33333333333333
163,93.75,96.16666666666667,94.25,96.0,93.91666666666667
164,94.66666666666667,96.41666666666667,94.91666666666667,95.41666666666667,95.75
165,94.41666666666667,96.08333333333333,96.25,96.25,92.75
166,95.5,95.25,94.0,94.25,94.75
167,95.41666666666667,96.16666666666667,95.08333333333333,95.08333333333333,95.5
168,95.41666666666667,95.0,95.25,96.58333333333333,95.25
169,96.25,95.25,95.5,95.91666666666667,95.75
170,94.91666666666667,94.33333333333333,94.83333333333333,96.0,94.66666666666667
171,94.75,96.83333333333333,95.91666666666667,97.0,94.75
172,96.16666666666667,96.91666666666667,97.0,97.41666666666667,95.08333333333333
173,95.66666666666667,96.83333333333333,97.16666666666667,96.08333333333333,94.75
174,95.91666666666667,97.75,96.83333333333333,96.41666666666667,96.41666666666667
175,96.5,97.41666666666667,96.91666666666667,96.58333333333333,97.16666666666667
176,95.41666666666667,97.58333333333333,97.5,97.83333333333333,97.5
177,95.83333333333333,96.25,95.66666666666667,97.16666666666667,97.16666666666667
178,95.5,96.66666666666667,96.16666666666667,96.16666666666667,94.91666666666667
179,95.08333333333333,98.0,94.41666666666667,96.33333333333333,95.33333333333333
180,96.25,98.08333333333333,95.83333333333333,96.0,95.66666666666667
181,96.5,97.91666666666667,97.75,98.0,96.33333333333333
182,96.25,98.41666666666667,97.25,96.58333333333333,96.66666666666667
183,96.75,97.75,98.08333333333333,97.66666666666667,96.5
184,97.33333333333333,97.33333333333333,98.08333333333333,97.58333333333333,96.25
185,96.66666666666667,98.16666666666667,97.41666666666667,97.58333333333333,95.58333333333333
186,97.83333333333333,98.33333333333333,97.75,97.5,96.41666666666667
187,97.5,96.66666666666667,97.91666666666667,98.33333333333333,96.33333333333333
188,97.33333333333333,97.08333333333333,98.41666666666667,98.58333333333333,95.16666666666667
189,95.66666666666667,97.25,99.0,98.0,96.0
190,97.41666666666667,97.58333333333333,98.33333333333333,96.75,94.66666666666667
191,97.25,98.25,97.58333333333333,97.41666666666667,96.0
192,96.91666666666667,97.58333333333333,96.25,97.16666666666667,97.5
193,97.16666666666667,98.91666666666667,90.75,95.25,96.5
194,95.0,97.66666666666667,93.0,96.0,97.5
195,93.25,96.16666666666667,95.58333333333333,96.91666666666667,96.41666666666667
196,93.83333333333333,98.16666666666667,95.5,97.66666666666667,97.16666666666667
197,95.33333333333333,94.75,96.33333333333333,96.25,97.41666666666667
198,95.25,96.75,95.66666666666667,96.58333333333333,97.16666666666667
199,97.0,96.83333333333333,98.0,96.91666666666667,98.0
200,95.91666666666667,97.33333333333333,98.16666666666667,96.25,98.16666666666667
201,71.33333333333333,63.333333333333336,82.4,85.06666666666666,84.26666666666667
202,66.33333333333333,47.666666666666664,84.06666666666666,90.6,92.06666666666666
203,86.4,77.8,90.13333333333334,92.8,90.8
204,89.33333333333333,85.73333333333333,92.46666666666667,92.93333333333334,92.06666666666666
205,91.8,89.06666666666666,92.93333333333334,93.4,93.0
206,92.73333333333333,90.93333333333334,93.46666666666667,94.6,93.6
207,93.46666666666667,92.93333333333334,93.8,93.93333333333334,93.8
208,94.86666666666666,93.2,93.86666666666666,94.06666666666666,94.33333333333333
209,93.8,93.26666666666667,94.46666666666667,94.2,94.8
210,95.93333333333334,94.0,94.8,95.26666666666667,95.86666666666666
211,95.06666666666666,94.26666666666667,95.73333333333333,95.2,95.2
212,95.6,95.0,96.13333333333334,95.86666666666666,94.66666666666667
213,95.06666666666666,93.86666666666666,96.66666666666667,96.33333333333333,94.73333333333333
214,94.46666666666667,94.13333333333334,96.4,95.8,95.2
215,95.73333333333333,94.33333333333333,96.0,95.06666666666666,93.06666666666666
216,95.13333333333334,95.13333333333334,96.8,96.13333333333334,94.2
217,96.26666666666667,95.8,97.4,95.8,95.2
218,96.4,95.4,97.86666666666666,96.66666666666667,95.6
219,96.86666666666666,95.86666666666666,96.33333333333333,97.26666666666667,96.13333333333334
220,96.8,96.13333333333334,96.86666666666666,97.6,96.0
221,96.53333333333333,95.06666666666666,96.2,96.26666666666667,95.73333333333333
222,96.4,93.93333333333334,96.33333333333333,95.93333333333334,95.93333333333334
223,97.2,94.33333333333333,97.33333333333333,95.46666666666667,95.53333333333333
224,96.8,95.8,97.86666666666666,96.66666666666667,96.13333333333334
225,96.66666666666667,96.26666666666667,97.26666666666667,97.4,96.33333333333333
226,96.73333333333333,96.4,96.0,97.26666666666667,95.4
227,97.66666666666667,96.4,95.53333333333333,97.26666666666667,96.26666666666667
228,98.0,96.66666666666667,95.33333333333333,98.13333333333334,96.46666666666667
229,97.2,96.93333333333334,95.73333333333333,98.13333333333334,96.0
230,97.53333333333333,96.8,97.06666666666666,97.6,96.73333333333333
231,98.06666666666666,96.8,96.6,97.46666666666667,97.06666666666666
232,98.73333333333333,96.26666666666667,95.66666666666667,97.73333333333333,97.6
233,98.13333333333334,97.06666666666666,97.0,98.26666666666667,96.73333333333333
234,98.73333333333333,95.86666666666666,97.6,98.4,96.73333333333333
235,96.53333333333333,96.6,97.06666666666666,98.4,96.93333333333334
236,95.93333333333334,96.8,98.0,98.66666666666667,95.33333333333333
237,96.13333333333334,96.93333333333334,98.0,98.4,96.26666666666667
238,96.66666666666667,98.0,98.6,97.93333333333334,96.4
239,98.0,98.4,98.46666666666667,97.93333333333334,97.06666666666666
240,96.66666666666667,98.86666666666666,98.93333333333334,97.06666666666666,96.86666666666666
241,97.33333333333333,97.13333333333334,99.33333333333333,98.53333333333333,97.73333333333333
242,98.33333333333333,97.46666666666667,99.26666666666667,99.2,98.06666666666666
243,98.86666666666666,96.06666666666666,98.73333333333333,98.86666666666666,97.46666666666667
244,97.66666666666667,97.2,99.06666666666666,99.6,96.73333333333333
245,97.8,97.26666666666667,98.73333333333333,98.8,97.26666666666667
246,96.86666666666666,98.33333333333333,99.66666666666667,98.2,97.6
247,98.06666666666666,98.2,99.4,98.86666666666666,97.73333333333333
248,96.6,96.13333333333334,99.0,98.8,98.6
249,97.8,97.4,98.06666666666666,98.4,98.46666666666667
250,98.0,96.26666666666667,97.26666666666667,98.66666666666667,97.2
