Epoch,Train Loss,Train Accuracy,Val Loss,Val Accuracy
0,1.681522491492347,2.4073183345186924,1.6186523849711765,2.7207369970557522
1,0.3054281887753799,2.231093404090869,48621.892800672365,1.174482467258133
2,0.2699776140352027,10.412385787022004,20066603.500248577,7.105427357601002e-15
3,1.242620736134347,15.022353714085922,2004769.6695922106,4.190959019856359
4,0.27898261964545806,11.37951375645433,149620.43688756338,4.190959019856359
5,0.11675103166564214,9.135036337579006,23529.320275209848,4.190959019856359
6,0.07796753602717647,5.73255808712151,5022.372517386792,4.190959019856359
7,0.07792064936487207,5.37318444789597,1402.3344575772826,4.190959019856359
8,0.07039491871869252,4.439219150556398,458.57249853487815,4.182509505703422
9,0.07334688739118297,4.709328803319827,190.91187280919445,4.140261934938741
10,0.07780145779811072,5.362420680584053,91.38561556832754,3.8225064123993544
11,0.08023881498315737,4.198412398355676,34.8268476488336,3.8866157825734136
12,0.07962356130153021,4.914377998395229,15.626719376399217,12.224080360748069
13,0.07848445181062919,4.249967320135794,7.823234758314425,15.415995584934644
14,0.07911988610061566,4.552898954390364,4.131295898885585,13.656172894811291
15,0.08792853521172188,4.518603520754811,2.3668273162438225,12.622082383413742
16,0.08450678615338235,4.746928831711439,1.5177398799136812,12.315008176744778
17,0.08666630056808107,4.647580015448902,0.9241443224693752,10.4257846039826
18,0.09160105746727012,4.567518168789505,0.6295595645731668,9.073973729938244
19,0.0923024998555656,4.763752022653294,0.40496935265749423,8.1991270238258
20,0.09044842606588553,4.827697864061781,0.2974025938363136,7.377338017567111
21,0.09399439828426644,5.3441556863549575,0.2160104676840672,6.33908715198101
22,0.08807411576557912,4.754413154580112,0.16772943316375685,5.633969781536981
23,0.08993707337282499,5.072803301265812,0.13769372306158345,4.887947172416812
24,0.09417171667040262,4.805552344250692,0.1144434038741207,4.430217333146608
25,0.09649761889592648,5.135497379352201,0.10013344272854748,4.058349234167403
26,0.09057232498490954,5.039400317057132,0.0866659103035883,3.7733490613994456
27,0.08627272658430711,4.804627399127265,0.07869138792761515,3.5458122125957057
28,0.09258589880915159,4.723463889044893,0.07217136063605842,3.3997195338147455
29,0.09769495022766245,5.132034467711395,0.06587194916325013,3.216130836864763
30,0.09606337767958285,5.212804747286564,0.06599774236448813,3.017180596615889
31,0.09200174359417783,5.157949635702587,0.06135814831647013,2.8621100042963867
32,0.0920874588337445,4.465173879904093,0.06027407143296714,2.7907198812749225
33,0.09487994985330546,5.945680037734213,0.0569751770080856,2.7817515081596813
34,0.09401833605717383,5.000444424693114,0.05668839432725165,2.660510370271621
35,0.09019415736053472,5.10511725842044,0.05687118773661152,2.5835900787656056
36,0.09118882749307633,5.268775948927797,0.05413425454117048,2.571402481216401
37,0.09542410510684275,5.238320341483517,0.05487314725967996,2.541871711609606
38,0.09322425439883568,5.132034467711395,0.05390643544825792,2.5357905607732505
39,0.09057479376260351,4.896257073860943,0.0529233508527459,2.4989357754657053
40,0.09146570398347426,4.659995231280344,0.051060620596940276,2.536670240925201
41,0.09184055977487311,4.7206402578934625,0.05421663692451312,2.5586337095923706
42,0.09230187197140119,4.9737086542918645,0.05196431548915995,2.5316977953598645
43,0.09279998600896196,4.982636517614613,0.05526746378382424,2.5158632355562487
44,0.0932563418988988,4.7907317928591135,0.05304328167332425,2.5161753703569287
45,0.09228774805478238,5.003998401278722,0.05282733669530094,2.508004541059275
46,0.08791561281472828,4.237399621885518,0.05423347197236897,2.509043355763632
47,0.0962592219608506,5.323323940713902,0.056034694317370626,2.483064806719511
48,0.09233643961480982,5.004886501099592,0.05426785721592491,2.472800518270081
49,0.09301632097198179,5.01730339259381,0.05118333449985722,2.4710531548586454
50,0.09185064225538753,4.859812524962024,0.049965750180959,2.4842864868951327
51,0.10876575089448037,2.9503295484478396,0.19842521581771366,12.32493936375673
52,0.027801672022345913,3.504600151546854,3.95689133399118,14.264018731350243
53,0.07009709201741184,4.220847729491737,0.268908362790564,7.500501453750404
54,0.048326026300272405,3.1008959278820645,1.1384290995383493,11.275611498415909
55,0.05692142344944801,1.2710450643291766,0.5382915549422546,12.623722603952748
56,0.03761074778046521,0.7118052168020893,0.25728151152698,15.613479030403354
57,0.06171506303801227,1.1224972160321813,0.18099311698470813,13.773375461058993
58,0.04369407510960824,1.582543662729229,0.2539206866737418,16.084996795867333
59,0.05944638241499766,1.730767331432955,0.36662653897725433,15.983773086127945
60,0.05915173718376442,3.3376638536557266,0.46083320960654567,16.65555811840912
61,0.05083417176180247,2.0027758514399747,0.4136693209475928,17.870880236928382
62,0.03902422255767095,2.2176063171306546,0.3509828242951496,16.17371427374613
63,0.04513863269419749,1.5033296378372907,0.21588129288957514,15.280972626191287
64,0.05208293796267878,2.418447619628939,0.2505256982412578,15.813864505907729
65,0.03587542043854576,1.231981240838425,0.2564859252816796,12.850620765279974
66,0.03890859558534245,1.5726834816113946,0.2562129682442853,16.16645456765395
67,0.043406007025190624,1.256096245427784,0.15580613377651303,16.023325672557345
68,0.0524653733324969,1.8030837781731393,0.20509761566961954,14.23019853163372
69,0.04618353995220515,1.8269586141392986,0.14809554903726208,12.97219623432131
70,0.021431853971818262,0.45215533220835297,0.3638439064804675,13.594185126195892
71,0.03394878813021153,2.1919042963698114,0.17080333275162765,10.655148922319205
72,0.03217372951429148,1.6699966733167126,0.18526973472555464,10.660355574731295
73,0.038822802939371244,1.568438714135812,0.32869643639333557,12.848114896901702
74,0.039684123535624304,1.0883218478209677,0.6061751343527028,14.762176621123917
75,0.03215455720463532,1.7172329163188338,0.4065368624058163,12.22051715898036
76,0.023322269205248804,1.2578641509408834,0.14110780989099292,10.158266523515175
77,0.025913119085855425,0.6055300708194967,0.2327449561981946,6.840694513250827
78,0.021411281349927615,1.2229290885229402,0.16594789963965875,2.056089919388448
79,0.03785003558610312,1.5577761927397253,0.18372785958732674,8.65418981251149
80,0.028766693618274355,1.641814714136635,0.34223980945028265,14.19255940695287
81,0.03701296619704823,1.968078589216735,0.41221236411896445,18.73389723537244
82,0.037223034131187244,1.6411378166788206,0.3852512194746582,15.513895895999921
83,0.024222267797051434,0.8137703743822458,0.35921086279730524,17.93568658664989
84,0.018581794048484018,1.4704496666741826,0.39770567279201474,9.82257746522144
85,0.024905979483643908,1.2849556844930912,0.558478997879491,16.195817709526388
86,0.05566165816886264,1.9362047641943472,0.1966737749585432,8.894607739765263
87,0.03283668474924813,1.5542057635832984,0.31949109107863255,14.185238282724486
88,0.03185333058886691,2.034698994937581,0.6207476448302256,14.126651464928335
89,0.039079034909881634,1.5238839267549935,0.4477410544455943,16.561686829705973
90,0.04364663706966685,1.4772346537440229,0.18344415506968031,11.319364442795232
91,0.030282470240775895,1.2719189352225957,0.07891752227415542,3.7260920394536514
92,0.05857662964298636,2.1643577440997244,0.0843121997732917,4.243839456114119
93,0.02151812705755554,1.3106402167558342,0.08103801197377153,7.47697263905195
94,0.03803405076708337,1.2445436468396298,0.267830443221165,12.215182096901026
95,0.04900366254544524,1.6034684627740925,0.4139821064282945,12.931828899337484
96,0.03754204905384767,1.36218778278017,0.47156167108450975,12.231758158466139
97,0.029653445506137254,1.204620733306176,0.2725676797902755,11.446885549083609
98,0.033926976169629856,1.1479450238481697,0.5943242007177526,13.572170028510868
99,0.027908645041615738,0.9043106644167037,0.42930922233533575,12.280238824819737
100,0.024400302194898724,1.4506703431325967,0.551716731111279,17.52343271422375
101,0.1788898991993771,3.4992768212310583,8.39216815899362,1.9655338934437026
102,0.04909503174630373,2.3232586735440197,4.397477051851489,9.665861961061408
103,0.08379769315255056,4.375916129830256,7.07854805799886,12.869313237232346
104,0.07137393858581817,3.324729637202676,2.763793244650038,12.977953139549886
105,0.03935628318633971,1.604622950980951,1.3469562163289204,11.250365480766776
106,0.018219851101263094,1.2957670877433995,0.8203536727094082,2.308766930545675
107,0.017806383599220266,1.3097921802925645,0.17580155716330653,1.5606803884909493
108,0.015051692979745505,0.7221367470787536,0.016961997299294814,1.507948314117001
109,0.03170205614882617,1.3888444437333107,0.031100722314100226,1.307533308031601
110,0.03214475201642566,1.5916448515084411,0.24462272298862028,12.095435978472352
111,0.025435691421540275,0.9338622839755882,0.0484902968923957,2.107912473606239
112,0.019054390170072162,0.920010735310419,0.2070831205679797,14.595917563184923
113,0.01655097308295277,1.0818365728567205,0.19522584911193996,14.661863462155265
114,0.01239760519809112,0.5691665988829198,0.13265597431376303,12.676991680997752
115,0.008249411829518792,0.7678734463631559,0.09874749142479065,10.550466146850729
116,0.010113640102981257,0.5096597751635432,0.19864168524034478,15.282007462130782
117,0.013761258748396364,0.40123266856150663,0.16497437720349037,14.738114562951825
118,0.013640654430276776,0.4410985164728701,0.23966833681017558,20.964247564822564
119,0.01857696318897049,0.8595146491472748,0.2244345217706741,16.695149532765335
120,0.016878130367548098,1.082749130229319,0.3130518358066756,20.868818674566196
121,0.01984505873158188,0.9178611745805936,0.3314578721691857,19.874422115373502
122,0.022218879762153386,0.8589399151150103,0.5613057764865678,18.74915299917866
123,0.012250350192321196,0.5425135829214996,0.5406703088990144,22.329843122599073
124,0.014499491281550309,0.48381202349060876,0.5199001342148083,21.197717683923734
125,0.014583633946473579,0.7516237566794551,0.49512754208327614,20.276059520107154
126,0.01709097768898529,0.6740333728045836,0.5609513087910724,22.832224236823777
127,0.019855852471319903,0.9490736224027839,0.6638613318561627,22.33174381211656
128,0.011907657564615988,0.6150378890265791,1.0252634378639058,20.39565264717002
129,0.01761227415300433,0.9081251885201151,1.258519818683138,18.376913385643714
130,0.02551851262400895,1.1252434578819694,1.0083086965857744,19.14549903600739
131,0.023405522400235697,1.097696803131422,0.6084164556838711,16.557682680636727
132,0.02198797624290161,1.0940918777858848,0.6526723249270665,17.825641447371012
133,0.018535391027275232,1.0596994682281216,1.3765365487256005,16.176178322858508
134,0.0088909058517806,0.3555555555555548,1.5875643437268714,18.660721877722857
135,0.04018982759544862,1.4622830112321847,0.5611487735125796,14.206983045511015
136,0.02982369397438176,1.6739101853570182,0.07521544866291299,3.1074976600195154
137,0.022698291354547494,0.8207193472275288,0.22349270537882415,11.621957336527139
138,0.022691147624233087,0.9146273612114096,0.44311665947331497,15.365947357727755
139,0.023462792086318414,0.9752492558885175,0.5456395775859013,16.896433049555867
140,0.019236418517172244,0.9772725967687107,0.24598342943184445,12.43797040275755
141,0.023355265727670216,1.2372809695177838,0.44665222158159273,17.967347973774224
142,0.018078197313276544,0.8833158628600786,0.35880065790182414,18.293796232042812
143,0.023588340453602835,1.1111111111111112,0.3504046005406474,16.61767475788467
144,0.019660667164320803,0.7710822921287757,0.20955992469773596,14.412078721094094
145,0.010518008117466901,0.5135208892573907,0.12372838468821296,9.023861567704737
146,0.01933653846180126,0.55511093319097,0.47701564639327965,17.15942907542455
147,0.02376187204110409,1.0526861584290672,0.44595487124022587,17.479503413470578
148,0.031017281704130536,1.2511722898008206,0.5038073297516004,16.78167214375063
149,0.03687835524457093,1.9517640011152428,0.16916845272487824,7.780846489395863
150,0.02846394809519385,0.997280252102969,0.27359051065081286,7.172057412055257
151,0.13544305182317987,8.51250713819247,28.575845323998205,3.819180397127167
152,0.1716587559682103,13.276127280029955,192.89166708030396,4.266594700616005
153,0.038298866225750954,1.9888578520235054,53.86332331098885,15.38709306807653
154,0.03257216856091138,0.8573214099741102,9.584998676786604,14.857434533295528
155,0.028609424266904906,0.7423685817106713,3.7717316039935933,6.874844264371684
156,0.03492961714310691,1.6870421189499445,0.8997455000323474,15.910754864176802
157,0.02590927898636385,1.161177563223359,0.25475459302794223,12.148636991119508
158,0.015594932083900708,0.8488554385497884,0.2784099107342555,17.02252823450288
159,0.014608459349166561,0.37118429085533466,0.3563712806836056,20.266417301319073
160,0.027079349907621827,0.7078920193865075,0.33482830622964166,16.645293039714193
161,0.013069387791192252,0.4654746681256294,0.4862084957913113,20.92037850588497
162,0.023764001514244185,0.8637772346566629,0.3961544604958013,16.414355106218306
163,0.023749032290837812,1.0480139948174998,0.5745593657275739,16.805665204988813
164,0.015730839707372452,0.620035841257942,0.4289667618541433,16.845539556650845
165,0.020291616613643544,1.3848385385227313,0.5653635846248873,17.391927692224353
166,0.015856369227368383,0.570087712549569,0.17969342546460948,13.161380234767222
167,0.00951811604287244,0.39651257511234733,0.2856627200771719,15.206698393395833
168,0.013364737940045992,0.5577733510227151,0.566509801097751,17.822403994449875
169,0.01673307832589847,0.34318767136623385,0.13881274983315006,9.155065156188911
170,0.016480941172193744,0.5617433182117579,0.44124500442716685,17.90828927853109
171,0.02333880819878568,0.9709674442419665,0.07602264623870301,4.094114407837327
172,0.019279015662056146,0.8222597589029368,0.47912819834326387,11.339861857123447
173,0.021149110342486094,0.8586164581594171,0.19740438824515222,9.744742653411103
174,0.016611494836721575,0.614636297152857,0.0837677531888864,4.456475945619371
175,0.015900879010341644,0.3456073558887983,0.9062834271229332,18.387230018303423
176,0.024191370570045063,0.8834905520465685,0.5657663061321201,18.783303220269307
177,0.0157188380556345,0.6411794687223802,0.36056434963400147,18.35390464403784
178,0.021094742836504945,0.6091888960832361,0.1778896410304191,8.81630380444637
179,0.028612156902945454,1.2461050428345823,0.316780999766408,10.045251728834971
180,0.025497868996639125,0.8797095480264411,0.07312935556486821,3.825157676623233
181,0.02150080331934209,0.7276293317647712,0.1999849417066236,8.661143560759495
182,0.01746433072842351,0.7630348761506416,0.538460037456099,16.38116528872496
183,0.01430325275602237,0.613278983099136,0.16927302238722267,10.15395205191088
184,0.01661930641920769,0.59953685828683,0.43189378592012106,12.294381358795968
185,0.018270142772973067,0.8897565210026114,0.22627239160138932,13.516241221736069
186,0.020747345022934027,0.635522532164584,0.2265038730182281,6.833293497162711
187,0.018836388751999764,0.7498147919467995,0.1036118642627445,5.58537172540613
188,0.022777156781354054,1.2240642684652343,0.04519577076019711,2.3789321619042294
189,0.02740861962547122,1.238726945070802,0.20696248089424357,5.124499723360663
190,0.02928459127994715,1.247887103155656,0.3632422018384277,13.395767376146882
191,0.01758698005775961,0.7333333333333332,0.4028669445261536,7.845427354357763
192,0.013288306141522713,0.48016200969626327,7.934493975670357,15.173752462300627
193,0.06315404765475138,2.7510604016148648,10.141917605515362,14.884961367940933
194,0.04075998839049372,1.7256238807393056,1.4301222092572128,7.302656059071741
195,0.04080574442420459,1.2823589374447582,0.595202297106761,11.31956154327127
196,0.0329675194942187,1.5930404193798064,0.6767369526071039,12.40855385215895
197,0.02444775910229553,0.9149984820873888,0.07299477632996632,3.480353751351272
198,0.019063117357578874,0.7121953539740499,0.04530779818488112,1.224815294830942
199,0.01563921210589782,0.5333333333333334,0.18283349892836742,11.82770977032772
200,0.016081067205058842,0.9413347497628631,0.21082065038751818,7.025111742218439
201,0.15112424035599809,8.55023326517405,6.89513262691335,13.006814714047872
202,0.23740812202141814,16.92621372638048,33.89519861986813,17.678430234821974
203,0.1084734048895925,5.313697185367056,18.593988555102232,10.015672152139471
204,0.07058856108478632,2.6953787612628153,3.646109817796732,17.07664056260847
205,0.04482033004949369,1.5790855300176492,0.2864904045421586,7.783080438392742
206,0.031151569401643382,1.221292575739142,0.7629624799831585,13.843046907786919
207,0.016832624875668906,0.3612324582438403,0.2534502478457175,8.910342195223413
208,0.013328482182752207,0.5481281277625163,0.11625668472396959,5.71048085303713
209,0.01342668905627146,0.5326662494783517,0.27473667905833216,15.398236348566517
210,0.016322906765684576,0.7187643718369894,0.4632660952448811,18.17988421048572
211,0.01404403156607034,0.47253453724451694,0.36233959740002925,17.156433149631066
212,0.014310042839965688,0.5438954147832293,0.18771776910495072,15.87915623374797
213,0.02350918062201816,1.035374328443585,0.10136473030752421,9.426581472864633
214,0.021785446507130827,0.8337332373793849,0.05631048043477734,5.060165641909894
215,0.02396215635995216,1.0579645026601283,0.07043165569244271,3.7244151065410604
216,0.01889465097406047,0.8997777503361576,0.13223493585260176,13.159276705528903
217,0.01614016593620716,0.735874385415822,0.12200178199936944,11.690578436292446
218,0.01609359284360784,0.8787870428418155,0.16074581570401544,15.59803198472126
219,0.015481817136168809,0.507017422448841,0.1885807485365985,16.66542489522803
220,0.012854659062270122,0.5756542171979404,0.3326277368958328,15.460160115686358
221,0.012412509328527513,0.5157087894883667,0.24286605938637304,12.359408228732109
222,0.020634541302456393,0.9078423749626232,0.17502601143985458,5.684259535918302
223,0.02645156250476447,1.1396685678057663,0.0871602198449667,4.92222093839399
224,0.017216453387749443,0.7060374557265962,0.5306058745943519,16.23579476268679
225,0.01262012271874915,0.46837781520667676,0.8043934028118698,15.929849783241279
226,0.010416894214293721,0.6347002792219664,0.2782511783930178,12.298383228029456
227,0.020786855770616505,0.7573051637953575,0.6549584544323507,10.390131903402997
228,0.018185654190494286,1.0417079991799818,0.08787100484063323,5.0109715277708995
229,0.017754489802789333,0.8640987597877169,0.12897765203080752,9.760538480903833
230,0.010749390190712855,0.3612324582438404,0.23913201326169323,11.520948954435166
231,0.009286470457097249,0.5215361924162127,0.10541052147087059,6.056695791445638
232,0.01936334054861111,1.09706679630529,0.21048794317025094,7.903473828095594
233,0.014168070997159844,0.6318930992572167,0.11115266648610768,3.8891636834495644
234,0.02090153761126442,1.0574602698079152,0.47522182846611444,14.025795190337762
235,0.014826226440655054,0.6767241354906443,0.16267391608516057,8.451231342196165
236,0.0218322655385544,1.2425064274369881,0.17044836314784975,4.255192441173845
237,0.018970983094091325,0.9105797908780733,0.33862757983881686,7.745951253986206
238,0.01543591199239518,0.8426413498306611,0.10134913457758873,4.889487882734272
239,0.012334204694492269,0.499955553580074,0.19368204424402757,6.019032030929968
240,0.02209443880815898,1.0043461112142122,0.10731113288936367,5.44512679813787
241,0.0197601775642488,0.815843122174843,0.49569414040184084,13.66964922292487
242,0.017316853174752907,0.6863753427324671,0.4240623204222555,16.01072906163332
243,0.020782813963966088,1.1011105505100034,1.025630367599906,17.68689693579114
244,0.02240445985952233,1.0990096551997235,0.3091223698344329,9.47592387377328
245,0.013327262474286044,0.6767241354906411,0.0748089447474088,2.474914476614676
246,0.021143626546084118,0.9256829310778589,0.23212627466013985,7.4352195829776155
247,0.017504507704422426,0.5998518335574404,0.3966569039130322,12.667244919029972
248,0.026679500063419594,1.2078263304152794,0.3248464760718961,9.46793793612231
249,0.011021159999371252,0.39463062898529977,0.3655496153180545,6.596503284240122
250,0.02438238344459914,0.8092795149596558,0.5811512104469049,12.628444118135851
